Timestamp,DateTime,TEC1_Gain16(V),TEC1_Gain8(V),TEC1_Gain4(V),TEC1_Gain2(V),TEC1_Gain1(V),TEC1_Optimal(V),TEC1_OptimalGain,TEC2_Gain16(V),TEC2_Gain8(V),TEC2_Gain4(V),TEC2_Gain2(V),TEC2_Gain1(V),TEC2_Optimal(V),TEC2_OptimalGain,TEC3_Gain16(V),TEC3_Gain8(V),TEC3_Gain4(V),TEC3_Gain2(V),TEC3_Gain1(V),TEC3_Optimal(V),TEC3_OptimalGain,TEC4_Gain16(V),TEC4_Gain8(V),TEC4_Gain4(V),TEC4_Gain2(V),TEC4_Gain1(V),TEC4_Optimal(V),TEC4_OptimalGain,TEC5_Gain16(V),TEC5_Gain8(V),TEC5_Gain4(V),TEC5_Gain2(V),TEC5_Gain1(V),TEC5_Optimal(V),TEC5_OptimalGain,TEC6_Gain16(V),TEC6_Gain8(V),TEC6_Gain4(V),TEC6_Gain2(V),TEC6_Gain1(V),TEC6_Optimal(V),TEC6_OptimalGain,TEC7_Gain16(V),TEC7_Gain8(V),TEC7_Gain4(V),TEC7_Gain2(V),TEC7_Gain1(V),TEC7_Optimal(V),TEC7_OptimalGain,TEC8_Gain16(V),TEC8_Gain8(V),TEC8_Gain4(V),TEC8_Gain2(V),TEC8_Gain1(V),TEC8_Optimal(V),TEC8_OptimalGain
1765339663.2566562,2025-12-10 12:07:43,-0.000500000,-0.000500000,-0.000500000,0.000000000,0.000000000,-0.000500000,16,-0.000125000,-0.000250000,0.000000000,0.000000000,0.000000000,-0.000125000,16,0.000289062,0.000281250,0.000281250,0.000250000,0.000375000,0.000289062,16,0.000062500,0.000062500,0.000062500,0.000062500,0.000125000,0.000062500,16,0.000312500,0.000312500,0.000312500,0.000312500,0.000375000,0.000312500,16,0.000218750,0.000218750,0.000218750,0.000187500,0.000250000,0.000218750,16,0.000492188,0.000484375,0.000500000,0.000500000,0.000500000,0.000492188,16,0.000492188,0.000484375,0.000500000,0.000500000,0.000500000,0.000492188,16
1765339674.0401564,2025-12-10 12:07:54,-0.000375000,-0.000500000,-0.000500000,0.000000000,0.000000000,-0.000375000,16,-0.000125000,-0.000250000,0.000000000,0.000000000,0.000000000,-0.000125000,16,0.000476562,0.000468750,0.000468750,0.000437500,0.000500000,0.000476562,16,0.000351562,0.000343750,0.000343750,0.000312500,0.000375000,0.000351562,16,0.000351562,0.000359375,0.000343750,0.000375000,0.000375000,0.000351562,16,0.000250000,0.000250000,0.000250000,0.000250000,0.000250000,0.000250000,16,0.000515625,0.000515625,0.000500000,0.000500000,0.000500000,0.000515625,16,0.000570312,0.000562500,0.000562500,0.000562500,0.000625000,0.000570312,16
1765339684.8204947,2025-12-10 12:08:04,-0.000500000,-0.000500000,-0.000500000,0.000000000,0.000000000,-0.000500000,16,-0.000250000,-0.000250000,0.000000000,0.000000000,0.000000000,-0.000250000,16,0.000484375,0.000484375,0.000468750,0.000500000,0.000500000,0.000484375,16,0.000375000,0.000375000,0.000375000,0.000375000,0.000375000,0.000375000,16,0.000460938,0.000468750,0.000468750,0.000437500,0.000500000,0.000460938,16,0.000351562,0.000359375,0.000343750,0.000375000,0.000375000,0.000351562,16,0.000531250,0.000531250,0.000531250,0.000562500,0.000625000,0.000531250,16,0.000656250,0.000671875,0.000656250,0.000687500,0.000625000,0.000656250,16
1765339695.6664793,2025-12-10 12:08:15,-0.000375000,-0.000500000,-0.000500000,0.000000000,0.000000000,-0.000375000,16,-0.000125000,0.000000000,0.000000000,0.000000000,0.000000000,-0.000125000,16,0.000343750,0.000343750,0.000343750,0.000312500,0.000375000,0.000343750,16,0.000234375,0.000234375,0.000250000,0.000250000,0.000250000,0.000234375,16,0.000437500,0.000437500,0.000437500,0.000437500,0.000500000,0.000437500,16,0.000296875,0.000296875,0.000312500,0.000312500,0.000250000,0.000296875,16,0.000484375,0.000468750,0.000500000,0.000437500,0.000500000,0.000484375,16,0.000585937,0.000578125,0.000562500,0.000562500,0.000625000,0.000585937,16
1765339706.5163188,2025-12-10 12:08:26,-0.000375000,-0.000250000,-0.000500000,0.000000000,0.000000000,-0.000375000,16,0.000000000,0.000000000,0.000000000,0.000000000,0.000000000,0.000000000,16,0.000320313,0.000328125,0.000312500,0.000312500,0.000375000,0.000320313,16,0.000203125,0.000203125,0.000187500,0.000187500,0.000250000,0.000203125,16,0.000312500,0.000296875,0.000312500,0.000312500,0.000250000,0.000312500,16,0.000218750,0.000203125,0.000218750,0.000250000,0.000250000,0.000218750,16,0.000445313,0.000437500,0.000437500,0.000437500,0.000500000,0.000445313,16,0.000484375,0.000484375,0.000500000,0.000500000,0.000500000,0.000484375,16
1765339717.3617342,2025-12-10 12:08:37,-0.000500000,-0.000500000,-0.000500000,0.000000000,0.000000000,-0.000500000,16,-0.000125000,-0.000250000,0.000000000,0.000000000,0.000000000,-0.000125000,16,0.000460938,0.000468750,0.000468750,0.000500000,0.000375000,0.000460938,16,0.000406250,0.000406250,0.000406250,0.000437500,0.000375000,0.000406250,16,0.000500000,0.000500000,0.000500000,0.000500000,0.000500000,0.000500000,16,0.000390625,0.000375000,0.000375000,0.000375000,0.000375000,0.000390625,16,0.000539063,0.000531250,0.000531250,0.000500000,0.000500000,0.000539063,16,0.000625000,0.000625000,0.000625000,0.000625000,0.000625000,0.000625000,16
1765339728.267989,2025-12-10 12:08:48,-0.000375000,-0.000500000,-0.000500000,0.000000000,0.000000000,-0.000375000,16,-0.000125000,0.000000000,0.000000000,0.000000000,0.000000000,-0.000125000,16,0.000351562,0.000359375,0.000343750,0.000312500,0.000375000,0.000351562,16,0.000218750,0.000218750,0.000218750,0.000250000,0.000250000,0.000218750,16,0.000445313,0.000437500,0.000437500,0.000437500,0.000375000,0.000445313,16,0.000296875,0.000296875,0.000281250,0.000312500,0.000375000,0.000296875,16,0.000429688,0.000437500,0.000437500,0.000437500,0.000375000,0.000429688,16,0.000390625,0.000390625,0.000375000,0.000375000,0.000375000,0.000390625,16
1765339739.1144745,2025-12-10 12:08:59,-0.000375000,-0.000500000,-0.000500000,0.000000000,0.000000000,-0.000375000,16,0.000000000,0.000000000,0.000000000,0.000000000,0.000000000,0.000000000,16,0.000421875,0.000421875,0.000437500,0.000437500,0.000375000,0.000421875,16,0.000335938,0.000328125,0.000343750,0.000312500,0.000375000,0.000335938,16,0.000445313,0.000453125,0.000437500,0.000437500,0.000500000,0.000445313,16,0.000296875,0.000296875,0.000281250,0.000312500,0.000250000,0.000296875,16,0.000429688,0.000437500,0.000437500,0.000437500,0.000375000,0.000429688,16,0.000351562,0.000343750,0.000343750,0.000312500,0.000375000,0.000351562,16
1765339749.9574778,2025-12-10 12:09:09,-0.000375000,-0.000500000,-0.000500000,-0.001000000,0.000000000,-0.000375000,16,-0.000125000,-0.000250000,0.000000000,0.000000000,0.000000000,-0.000125000,16,0.000414062,0.000406250,0.000406250,0.000437500,0.000375000,0.000414062,16,0.000328125,0.000328125,0.000343750,0.000312500,0.000375000,0.000328125,16,0.000445313,0.000437500,0.000437500,0.000437500,0.000375000,0.000445313,16,0.000328125,0.000328125,0.000312500,0.000312500,0.000375000,0.000328125,16,0.000539063,0.000546875,0.000531250,0.000562500,0.000500000,0.000539063,16,0.000601562,0.000593750,0.000593750,0.000625000,0.000625000,0.000601562,16
1765339760.80231,2025-12-10 12:09:20,-0.000500000,-0.000500000,-0.000500000,0.000000000,0.000000000,-0.000500000,16,-0.000125000,-0.000250000,0.000000000,0.000000000,0.000000000,-0.000125000,16,0.000382813,0.000390625,0.000375000,0.000375000,0.000500000,0.000382813,16,0.000273438,0.000281250,0.000281250,0.000250000,0.000250000,0.000273438,16,0.000468750,0.000468750,0.000468750,0.000437500,0.000500000,0.000468750,16,0.000359375,0.000359375,0.000375000,0.000375000,0.000375000,0.000359375,16,0.000507813,0.000515625,0.000531250,0.000500000,0.000500000,0.000507813,16,0.000445313,0.000453125,0.000468750,0.000437500,0.000375000,0.000445313,16
1765339771.6459064,2025-12-10 12:09:31,-0.000500000,-0.000500000,-0.000500000,0.000000000,0.000000000,-0.000500000,16,-0.000125000,-0.000250000,0.000000000,0.000000000,0.000000000,-0.000125000,16,0.000445313,0.000437500,0.000437500,0.000437500,0.000500000,0.000445313,16,0.000421875,0.000421875,0.000437500,0.000437500,0.000375000,0.000421875,16,0.000554688,0.000546875,0.000531250,0.000562500,0.000625000,0.000554688,16,0.000406250,0.000406250,0.000406250,0.000375000,0.000375000,0.000406250,16,0.000539063,0.000531250,0.000531250,0.000500000,0.000625000,0.000539063,16,0.000585937,0.000593750,0.000593750,0.000625000,0.000625000,0.000585937,16
1765339782.4910522,2025-12-10 12:09:42,-0.000375000,-0.000500000,-0.000500000,0.000000000,0.000000000,-0.000375000,16,0.000000000,0.000000000,0.000000000,0.000000000,0.000000000,0.000000000,16,0.000406250,0.000406250,0.000406250,0.000437500,0.000375000,0.000406250,16,0.000367188,0.000375000,0.000375000,0.000375000,0.000375000,0.000367188,16,0.000460938,0.000468750,0.000468750,0.000437500,0.000375000,0.000460938,16,0.000328125,0.000328125,0.000312500,0.000312500,0.000375000,0.000328125,16,0.000476562,0.000468750,0.000468750,0.000500000,0.000500000,0.000476562,16,0.000523438,0.000515625,0.000531250,0.000562500,0.000500000,0.000523438,16
1765339793.3389041,2025-12-10 12:09:53,-0.000375000,-0.000250000,-0.000500000,0.000000000,0.000000000,-0.000375000,16,0.000000000,0.000000000,0.000000000,0.000000000,0.000000000,0.000000000,16,0.000289062,0.000296875,0.000281250,0.000312500,0.000375000,0.000289062,16,0.000203125,0.000203125,0.000218750,0.000187500,0.000250000,0.000203125,16,0.000281250,0.000281250,0.000281250,0.000250000,0.000250000,0.000281250,16,0.000218750,0.000218750,0.000218750,0.000187500,0.000125000,0.000218750,16,0.000476562,0.000468750,0.000468750,0.000500000,0.000375000,0.000476562,16,0.000500000,0.000500000,0.000500000,0.000500000,0.000500000,0.000500000,16
1765339804.1847699,2025-12-10 12:10:04,-0.000375000,-0.000500000,-0.000500000,0.000000000,0.000000000,-0.000375000,16,-0.000125000,0.000000000,0.000000000,0.000000000,0.000000000,-0.000125000,16,0.000367188,0.000375000,0.000375000,0.000375000,0.000375000,0.000367188,16,0.000195313,0.000203125,0.000187500,0.000187500,0.000250000,0.000195313,16,0.000343750,0.000343750,0.000343750,0.000312500,0.000375000,0.000343750,16,0.000273438,0.000281250,0.000281250,0.000250000,0.000250000,0.000273438,16,0.000523438,0.000515625,0.000531250,0.000500000,0.000500000,0.000523438,16,0.000570312,0.000562500,0.000562500,0.000562500,0.000500000,0.000570312,16
1765339815.030112,2025-12-10 12:10:15,-0.000500000,-0.000500000,-0.000500000,-0.001000000,0.000000000,-0.000500000,16,-0.000125000,0.000000000,0.000000000,0.000000000,0.000000000,-0.000125000,16,0.000476562,0.000484375,0.000468750,0.000500000,0.000500000,0.000476562,16,0.000289062,0.000296875,0.000312500,0.000312500,0.000375000,0.000289062,16,0.000375000,0.000375000,0.000343750,0.000375000,0.000375000,0.000375000,16,0.000281250,0.000281250,0.000281250,0.000250000,0.000250000,0.000281250,16,0.000531250,0.000531250,0.000531250,0.000562500,0.000625000,0.000531250,16,0.000625000,0.000625000,0.000625000,0.000625000,0.000625000,0.000625000,16
1765339825.878203,2025-12-10 12:10:25,-0.000375000,-0.000500000,-0.000500000,0.000000000,0.000000000,-0.000375000,16,-0.000125000,0.000000000,0.000000000,0.000000000,0.000000000,-0.000125000,16,0.000421875,0.000421875,0.000406250,0.000437500,0.000375000,0.000421875,16,0.000265625,0.000265625,0.000250000,0.000250000,0.000250000,0.000265625,16,0.000375000,0.000375000,0.000375000,0.000375000,0.000375000,0.000375000,16,0.000234375,0.000234375,0.000218750,0.000187500,0.000250000,0.000234375,16,0.000507813,0.000500000,0.000500000,0.000500000,0.000500000,0.000507813,16,0.000585937,0.000593750,0.000593750,0.000562500,0.000625000,0.000585937,16
1765339836.7249212,2025-12-10 12:10:36,-0.000375000,-0.000500000,-0.000500000,0.000000000,0.000000000,-0.000375000,16,-0.000125000,0.000000000,0.000000000,0.000000000,0.000000000,-0.000125000,16,0.000382813,0.000390625,0.000375000,0.000375000,0.000375000,0.000382813,16,0.000195313,0.000187500,0.000187500,0.000187500,0.000125000,0.000195313,16,0.000296875,0.000296875,0.000281250,0.000312500,0.000250000,0.000296875,16,0.000179687,0.000187500,0.000187500,0.000187500,0.000125000,0.000179687,16,0.000539063,0.000531250,0.000531250,0.000562500,0.000625000,0.000539063,16,0.000625000,0.000625000,0.000625000,0.000625000,0.000625000,0.000625000,16
1765339847.5707536,2025-12-10 12:10:47,-0.000375000,-0.000500000,-0.000500000,0.000000000,0.000000000,-0.000375000,16,-0.000125000,-0.000250000,0.000000000,0.000000000,0.000000000,-0.000125000,16,0.000195313,0.000187500,0.000187500,0.000187500,0.000250000,0.000195313,16,-0.000156250,-0.000156250,-0.000156250,-0.000187500,-0.000125000,-0.000156250,16,-0.000054688,-0.000046875,-0.000062500,-0.000062500,-0.000125000,-0.000054688,16,0.000000000,0.000000000,0.000000000,0.000000000,0.000000000,0.000000000,16,0.000453125,0.000468750,0.000437500,0.000437500,0.000500000,0.000453125,16,0.000718750,0.000718750,0.000718750,0.000687500,0.000750000,0.000718750,16
1765339858.4191854,2025-12-10 12:10:58,-0.000500000,-0.000500000,-0.000500000,-0.001000000,0.000000000,-0.000500000,16,-0.000125000,-0.000250000,0.000000000,0.000000000,0.000000000,-0.000125000,16,0.000414062,0.000406250,0.000406250,0.000375000,0.000375000,0.000414062,16,0.000257813,0.000265625,0.000250000,0.000250000,0.000250000,0.000257813,16,0.000429688,0.000437500,0.000437500,0.000437500,0.000375000,0.000429688,16,0.000304687,0.000296875,0.000312500,0.000312500,0.000375000,0.000304687,16,0.000632813,0.000625000,0.000625000,0.000625000,0.000625000,0.000632813,16,0.000765625,0.000765625,0.000781250,0.000750000,0.000750000,0.000765625,16
1765339869.2679923,2025-12-10 12:11:09,-0.000500000,-0.000500000,-0.000500000,0.000000000,0.000000000,-0.000500000,16,-0.000125000,0.000000000,0.000000000,0.000000000,0.000000000,-0.000125000,16,0.000289062,0.000296875,0.000281250,0.000312500,0.000250000,0.000289062,16,0.000125000,0.000125000,0.000125000,0.000125000,0.000125000,0.000125000,16,0.000304687,0.000312500,0.000312500,0.000312500,0.000375000,0.000304687,16,0.000218750,0.000203125,0.000218750,0.000187500,0.000250000,0.000218750,16,0.000562500,0.000546875,0.000562500,0.000562500,0.000500000,0.000562500,16,0.000765625,0.000750000,0.000750000,0.000750000,0.000750000,0.000765625,16
1765339880.1135337,2025-12-10 12:11:20,-0.000500000,-0.000500000,-0.000500000,0.000000000,0.000000000,-0.000500000,16,-0.000125000,-0.000250000,0.000000000,0.000000000,0.000000000,-0.000125000,16,0.000460938,0.000453125,0.000468750,0.000437500,0.000500000,0.000460938,16,0.000328125,0.000328125,0.000343750,0.000312500,0.000375000,0.000328125,16,0.000437500,0.000437500,0.000437500,0.000437500,0.000500000,0.000437500,16,0.000343750,0.000343750,0.000343750,0.000312500,0.000375000,0.000343750,16,0.000609375,0.000609375,0.000593750,0.000562500,0.000625000,0.000609375,16,0.000710937,0.000718750,0.000718750,0.000750000,0.000750000,0.000710937,16
1765339890.9612386,2025-12-10 12:11:30,-0.000500000,-0.000500000,-0.000500000,-0.001000000,0.000000000,-0.000500000,16,-0.000125000,-0.000250000,0.000000000,0.000000000,0.000000000,-0.000125000,16,0.000562500,0.000562500,0.000562500,0.000562500,0.000625000,0.000562500,16,0.000445313,0.000437500,0.000437500,0.000437500,0.000500000,0.000445313,16,0.000539063,0.000562500,0.000562500,0.000562500,0.000500000,0.000539063,16,0.000406250,0.000406250,0.000406250,0.000437500,0.000375000,0.000406250,16,0.000640625,0.000640625,0.000625000,0.000625000,0.000625000,0.000640625,16,0.000781250,0.000781250,0.000781250,0.000750000,0.000750000,0.000781250,16
1765339901.7398925,2025-12-10 12:11:41,-0.000375000,-0.000500000,-0.000500000,0.000000000,0.000000000,-0.000375000,16,-0.000125000,0.000000000,0.000000000,0.000000000,0.000000000,-0.000125000,16,0.000554688,0.000546875,0.000562500,0.000562500,0.000625000,0.000554688,16,0.000460938,0.000453125,0.000437500,0.000437500,0.000500000,0.000460938,16,0.000570312,0.000562500,0.000562500,0.000562500,0.000625000,0.000570312,16,0.000398438,0.000390625,0.000406250,0.000375000,0.000375000,0.000398438,16,0.000578125,0.000578125,0.000593750,0.000562500,0.000625000,0.000578125,16,0.000664063,0.000671875,0.000687500,0.000625000,0.000625000,0.000664063,16
1765339912.5841951,2025-12-10 12:11:52,,,,,,,,,,,,,,,0.000554688,0.000562500,0.000562500,0.000562500,0.000500000,0.000554688,16,0.000453125,0.000453125,0.000437500,0.000437500,0.000375000,0.000453125,16,0.000539063,0.000531250,0.000531250,0.000562500,0.000500000,0.000539063,16,0.000367188,0.000359375,0.000375000,0.000375000,0.000375000,0.000367188,16,0.000578125,0.000562500,0.000562500,0.000562500,0.000500000,0.000578125,16,0.000609375,0.000609375,0.000625000,0.000625000,0.000625000,0.000609375,16
1765339923.2877474,2025-12-10 12:12:03,-0.000500000,-0.000500000,-0.000500000,0.000000000,0.000000000,-0.000500000,16,,,0.000000000,,0.000000000,0.000000000,4,0.000539063,0.000531250,0.000531250,0.000500000,0.000500000,0.000539063,16,0.000445313,0.000453125,0.000437500,0.000437500,0.000500000,0.000445313,16,0.000554688,0.000546875,0.000562500,0.000562500,0.000625000,0.000554688,16,0.000421875,0.000406250,0.000406250,0.000375000,0.000375000,0.000421875,16,0.000601562,0.000593750,0.000593750,0.000625000,0.000625000,0.000601562,16,0.000640625,0.000640625,0.000656250,0.000625000,0.000750000,0.000640625,16
1765339934.1072853,2025-12-10 12:12:14,-0.000500000,-0.000500000,-0.000500000,0.000000000,0.000000000,-0.000500000,16,-0.000250000,-0.000250000,0.000000000,0.000000000,0.000000000,-0.000250000,16,0.000523438,0.000531250,0.000531250,0.000500000,0.000500000,0.000523438,16,0.000437500,0.000437500,0.000437500,0.000437500,0.000375000,0.000437500,16,0.000546875,0.000546875,0.000562500,0.000562500,0.000500000,0.000546875,16,0.000406250,0.000406250,0.000406250,0.000437500,0.000375000,0.000406250,16,0.000585937,0.000578125,0.000593750,0.000562500,0.000625000,0.000585937,16,0.000632813,0.000640625,0.000625000,0.000625000,0.000625000,0.000632813,16
1765339944.9545143,2025-12-10 12:12:24,-0.000500000,-0.000500000,-0.000500000,-0.001000000,0.000000000,-0.000500000,16,-0.000250000,-0.000250000,0.000000000,0.000000000,0.000000000,-0.000250000,16,0.000539063,0.000531250,0.000531250,0.000500000,0.000500000,0.000539063,16,0.000468750,0.000468750,0.000468750,0.000500000,0.000375000,0.000468750,16,0.000531250,0.000531250,0.000531250,0.000562500,0.000500000,0.000531250,16,0.000390625,0.000390625,0.000375000,0.000375000,0.000375000,0.000390625,16,0.000562500,0.000562500,0.000562500,0.000562500,0.000500000,0.000562500,16,0.000640625,0.000625000,0.000625000,0.000687500,0.000625000,0.000640625,16
1765339955.7999022,2025-12-10 12:12:35,-0.000500000,-0.000500000,-0.000500000,0.000000000,0.000000000,-0.000500000,16,-0.000250000,-0.000250000,0.000000000,0.000000000,0.000000000,-0.000250000,16,0.000523438,0.000515625,0.000531250,0.000500000,0.000500000,0.000523438,16,0.000445313,0.000453125,0.000437500,0.000437500,0.000500000,0.000445313,16,0.000570312,0.000562500,0.000562500,0.000562500,0.000500000,0.000570312,16,0.000398438,0.000406250,0.000406250,0.000375000,0.000375000,0.000398438,16,0.000539063,0.000531250,0.000531250,0.000562500,0.000500000,0.000539063,16,0.000625000,0.000625000,0.000625000,0.000625000,0.000625000,0.000625000,16
1765339966.6442661,2025-12-10 12:12:46,-0.000500000,-0.000500000,-0.000500000,0.000000000,0.000000000,-0.000500000,16,-0.000125000,-0.000250000,0.000000000,0.000000000,0.000000000,-0.000125000,16,0.000468750,0.000468750,0.000468750,0.000437500,0.000500000,0.000468750,16,0.000421875,0.000421875,0.000406250,0.000437500,0.000375000,0.000421875,16,0.000523438,0.000531250,0.000531250,0.000500000,0.000500000,0.000523438,16,0.000382813,0.000375000,0.000375000,0.000375000,0.000375000,0.000382813,16,0.000507813,0.000515625,0.000500000,0.000500000,0.000500000,0.000507813,16,0.000640625,0.000625000,0.000625000,0.000625000,0.000625000,0.000640625,16
1765339977.4884322,2025-12-10 12:12:57,-0.000375000,-0.000500000,-0.000500000,0.000000000,0.000000000,-0.000375000,16,0.000000000,0.000000000,0.000000000,0.000000000,0.000000000,0.000000000,16,0.000375000,0.000390625,0.000375000,0.000375000,0.000375000,0.000375000,16,0.000257813,0.000250000,0.000250000,0.000250000,0.000250000,0.000257813,16,0.000375000,0.000375000,0.000375000,0.000375000,0.000375000,0.000375000,16,0.000281250,0.000281250,0.000281250,0.000312500,0.000250000,0.000281250,16,0.000460938,0.000468750,0.000468750,0.000500000,0.000500000,0.000460938,16,0.000601562,0.000593750,0.000593750,0.000625000,0.000625000,0.000601562,16
1765339988.3349586,2025-12-10 12:13:08,-0.000375000,-0.000250000,-0.000500000,0.000000000,0.000000000,-0.000375000,16,0.000000000,0.000000000,0.000000000,0.000000000,0.000000000,0.000000000,16,0.000242187,0.000250000,0.000250000,0.000250000,0.000250000,0.000242187,16,0.000101563,0.000093750,0.000093750,0.000125000,0.000125000,0.000101563,16,0.000132813,0.000140625,0.000125000,0.000125000,0.000125000,0.000132813,16,0.000093750,0.000093750,0.000093750,0.000062500,0.000125000,0.000093750,16,0.000390625,0.000390625,0.000375000,0.000375000,0.000375000,0.000390625,16,0.000562500,0.000562500,0.000562500,0.000562500,0.000625000,0.000562500,16
1765339999.1781442,2025-12-10 12:13:19,-0.000500000,-0.000500000,-0.000500000,0.000000000,0.000000000,-0.000500000,16,-0.000125000,-0.000250000,0.000000000,0.000000000,0.000000000,-0.000125000,16,0.000437500,0.000437500,0.000437500,0.000437500,0.000375000,0.000437500,16,0.000273438,0.000265625,0.000281250,0.000250000,0.000250000,0.000273438,16,0.000375000,0.000375000,0.000375000,0.000375000,0.000375000,0.000375000,16,0.000289062,0.000281250,0.000281250,0.000312500,0.000250000,0.000289062,16,0.000460938,0.000468750,0.000468750,0.000437500,0.000500000,0.000460938,16,0.000656250,0.000656250,0.000656250,0.000687500,0.000625000,0.000656250,16
1765340010.0258675,2025-12-10 12:13:30,-0.000375000,-0.000500000,-0.000500000,0.000000000,0.000000000,-0.000375000,16,-0.000125000,-0.000250000,0.000000000,0.000000000,0.000000000,-0.000125000,16,0.000492188,0.000484375,0.000500000,0.000500000,0.000500000,0.000492188,16,0.000515625,0.000515625,0.000531250,0.000500000,0.000500000,0.000515625,16,0.000625000,0.000625000,0.000625000,0.000625000,0.000625000,0.000625000,16,0.000406250,0.000406250,0.000406250,0.000375000,0.000375000,0.000406250,16,0.000492188,0.000484375,0.000500000,0.000500000,0.000500000,0.000492188,16,0.000703125,0.000703125,0.000687500,0.000687500,0.000750000,0.000703125,16
1765340020.8743634,2025-12-10 12:13:40,-0.000250000,-0.000250000,0.000000000,0.000000000,0.000000000,-0.000250000,16,0.000125000,0.000250000,0.000000000,0.000000000,0.000000000,0.000125000,16,0.001640625,0.001640625,0.001625000,0.001625000,0.001625000,0.001640625,16,0.000656250,0.000656250,0.000656250,0.000625000,0.000625000,0.000656250,16,0.000484375,0.000484375,0.000468750,0.000500000,0.000500000,0.000484375,16,0.000156250,0.000156250,0.000156250,0.000125000,0.000125000,0.000156250,16,0.000046875,0.000031250,0.000031250,0.000062500,0.000000000,0.000046875,16,0.001359375,0.001343750,0.001343750,0.001312500,0.001250000,0.001359375,16
1765340031.7187674,2025-12-10 12:13:51,-0.000250000,-0.000250000,0.000000000,0.000000000,0.000000000,-0.000250000,16,0.000125000,0.000000000,0.000000000,0.000000000,0.000000000,0.000125000,16,0.000976562,0.001000000,0.001000000,0.001062500,0.001000000,0.000976562,16,0.000640625,0.000656250,0.000656250,0.000687500,0.000750000,0.000640625,16,0.000375000,0.000375000,0.000375000,0.000375000,0.000375000,0.000375000,16,0.000203125,0.000203125,0.000187500,0.000187500,0.000125000,0.000203125,16,0.000265625,0.000265625,0.000250000,0.000250000,0.000250000,0.000265625,16,0.000726562,0.000734375,0.000718750,0.000750000,0.000750000,0.000726562,16
1765340042.5623703,2025-12-10 12:14:02,-0.000250000,-0.000250000,0.000000000,0.000000000,0.000000000,-0.000250000,16,0.000125000,0.000000000,0.000000000,0.000000000,0.000000000,0.000125000,16,0.000906250,0.000890625,0.000875000,0.000875000,0.000875000,0.000906250,16,0.000781250,0.000781250,0.000781250,0.000812500,0.000750000,0.000781250,16,0.000523438,0.000515625,0.000531250,0.000500000,0.000500000,0.000523438,16,0.000250000,0.000250000,0.000250000,0.000250000,0.000250000,0.000250000,16,0.000312500,0.000312500,0.000312500,0.000312500,0.000250000,0.000312500,16,0.000812500,0.000812500,0.000812500,0.000812500,0.000750000,0.000812500,16
1765340053.4080274,2025-12-10 12:14:13,-0.000250000,-0.000250000,0.000000000,0.000000000,0.000000000,-0.000250000,16,0.000250000,0.000250000,0.000500000,0.000000000,0.000000000,0.000250000,16,0.001242188,0.001250000,0.001250000,0.001250000,0.001250000,0.001242188,16,0.000585937,0.000593750,0.000593750,0.000562500,0.000625000,0.000585937,16,0.000523438,0.000515625,0.000500000,0.000500000,0.000500000,0.000523438,16,0.000218750,0.000218750,0.000218750,0.000250000,0.000250000,0.000218750,16,0.000359375,0.000359375,0.000343750,0.000375000,0.000375000,0.000359375,16,0.000937500,0.000937500,0.000937500,0.000937500,0.001000000,0.000937500,16
1765340064.2518356,2025-12-10 12:14:24,-0.000125000,-0.000250000,0.000000000,0.000000000,0.000000000,-0.000125000,16,0.000250000,0.000250000,0.000000000,0.000000000,0.000000000,0.000250000,16,0.000757813,0.000750000,0.000750000,0.000750000,0.000750000,0.000757813,16,0.000773438,0.000781250,0.000781250,0.000750000,0.000750000,0.000773438,16,0.000546875,0.000546875,0.000531250,0.000562500,0.000500000,0.000546875,16,0.000218750,0.000218750,0.000218750,0.000250000,0.000250000,0.000218750,16,0.000281250,0.000281250,0.000281250,0.000250000,0.000250000,0.000281250,16,0.000562500,0.000562500,0.000562500,0.000562500,0.000625000,0.000562500,16
1765340075.0984702,2025-12-10 12:14:35,-0.000375000,-0.000500000,-0.000500000,0.000000000,0.000000000,-0.000375000,16,0.000000000,0.000000000,0.000000000,0.000000000,0.000000000,0.000000000,16,0.000500000,0.000500000,0.000500000,0.000500000,0.000500000,0.000500000,16,0.000507813,0.000515625,0.000500000,0.000500000,0.000500000,0.000507813,16,0.000445313,0.000453125,0.000437500,0.000437500,0.000500000,0.000445313,16,0.000234375,0.000234375,0.000250000,0.000250000,0.000250000,0.000234375,16,0.000429688,0.000421875,0.000437500,0.000437500,0.000375000,0.000429688,16,0.000664063,0.000671875,0.000656250,0.000687500,0.000750000,0.000664063,16
1765340085.9457462,2025-12-10 12:14:45,-0.000625000,-0.000500000,-0.000500000,-0.001000000,0.000000000,-0.000625000,16,-0.000250000,-0.000250000,0.000000000,0.000000000,0.000000000,-0.000250000,16,0.001132812,0.001140625,0.001125000,0.001125000,0.001125000,0.001132812,16,0.001140625,0.001140625,0.001156250,0.001125000,0.001125000,0.001140625,16,0.000726562,0.000734375,0.000718750,0.000750000,0.000750000,0.000726562,16,0.000445313,0.000453125,0.000437500,0.000437500,0.000375000,0.000445313,16,0.000625000,0.000625000,0.000593750,0.000625000,0.000625000,0.000625000,16,0.000929688,0.000921875,0.000937500,0.000937500,0.000875000,0.000929688,16
1765340096.7910078,2025-12-10 12:14:56,-0.000625000,-0.000500000,-0.000500000,0.000000000,0.000000000,-0.000625000,16,-0.000250000,-0.000250000,0.000000000,0.000000000,0.000000000,-0.000250000,16,0.001109375,0.001109375,0.001093750,0.001062500,0.001125000,0.001109375,16,0.001171875,0.001171875,0.001156250,0.001187500,0.001125000,0.001171875,16,0.000828125,0.000828125,0.000812500,0.000812500,0.000875000,0.000828125,16,0.000492188,0.000500000,0.000500000,0.000500000,0.000500000,0.000492188,16,0.000656250,0.000671875,0.000656250,0.000687500,0.000625000,0.000656250,16,0.000890625,0.000890625,0.000906250,0.000875000,0.000875000,0.000890625,16
1765340107.6347377,2025-12-10 12:15:07,-0.000375000,-0.000500000,-0.000500000,0.000000000,0.000000000,-0.000375000,16,-0.000125000,-0.000250000,0.000000000,0.000000000,0.000000000,-0.000125000,16,0.000773438,0.000781250,0.000781250,0.000750000,0.000750000,0.000773438,16,0.000843750,0.000828125,0.000843750,0.000812500,0.000875000,0.000843750,16,0.000515625,0.000515625,0.000500000,0.000500000,0.000500000,0.000515625,16,0.000296875,0.000296875,0.000281250,0.000312500,0.000250000,0.000296875,16,0.000507813,0.000500000,0.000500000,0.000500000,0.000500000,0.000507813,16,0.000812500,0.000812500,0.000812500,0.000812500,0.000750000,0.000812500,16
1765340118.4815967,2025-12-10 12:15:18,-0.000375000,-0.000250000,-0.000500000,0.000000000,0.000000000,-0.000375000,16,0.000125000,0.000250000,0.000000000,0.000000000,0.000000000,0.000125000,16,0.000835937,0.000843750,0.000843750,0.000812500,0.000750000,0.000835937,16,0.000500000,0.000500000,0.000500000,0.000500000,0.000500000,0.000500000,16,0.001031250,0.001031250,0.001031250,0.001000000,0.001000000,0.001031250,16,0.000265625,0.000265625,0.000281250,0.000250000,0.000250000,0.000265625,16,0.000273438,0.000281250,0.000250000,0.000312500,0.000250000,0.000273438,16,0.002375000,0.002375000,0.002343750,0.002375000,0.002375000,0.002375000,16
1765340129.3304558,2025-12-10 12:15:29,-0.000250000,-0.000250000,-0.000500000,0.000000000,0.000000000,-0.000250000,16,0.000375000,0.000500000,0.000500000,0.000000000,0.000000000,0.000375000,16,0.000710937,0.000718750,0.000718750,0.000687500,0.000750000,0.000710937,16,0.000304687,0.000312500,0.000312500,0.000312500,0.000375000,0.000304687,16,0.000976562,0.000984375,0.000968750,0.000937500,0.001000000,0.000976562,16,0.000078125,0.000093750,0.000093750,0.000125000,0.000125000,0.000078125,16,0.000265625,0.000265625,0.000250000,0.000250000,0.000250000,0.000265625,16,0.002679688,0.002687500,0.002687500,0.002687500,0.002625000,0.002679688,16
1765340140.1753068,2025-12-10 12:15:40,-0.000375000,-0.000250000,-0.000500000,0.000000000,0.000000000,-0.000375000,16,0.000375000,0.000500000,0.000500000,0.000000000,0.000000000,0.000375000,16,0.000976562,0.000968750,0.000968750,0.001000000,0.001000000,0.000976562,16,0.000484375,0.000484375,0.000468750,0.000500000,0.000500000,0.000484375,16,0.002203125,0.002187500,0.002187500,0.002187500,0.002125000,0.002203125,16,0.000507813,0.000515625,0.000500000,0.000500000,0.000500000,0.000507813,16,0.000281250,0.000281250,0.000281250,0.000312500,0.000250000,0.000281250,16,0.004757812,0.004765625,0.004781250,0.004750000,0.004750000,0.004757812,16
1765340151.0215259,2025-12-10 12:15:51,0.000000000,0.000000000,0.000000000,0.000000000,0.000000000,0.000000000,16,0.000750000,0.000750000,0.001000000,0.001000000,0.000000000,0.000750000,16,0.000726562,0.000734375,0.000718750,0.000750000,0.000750000,0.000726562,16,0.000289062,0.000281250,0.000281250,0.000312500,0.000375000,0.000289062,16,0.001328125,0.001328125,0.001312500,0.001312500,0.001375000,0.001328125,16,0.000437500,0.000437500,0.000437500,0.000437500,0.000500000,0.000437500,16,0.000234375,0.000250000,0.000250000,0.000250000,0.000250000,0.000234375,16,0.003070313,0.003078125,0.003093750,0.003125000,0.003125000,0.003070313,16
1765340161.8649426,2025-12-10 12:16:01,-0.000375000,-0.000500000,-0.000500000,0.000000000,0.000000000,-0.000375000,16,0.000375000,0.000250000,0.000500000,0.000000000,0.000000000,0.000375000,16,0.001234375,0.001234375,0.001250000,0.001250000,0.001250000,0.001234375,16,0.000679688,0.000687500,0.000687500,0.000687500,0.000750000,0.000679688,16,0.002539063,0.002546875,0.002531250,0.002562500,0.002500000,0.002539063,16,0.001257813,0.001265625,0.001250000,0.001250000,0.001250000,0.001257813,16,0.000632813,0.000640625,0.000625000,0.000625000,0.000625000,0.000632813,16,0.003960938,0.003953125,0.003968750,0.003937500,0.003875000,0.003960938,16
1765340172.7112203,2025-12-10 12:16:12,-0.000500000,-0.000500000,-0.000500000,0.000000000,0.000000000,-0.000500000,16,0.000250000,0.000250000,0.000500000,0.000000000,0.000000000,0.000250000,16,0.001148437,0.001156250,0.001156250,0.001187500,0.001125000,0.001148437,16,0.001007813,0.001000000,0.001000000,0.001000000,0.001000000,0.001007813,16,0.001984375,0.001984375,0.001968750,0.001937500,0.002000000,0.001984375,16,0.001015625,0.001015625,0.001000000,0.001000000,0.001000000,0.001015625,16,0.000773438,0.000781250,0.000781250,0.000750000,0.000750000,0.000773438,16,0.003109375,0.003125000,0.003125000,0.003125000,0.003125000,0.003109375,16
1765340183.5567474,2025-12-10 12:16:23,-0.000625000,-0.000500000,-0.000500000,-0.001000000,0.000000000,-0.000625000,16,0.000125000,0.000000000,0.000000000,0.000000000,0.000000000,0.000125000,16,0.001687500,0.001687500,0.001687500,0.001687500,0.001625000,0.001687500,16,0.001085938,0.001078125,0.001093750,0.001062500,0.001000000,0.001085938,16,0.002148438,0.002140625,0.002125000,0.002125000,0.002125000,0.002148438,16,0.001085938,0.001078125,0.001062500,0.001062500,0.001125000,0.001085938,16,0.000960937,0.000953125,0.000968750,0.000937500,0.001000000,0.000960937,16,0.003054688,0.003046875,0.003062500,0.003062500,0.003125000,0.003054688,16
1765340194.4020963,2025-12-10 12:16:34,-0.000625000,-0.000750000,-0.000500000,-0.001000000,0.000000000,-0.000625000,16,0.000125000,0.000000000,0.000000000,0.000000000,0.000000000,0.000125000,16,0.001414062,0.001421875,0.001406250,0.001437500,0.001500000,0.001414062,16,0.000343750,0.000343750,0.000343750,0.000375000,0.000375000,0.000343750,16,0.001804688,0.001812500,0.001812500,0.001812500,0.001875000,0.001804688,16,0.000820312,0.000828125,0.000812500,0.000812500,0.000875000,0.000820312,16,0.000976562,0.000968750,0.000968750,0.001000000,0.001000000,0.000976562,16,0.003640625,0.003640625,0.003656250,0.003687500,0.003625000,0.003640625,16
1765340205.247035,2025-12-10 12:16:45,-0.000750000,-0.000750000,-0.000500000,-0.001000000,0.000000000,-0.000750000,16,-0.000125000,-0.000250000,0.000000000,0.000000000,0.000000000,-0.000125000,16,0.003085938,0.003078125,0.003093750,0.003125000,0.003125000,0.003085938,16,0.001109375,0.001109375,0.001093750,0.001125000,0.001125000,0.001109375,16,0.002945313,0.002953125,0.002937500,0.002937500,0.002875000,0.002945313,16,0.000773438,0.000765625,0.000750000,0.000750000,0.000750000,0.000773438,16,0.000703125,0.000703125,0.000718750,0.000687500,0.000750000,0.000703125,16,0.006187500,0.006203125,0.006218750,0.006187500,0.006250000,0.006187500,16
1765340216.1199207,2025-12-10 12:16:56,-0.000500000,-0.000500000,-0.000500000,0.000000000,0.000000000,-0.000500000,16,0.000250000,0.000250000,0.000000000,0.000000000,0.000000000,0.000250000,16,0.001710938,0.001703125,0.001718750,0.001687500,0.001625000,0.001710938,16,-0.000406250,-0.000421875,-0.000437500,-0.000437500,-0.000375000,-0.000406250,16,0.001585938,0.001578125,0.001562500,0.001562500,0.001500000,0.001585938,16,-0.000031250,-0.000031250,0.000000000,-0.000062500,0.000000000,-0.000031250,16,0.000429688,0.000437500,0.000437500,0.000437500,0.000375000,0.000429688,16,0.005601562,0.005593750,0.005593750,0.005625000,0.005625000,0.005601562,16
1765340226.9646227,2025-12-10 12:17:06,-0.000500000,-0.000500000,-0.000500000,-0.001000000,0.000000000,-0.000500000,16,0.000125000,0.000250000,0.000000000,0.000000000,0.000000000,0.000125000,16,0.001976563,0.001984375,0.001968750,0.001937500,0.002000000,0.001976563,16,0.000062500,0.000062500,0.000062500,0.000062500,0.000000000,0.000062500,16,0.002023438,0.002015625,0.002000000,0.002000000,0.002000000,0.002023438,16,0.000179687,0.000171875,0.000187500,0.000187500,0.000250000,0.000179687,16,0.000664063,0.000671875,0.000656250,0.000687500,0.000625000,0.000664063,16,0.005742187,0.005734375,0.005718750,0.005750000,0.005750000,0.005742187,16
1765340237.8105206,2025-12-10 12:17:17,-0.000625000,-0.000750000,-0.000500000,-0.001000000,0.000000000,-0.000625000,16,0.000125000,0.000250000,0.000000000,0.000000000,0.000000000,0.000125000,16,0.003023438,0.003015625,0.003031250,0.003000000,0.003000000,0.003023438,16,0.001148437,0.001156250,0.001156250,0.001125000,0.001125000,0.001148437,16,0.004531250,0.004531250,0.004531250,0.004500000,0.004500000,0.004531250,16,0.000398438,0.000406250,0.000406250,0.000375000,0.000375000,0.000398438,16,0.000828125,0.000812500,0.000843750,0.000812500,0.000875000,0.000828125,16,0.007578125,0.007578125,0.007562500,0.007562500,0.007625000,0.007578125,16
1765340248.6578078,2025-12-10 12:17:28,-0.000750000,-0.000750000,-0.001000000,-0.001000000,0.000000000,-0.000750000,16,0.000000000,0.000000000,0.000000000,0.000000000,0.000000000,0.000000000,16,0.002703125,0.002703125,0.002687500,0.002687500,0.002625000,0.002703125,16,0.001453125,0.001453125,0.001437500,0.001437500,0.001500000,0.001453125,16,0.004515625,0.004500000,0.004500000,0.004500000,0.004500000,0.004515625,16,0.000718750,0.000718750,0.000718750,0.000687500,0.000750000,0.000718750,16,0.001125000,0.001125000,0.001125000,0.001125000,0.001125000,0.001125000,16,0.007054688,0.007046875,0.007062500,0.007062500,0.007000000,0.007054688,16
1765340259.5048184,2025-12-10 12:17:39,-0.000875000,-0.000750000,-0.001000000,-0.001000000,0.000000000,-0.000875000,16,-0.000125000,-0.000250000,0.000000000,0.000000000,0.000000000,-0.000125000,16,0.002484375,0.002484375,0.002468750,0.002500000,0.002500000,0.002484375,16,0.001656250,0.001656250,0.001656250,0.001687500,0.001625000,0.001656250,16,0.003554688,0.003562500,0.003562500,0.003562500,0.003500000,0.003554688,16,0.000929688,0.000921875,0.000937500,0.000937500,0.001000000,0.000929688,16,0.001351563,0.001343750,0.001343750,0.001375000,0.001375000,0.001351563,16,0.005390625,0.005390625,0.005375000,0.005437500,0.005375000,0.005390625,16
1765340270.35138,2025-12-10 12:17:50,-0.001000000,-0.001000000,-0.001000000,-0.001000000,0.000000000,-0.001000000,16,-0.000125000,-0.000250000,0.000000000,0.000000000,0.000000000,-0.000125000,16,0.002023438,0.002031250,0.002031250,0.002062500,0.002000000,0.002023438,16,0.000242187,0.000250000,0.000218750,0.000250000,0.000250000,0.000242187,16,0.002851562,0.002843750,0.002843750,0.002812500,0.002750000,0.002851562,16,0.000148437,0.000140625,0.000156250,0.000125000,0.000125000,0.000148437,16,0.001234375,0.001234375,0.001218750,0.001187500,0.001250000,0.001234375,16,0.006890625,0.006890625,0.006875000,0.006875000,0.006875000,0.006890625,16
1765340281.2007895,2025-12-10 12:18:01,-0.000875000,-0.000750000,-0.001000000,-0.001000000,0.000000000,-0.000875000,16,0.000000000,0.000000000,0.000000000,0.000000000,0.000000000,0.000000000,16,0.002578125,0.002578125,0.002562500,0.002625000,0.002625000,0.002578125,16,0.001390625,0.001406250,0.001406250,0.001375000,0.001375000,0.001390625,16,0.002796875,0.002796875,0.002812500,0.002812500,0.002750000,0.002796875,16,0.000500000,0.000500000,0.000500000,0.000500000,0.000500000,0.000500000,16,0.001132812,0.001125000,0.001125000,0.001125000,0.001125000,0.001132812,16,0.007257813,0.007265625,0.007281250,0.007250000,0.007250000,0.007257813,16
1765340292.0485175,2025-12-10 12:18:12,-0.000875000,-0.000750000,-0.001000000,-0.001000000,0.000000000,-0.000875000,16,0.000000000,0.000000000,0.000000000,0.000000000,0.000000000,0.000000000,16,0.002304687,0.002296875,0.002312500,0.002312500,0.002250000,0.002304687,16,0.001523438,0.001515625,0.001531250,0.001500000,0.001500000,0.001523438,16,0.003093750,0.003093750,0.003062500,0.003062500,0.003000000,0.003093750,16,0.000617188,0.000609375,0.000593750,0.000562500,0.000625000,0.000617188,16,0.001148437,0.001140625,0.001156250,0.001125000,0.001125000,0.001148437,16,0.005812500,0.005796875,0.005781250,0.005750000,0.005750000,0.005812500,16
1765340302.897741,2025-12-10 12:18:22,-0.000625000,-0.000750000,-0.000500000,-0.001000000,0.000000000,-0.000625000,16,0.000375000,0.000250000,0.000500000,0.000000000,0.000000000,0.000375000,16,0.002484375,0.002484375,0.002468750,0.002437500,0.002500000,0.002484375,16,0.000367188,0.000375000,0.000375000,0.000375000,0.000375000,0.000367188,16,0.003031250,0.003046875,0.003031250,0.003000000,0.003000000,0.003031250,16,0.001312500,0.001312500,0.001312500,0.001312500,0.001250000,0.001312500,16,0.001242188,0.001234375,0.001218750,0.001250000,0.001250000,0.001242188,16,0.005875000,0.005859375,0.005843750,0.005812500,0.005875000,0.005875000,16
1765340313.7442796,2025-12-10 12:18:33,-0.000875000,-0.000750000,-0.001000000,-0.001000000,0.000000000,-0.000875000,16,0.000250000,0.000250000,0.000000000,0.000000000,0.000000000,0.000250000,16,0.002648438,0.002640625,0.002656250,0.002687500,0.002625000,0.002648438,16,0.001289063,0.001281250,0.001281250,0.001250000,0.001250000,0.001289063,16,0.003000000,0.003000000,0.003000000,0.003000000,0.003000000,0.003000000,16,0.001468750,0.001484375,0.001468750,0.001500000,0.001500000,0.001468750,16,0.001570313,0.001562500,0.001562500,0.001562500,0.001500000,0.001570313,16,0.005109375,0.005125000,0.005125000,0.005125000,0.005125000,0.005109375,16
1765340324.5874083,2025-12-10 12:18:44,-0.001125000,-0.001000000,-0.001000000,-0.001000000,-0.002000000,-0.001125000,16,-0.000250000,-0.000250000,0.000000000,0.000000000,0.000000000,-0.000250000,16,0.002718750,0.002718750,0.002718750,0.002750000,0.002750000,0.002718750,16,0.001851563,0.001859375,0.001843750,0.001875000,0.001875000,0.001851563,16,0.002679688,0.002671875,0.002687500,0.002687500,0.002625000,0.002679688,16,0.001554688,0.001546875,0.001562500,0.001562500,0.001500000,0.001554688,16,0.001750000,0.001750000,0.001750000,0.001750000,0.001750000,0.001750000,16,0.004296875,0.004296875,0.004281250,0.004250000,0.004250000,0.004296875,16
1765340335.4335363,2025-12-10 12:18:55,-0.001125000,-0.001000000,-0.001000000,-0.001000000,-0.002000000,-0.001125000,16,-0.000125000,-0.000250000,0.000000000,0.000000000,0.000000000,-0.000125000,16,0.002984375,0.002968750,0.003000000,0.003000000,0.003000000,0.002984375,16,0.002125000,0.002125000,0.002125000,0.002125000,0.002125000,0.002125000,16,0.002843750,0.002843750,0.002843750,0.002812500,0.002875000,0.002843750,16,0.001710938,0.001703125,0.001718750,0.001687500,0.001750000,0.001710938,16,0.001906250,0.001906250,0.001906250,0.001937500,0.001875000,0.001906250,16,0.004742187,0.004750000,0.004750000,0.004750000,0.004750000,0.004742187,16
1765340346.2805529,2025-12-10 12:19:06,-0.001250000,-0.001250000,-0.001500000,-0.001000000,-0.002000000,-0.001250000,16,-0.000500000,-0.000500000,-0.000500000,0.000000000,0.000000000,-0.000500000,16,0.002890625,0.002875000,0.002875000,0.002875000,0.002875000,0.002890625,16,0.001953125,0.001953125,0.001968750,0.001937500,0.002000000,0.001953125,16,0.002968750,0.002968750,0.002968750,0.003000000,0.002875000,0.002968750,16,0.001804688,0.001812500,0.001812500,0.001812500,0.001750000,0.001804688,16,0.001945312,0.001953125,0.001937500,0.001937500,0.002000000,0.001945312,16,0.004750000,0.004750000,0.004750000,0.004750000,0.004750000,0.004750000,16
1765340357.123873,2025-12-10 12:19:17,-0.001250000,-0.001250000,-0.001000000,-0.001000000,-0.002000000,-0.001250000,16,-0.000375000,-0.000500000,-0.000500000,0.000000000,0.000000000,-0.000375000,16,0.002625000,0.002625000,0.002625000,0.002625000,0.002625000,0.002625000,16,0.001640625,0.001656250,0.001656250,0.001625000,0.001625000,0.001640625,16,0.002039063,0.002046875,0.002062500,0.002062500,0.002000000,0.002039063,16,0.001289063,0.001296875,0.001281250,0.001312500,0.001250000,0.001289063,16,0.001828125,0.001828125,0.001812500,0.001875000,0.001875000,0.001828125,16,0.004335938,0.004343750,0.004343750,0.004375000,0.004375000,0.004335938,16
1765340367.9684277,2025-12-10 12:19:27,-0.001250000,-0.001250000,-0.001500000,-0.001000000,-0.002000000,-0.001250000,16,-0.000375000,-0.000500000,-0.000500000,0.000000000,0.000000000,-0.000375000,16,0.002703125,0.002703125,0.002718750,0.002687500,0.002750000,0.002703125,16,0.001398437,0.001390625,0.001375000,0.001375000,0.001375000,0.001398437,16,0.002203125,0.002203125,0.002218750,0.002187500,0.002250000,0.002203125,16,0.001304688,0.001296875,0.001312500,0.001250000,0.001250000,0.001304688,16,0.001851563,0.001859375,0.001843750,0.001812500,0.001875000,0.001851563,16,0.004937500,0.004937500,0.004937500,0.004937500,0.005000000,0.004937500,16
1765340378.8146908,2025-12-10 12:19:38,-0.001250000,-0.001250000,-0.001000000,-0.001000000,-0.002000000,-0.001250000,16,-0.000375000,-0.000250000,-0.000500000,0.000000000,0.000000000,-0.000375000,16,0.002648438,0.002656250,0.002656250,0.002625000,0.002625000,0.002648438,16,0.001203125,0.001203125,0.001187500,0.001187500,0.001250000,0.001203125,16,0.002906250,0.002921875,0.002906250,0.002875000,0.002875000,0.002906250,16,0.001625000,0.001625000,0.001625000,0.001625000,0.001625000,0.001625000,16,0.001671875,0.001671875,0.001656250,0.001625000,0.001625000,0.001671875,16,0.005015625,0.005031250,0.005031250,0.005062500,0.005000000,0.005015625,16
1765340389.6593544,2025-12-10 12:19:49,-0.001125000,-0.001000000,-0.001000000,-0.001000000,-0.002000000,-0.001125000,16,-0.000125000,-0.000250000,0.000000000,0.000000000,0.000000000,-0.000125000,16,0.002914062,0.002906250,0.002937500,0.002937500,0.002875000,0.002914062,16,0.000953125,0.000953125,0.000937500,0.000937500,0.001000000,0.000953125,16,0.003273437,0.003281250,0.003281250,0.003250000,0.003250000,0.003273437,16,0.001742188,0.001734375,0.001718750,0.001750000,0.001750000,0.001742188,16,0.001523438,0.001531250,0.001531250,0.001500000,0.001500000,0.001523438,16,0.006390625,0.006406250,0.006406250,0.006437500,0.006375000,0.006390625,16
1765340400.5061789,2025-12-10 12:20:00,-0.000875000,-0.000750000,-0.001000000,-0.001000000,0.000000000,-0.000875000,16,0.000000000,0.000000000,0.000000000,0.000000000,0.000000000,0.000000000,16,0.001890625,0.001890625,0.001875000,0.001875000,0.001875000,0.001890625,16,0.000726562,0.000734375,0.000718750,0.000750000,0.000750000,0.000726562,16,0.002226563,0.002218750,0.002218750,0.002187500,0.002250000,0.002226563,16,0.001242188,0.001250000,0.001250000,0.001250000,0.001250000,0.001242188,16,0.001312500,0.001312500,0.001312500,0.001312500,0.001250000,0.001312500,16,0.004710937,0.004703125,0.004718750,0.004687500,0.004750000,0.004710937,16
1765340411.3505626,2025-12-10 12:20:11,-0.001000000,-0.001000000,-0.001000000,-0.001000000,-0.002000000,-0.001000000,16,-0.000125000,0.000000000,0.000000000,0.000000000,0.000000000,-0.000125000,16,0.001828125,0.001828125,0.001812500,0.001812500,0.001875000,0.001828125,16,-0.000281250,-0.000281250,-0.000312500,-0.000312500,-0.000375000,-0.000281250,16,0.001703125,0.001703125,0.001687500,0.001687500,0.001750000,0.001703125,16,0.000648438,0.000640625,0.000625000,0.000625000,0.000625000,0.000648438,16,0.001375000,0.001390625,0.001375000,0.001375000,0.001375000,0.001375000,16,0.005351563,0.005359375,0.005343750,0.005375000,0.005375000,0.005351563,16
1765340422.195332,2025-12-10 12:20:22,-0.000875000,-0.001000000,-0.001000000,-0.001000000,0.000000000,-0.000875000,16,-0.000125000,-0.000250000,0.000000000,0.000000000,0.000000000,-0.000125000,16,0.001937500,0.001937500,0.001937500,0.001937500,0.001875000,0.001937500,16,-0.000148437,-0.000140625,-0.000125000,-0.000125000,-0.000125000,-0.000148437,16,0.001125000,0.001140625,0.001125000,0.001125000,0.001125000,0.001125000,16,0.000609375,0.000609375,0.000625000,0.000562500,0.000625000,0.000609375,16,0.001359375,0.001359375,0.001375000,0.001375000,0.001375000,0.001359375,16,0.004601562,0.004593750,0.004562500,0.004562500,0.004625000,0.004601562,16
1765340433.0402842,2025-12-10 12:20:33,-0.001250000,-0.001250000,-0.001000000,-0.001000000,-0.002000000,-0.001250000,16,-0.000625000,-0.000500000,-0.000500000,-0.001000000,0.000000000,-0.000625000,16,0.002242188,0.002250000,0.002250000,0.002250000,0.002250000,0.002242188,16,0.000640625,0.000656250,0.000656250,0.000687500,0.000625000,0.000640625,16,0.002289062,0.002296875,0.002312500,0.002312500,0.002375000,0.002289062,16,0.001390625,0.001390625,0.001406250,0.001375000,0.001500000,0.001390625,16,0.001679687,0.001671875,0.001687500,0.001687500,0.001625000,0.001679687,16,0.004453125,0.004453125,0.004468750,0.004437500,0.004500000,0.004453125,16
1765340443.8871355,2025-12-10 12:20:43,-0.001250000,-0.001250000,-0.001000000,-0.001000000,-0.002000000,-0.001250000,16,-0.000500000,-0.000500000,-0.000500000,-0.001000000,0.000000000,-0.000500000,16,0.002812500,0.002812500,0.002812500,0.002812500,0.002875000,0.002812500,16,0.001375000,0.001375000,0.001375000,0.001375000,0.001375000,0.001375000,16,0.002265625,0.002281250,0.002281250,0.002312500,0.002250000,0.002265625,16,0.001382812,0.001390625,0.001406250,0.001375000,0.001375000,0.001382812,16,0.001796875,0.001812500,0.001812500,0.001812500,0.001750000,0.001796875,16,0.004304688,0.004312500,0.004312500,0.004312500,0.004375000,0.004304688,16
1765340454.7325795,2025-12-10 12:20:54,-0.001250000,-0.001250000,-0.001500000,-0.001000000,-0.002000000,-0.001250000,16,-0.000625000,-0.000500000,-0.000500000,-0.001000000,0.000000000,-0.000625000,16,0.001976563,0.001968750,0.001968750,0.001937500,0.002000000,0.001976563,16,-0.000007813,-0.000015625,0.000000000,0.000000000,0.000000000,-0.000007813,16,0.001437500,0.001421875,0.001406250,0.001437500,0.001375000,0.001437500,16,0.000640625,0.000640625,0.000656250,0.000625000,0.000625000,0.000640625,16,0.001671875,0.001671875,0.001656250,0.001625000,0.001625000,0.001671875,16,0.004859375,0.004843750,0.004843750,0.004875000,0.004875000,0.004859375,16
1765340465.581751,2025-12-10 12:21:05,-0.001125000,-0.001250000,-0.001000000,-0.001000000,-0.002000000,-0.001125000,16,-0.000250000,-0.000250000,-0.000500000,0.000000000,0.000000000,-0.000250000,16,0.002398437,0.002406250,0.002406250,0.002375000,0.002375000,0.002398437,16,0.000351562,0.000343750,0.000343750,0.000375000,0.000375000,0.000351562,16,0.001539063,0.001546875,0.001531250,0.001562500,0.001500000,0.001539063,16,0.000523438,0.000515625,0.000531250,0.000562500,0.000625000,0.000523438,16,0.001429687,0.001437500,0.001437500,0.001437500,0.001375000,0.001429687,16,0.004507812,0.004500000,0.004500000,0.004500000,0.004500000,0.004507812,16
1765340476.4294088,2025-12-10 12:21:16,-0.001125000,-0.001250000,-0.001000000,-0.001000000,-0.002000000,-0.001125000,16,-0.000250000,-0.000250000,-0.000500000,0.000000000,0.000000000,-0.000250000,16,0.002539063,0.002546875,0.002531250,0.002562500,0.002625000,0.002539063,16,0.000945312,0.000921875,0.000937500,0.000937500,0.000875000,0.000945312,16,0.001296875,0.001296875,0.001312500,0.001312500,0.001250000,0.001296875,16,0.000390625,0.000375000,0.000375000,0.000375000,0.000375000,0.000390625,16,0.001484375,0.001484375,0.001468750,0.001437500,0.001500000,0.001484375,16,0.004328125,0.004328125,0.004343750,0.004375000,0.004375000,0.004328125,16
1765340487.2796185,2025-12-10 12:21:27,-0.001000000,-0.001000000,-0.001000000,-0.001000000,-0.002000000,-0.001000000,16,-0.000375000,-0.000250000,-0.000500000,0.000000000,0.000000000,-0.000375000,16,0.002289062,0.002281250,0.002281250,0.002250000,0.002250000,0.002289062,16,0.001109375,0.001109375,0.001125000,0.001125000,0.001125000,0.001109375,16,0.000890625,0.000890625,0.000906250,0.000875000,0.001000000,0.000890625,16,0.000234375,0.000234375,0.000250000,0.000250000,0.000250000,0.000234375,16,0.001429687,0.001421875,0.001406250,0.001437500,0.001375000,0.001429687,16,0.003453125,0.003453125,0.003468750,0.003437500,0.003500000,0.003453125,16
1765340498.127635,2025-12-10 12:21:38,-0.001250000,-0.001250000,-0.001500000,-0.001000000,-0.002000000,-0.001250000,16,-0.000500000,-0.000500000,-0.000500000,0.000000000,0.000000000,-0.000500000,16,0.002960938,0.002953125,0.002968750,0.002937500,0.002875000,0.002960938,16,0.001484375,0.001484375,0.001468750,0.001500000,0.001500000,0.001484375,16,0.002804687,0.002812500,0.002812500,0.002812500,0.002750000,0.002804687,16,0.001312500,0.001312500,0.001312500,0.001312500,0.001250000,0.001312500,16,0.001734375,0.001734375,0.001750000,0.001750000,0.001750000,0.001734375,16,0.005093750,0.005109375,0.005125000,0.005125000,0.005125000,0.005093750,16
1765340508.97531,2025-12-10 12:21:48,-0.001000000,-0.001000000,-0.001000000,-0.001000000,0.000000000,-0.001000000,16,-0.000125000,0.000000000,0.000000000,0.000000000,0.000000000,-0.000125000,16,0.002625000,0.002625000,0.002625000,0.002625000,0.002625000,0.002625000,16,0.001539063,0.001531250,0.001531250,0.001500000,0.001500000,0.001539063,16,0.001843750,0.001843750,0.001843750,0.001812500,0.001875000,0.001843750,16,0.000953125,0.000953125,0.000937500,0.000937500,0.001000000,0.000953125,16,0.001484375,0.001468750,0.001468750,0.001500000,0.001500000,0.001484375,16,0.004351563,0.004343750,0.004343750,0.004312500,0.004375000,0.004351563,16
1765340519.8227856,2025-12-10 12:21:59,-0.001125000,-0.001250000,-0.001000000,-0.001000000,-0.002000000,-0.001125000,16,-0.000375000,-0.000250000,-0.000500000,0.000000000,0.000000000,-0.000375000,16,0.002992188,0.003000000,0.003000000,0.003000000,0.003000000,0.002992188,16,0.001609375,0.001609375,0.001625000,0.001625000,0.001625000,0.001609375,16,0.002906250,0.002906250,0.002937500,0.002937500,0.002875000,0.002906250,16,0.001226563,0.001234375,0.001250000,0.001250000,0.001250000,0.001226563,16,0.001539063,0.001546875,0.001531250,0.001562500,0.001500000,0.001539063,16,0.005476563,0.005468750,0.005468750,0.005500000,0.005500000,0.005476563,16
1765340530.6692781,2025-12-10 12:22:10,-0.001000000,-0.001000000,-0.001000000,-0.001000000,0.000000000,-0.001000000,16,-0.000125000,-0.000250000,0.000000000,0.000000000,0.000000000,-0.000125000,16,0.002343750,0.002343750,0.002343750,0.002375000,0.002375000,0.002343750,16,0.001335938,0.001328125,0.001343750,0.001312500,0.001250000,0.001335938,16,0.001890625,0.001890625,0.001906250,0.001875000,0.001875000,0.001890625,16,0.000906250,0.000906250,0.000906250,0.000937500,0.000875000,0.000906250,16,0.001414062,0.001390625,0.001406250,0.001375000,0.001375000,0.001414062,16,0.004265625,0.004281250,0.004281250,0.004250000,0.004250000,0.004265625,16
1765340541.514551,2025-12-10 12:22:21,-0.001000000,-0.001000000,-0.001000000,-0.001000000,0.000000000,-0.001000000,16,-0.000125000,-0.000250000,0.000000000,0.000000000,0.000000000,-0.000125000,16,0.002179688,0.002171875,0.002156250,0.002125000,0.002125000,0.002179688,16,0.000625000,0.000625000,0.000625000,0.000625000,0.000625000,0.000625000,16,0.001343750,0.001359375,0.001375000,0.001375000,0.001375000,0.001343750,16,0.000609375,0.000609375,0.000593750,0.000625000,0.000625000,0.000609375,16,0.001437500,0.001437500,0.001437500,0.001437500,0.001500000,0.001437500,16,0.004617187,0.004625000,0.004625000,0.004625000,0.004625000,0.004617187,16
1765340552.3601868,2025-12-10 12:22:32,-0.001125000,-0.001250000,-0.001000000,-0.001000000,-0.002000000,-0.001125000,16,-0.000375000,-0.000250000,-0.000500000,0.000000000,0.000000000,-0.000375000,16,0.002867187,0.002859375,0.002875000,0.002875000,0.002875000,0.002867187,16,0.001562500,0.001562500,0.001562500,0.001562500,0.001500000,0.001562500,16,0.002289062,0.002296875,0.002312500,0.002312500,0.002250000,0.002289062,16,0.001070313,0.001078125,0.001062500,0.001062500,0.001125000,0.001070313,16,0.001531250,0.001531250,0.001531250,0.001500000,0.001500000,0.001531250,16,0.005000000,0.005000000,0.005000000,0.005000000,0.005000000,0.005000000,16
1765340563.204931,2025-12-10 12:22:43,-0.001125000,-0.001250000,-0.001000000,-0.001000000,-0.002000000,-0.001125000,16,-0.000375000,-0.000250000,-0.000500000,0.000000000,0.000000000,-0.000375000,16,0.002835937,0.002828125,0.002843750,0.002812500,0.002875000,0.002835937,16,0.001664062,0.001671875,0.001687500,0.001687500,0.001625000,0.001664062,16,0.003164063,0.003156250,0.003156250,0.003187500,0.003125000,0.003164063,16,0.001476563,0.001468750,0.001468750,0.001437500,0.001500000,0.001476563,16,0.001562500,0.001562500,0.001562500,0.001562500,0.001500000,0.001562500,16,0.005109375,0.005109375,0.005093750,0.005125000,0.005125000,0.005109375,16
1765340574.0478575,2025-12-10 12:22:54,-0.001000000,-0.001000000,-0.001000000,-0.001000000,0.000000000,-0.001000000,16,-0.000125000,-0.000250000,0.000000000,0.000000000,0.000000000,-0.000125000,16,0.002531250,0.002531250,0.002531250,0.002500000,0.002500000,0.002531250,16,0.001382812,0.001375000,0.001375000,0.001375000,0.001375000,0.001382812,16,0.002593750,0.002593750,0.002593750,0.002562500,0.002500000,0.002593750,16,0.001171875,0.001171875,0.001156250,0.001187500,0.001125000,0.001171875,16,0.001453125,0.001453125,0.001437500,0.001437500,0.001500000,0.001453125,16,0.005015625,0.005000000,0.005000000,0.005000000,0.005000000,0.005015625,16
1765340584.8946733,2025-12-10 12:23:04,-0.001125000,-0.001000000,-0.001000000,-0.001000000,0.000000000,-0.001125000,16,-0.000250000,-0.000250000,0.000000000,0.000000000,0.000000000,-0.000250000,16,0.002601563,0.002593750,0.002593750,0.002562500,0.002625000,0.002601563,16,0.001218750,0.001218750,0.001218750,0.001187500,0.001250000,0.001218750,16,0.002906250,0.002890625,0.002906250,0.002875000,0.002875000,0.002906250,16,0.001046875,0.001031250,0.001031250,0.001000000,0.001000000,0.001046875,16,0.001421875,0.001421875,0.001406250,0.001437500,0.001375000,0.001421875,16,0.005578125,0.005593750,0.005593750,0.005562500,0.005500000,0.005578125,16
1765340595.7392802,2025-12-10 12:23:15,-0.001000000,-0.001000000,-0.001000000,-0.001000000,0.000000000,-0.001000000,16,-0.000125000,-0.000250000,0.000000000,0.000000000,0.000000000,-0.000125000,16,0.001898437,0.001906250,0.001906250,0.001875000,0.001875000,0.001898437,16,0.000289062,0.000281250,0.000281250,0.000312500,0.000250000,0.000289062,16,0.002593750,0.002593750,0.002593750,0.002562500,0.002625000,0.002593750,16,0.000343750,0.000343750,0.000343750,0.000375000,0.000375000,0.000343750,16,0.001289063,0.001281250,0.001312500,0.001250000,0.001250000,0.001289063,16,0.006835938,0.006828125,0.006843750,0.006812500,0.006875000,0.006835938,16
1765340606.5827746,2025-12-10 12:23:26,-0.001125000,-0.001000000,-0.001000000,-0.001000000,0.000000000,-0.001125000,16,-0.000250000,-0.000250000,0.000000000,0.000000000,0.000000000,-0.000250000,16,0.002812500,0.002812500,0.002812500,0.002812500,0.002750000,0.002812500,16,0.001687500,0.001703125,0.001687500,0.001687500,0.001750000,0.001687500,16,0.003882812,0.003890625,0.003906250,0.003875000,0.003875000,0.003882812,16,0.001070313,0.001078125,0.001062500,0.001062500,0.001125000,0.001070313,16,0.001398437,0.001390625,0.001406250,0.001375000,0.001375000,0.001398437,16,0.007234375,0.007234375,0.007250000,0.007250000,0.007250000,0.007234375,16
1765340617.428621,2025-12-10 12:23:37,-0.001125000,-0.001000000,-0.001000000,-0.001000000,-0.002000000,-0.001125000,16,-0.000375000,-0.000250000,-0.000500000,0.000000000,0.000000000,-0.000375000,16,0.002351562,0.002343750,0.002343750,0.002375000,0.002375000,0.002351562,16,0.001195312,0.001187500,0.001187500,0.001187500,0.001250000,0.001195312,16,0.004187500,0.004187500,0.004187500,0.004187500,0.004125000,0.004187500,16,0.000617188,0.000609375,0.000593750,0.000625000,0.000625000,0.000617188,16,0.001367188,0.001359375,0.001375000,0.001375000,0.001375000,0.001367188,16,0.007617187,0.007625000,0.007625000,0.007625000,0.007625000,0.007617187,16
1765340628.272236,2025-12-10 12:23:48,-0.001000000,-0.001000000,-0.001000000,-0.001000000,0.000000000,-0.001000000,16,-0.000125000,-0.000250000,0.000000000,0.000000000,0.000000000,-0.000125000,16,0.001859375,0.001843750,0.001843750,0.001812500,0.001750000,0.001859375,16,0.000093750,0.000093750,0.000093750,0.000062500,0.000125000,0.000093750,16,0.003265625,0.003250000,0.003250000,0.003250000,0.003250000,0.003265625,16,-0.000054688,-0.000046875,-0.000031250,-0.000062500,-0.000125000,-0.000054688,16,0.000820312,0.000828125,0.000843750,0.000812500,0.000875000,0.000820312,16,0.004476563,0.004500000,0.004531250,0.004500000,0.004625000,0.004476563,16
1765340639.1153758,2025-12-10 12:23:59,-0.001125000,-0.001250000,-0.001000000,-0.001000000,-0.002000000,-0.001125000,16,-0.000375000,-0.000500000,-0.000500000,0.000000000,0.000000000,-0.000375000,16,0.002687500,0.002703125,0.002687500,0.002750000,0.002625000,0.002687500,16,0.000804688,0.000828125,0.000812500,0.000812500,0.000875000,0.000804688,16,0.004398438,0.004390625,0.004406250,0.004437500,0.004375000,0.004398438,16,0.000390625,0.000390625,0.000375000,0.000375000,0.000375000,0.000390625,16,0.001406250,0.001406250,0.001406250,0.001375000,0.001375000,0.001406250,16,0.009421875,0.009421875,0.009406250,0.009437500,0.009500000,0.009421875,16
1765340649.9588413,2025-12-10 12:24:09,-0.001125000,-0.001250000,-0.001000000,-0.001000000,-0.002000000,-0.001125000,16,-0.000250000,-0.000250000,-0.000500000,0.000000000,0.000000000,-0.000250000,16,0.003585938,0.003593750,0.003593750,0.003562500,0.003500000,0.003585938,16,0.002203125,0.002203125,0.002187500,0.002187500,0.002250000,0.002203125,16,0.005273438,0.005265625,0.005250000,0.005250000,0.005250000,0.005273438,16,0.001007813,0.001000000,0.001000000,0.001000000,0.001000000,0.001007813,16,0.001460937,0.001468750,0.001468750,0.001437500,0.001375000,0.001460937,16,0.009257813,0.009250000,0.009250000,0.009250000,0.009250000,0.009257813,16
1765340660.804604,2025-12-10 12:24:20,-0.001125000,-0.001000000,-0.001000000,-0.001000000,-0.002000000,-0.001125000,16,-0.000250000,-0.000250000,0.000000000,0.000000000,0.000000000,-0.000250000,16,0.002773437,0.002781250,0.002750000,0.002812500,0.002750000,0.002773437,16,0.000960937,0.000953125,0.000968750,0.001000000,0.001000000,0.000960937,16,0.003632813,0.003640625,0.003656250,0.003625000,0.003625000,0.003632813,16,0.000664063,0.000656250,0.000656250,0.000687500,0.000625000,0.000664063,16,0.001382812,0.001375000,0.001375000,0.001375000,0.001375000,0.001382812,16,0.007820313,0.007828125,0.007843750,0.007812500,0.007875000,0.007820313,16
1765340671.6502059,2025-12-10 12:24:31,-0.001125000,-0.001000000,-0.001000000,-0.001000000,0.000000000,-0.001125000,16,-0.000250000,-0.000250000,0.000000000,0.000000000,0.000000000,-0.000250000,16,0.003242188,0.003250000,0.003250000,0.003187500,0.003250000,0.003242188,16,0.002000000,0.002000000,0.002000000,0.002000000,0.002000000,0.002000000,16,0.005093750,0.005093750,0.005093750,0.005062500,0.005125000,0.005093750,16,0.000992188,0.001000000,0.001000000,0.001000000,0.001000000,0.000992188,16,0.001343750,0.001343750,0.001343750,0.001312500,0.001250000,0.001343750,16,0.008273437,0.008265625,0.008250000,0.008250000,0.008250000,0.008273437,16
1765340682.4987326,2025-12-10 12:24:42,-0.001000000,-0.001000000,-0.001000000,-0.001000000,-0.002000000,-0.001000000,16,-0.000125000,-0.000250000,0.000000000,0.000000000,0.000000000,-0.000125000,16,0.002875000,0.002875000,0.002843750,0.002812500,0.002875000,0.002875000,16,0.001289063,0.001265625,0.001250000,0.001187500,0.001125000,0.001289063,16,0.004398438,0.004359375,0.004343750,0.004312500,0.004250000,0.004398438,16,0.000445313,0.000421875,0.000406250,0.000375000,0.000375000,0.000445313,16,0.001218750,0.001218750,0.001218750,0.001187500,0.001125000,0.001218750,16,0.008148437,0.008156250,0.008156250,0.008125000,0.008125000,0.008148437,16
1765340693.3455749,2025-12-10 12:24:53,-0.001125000,-0.001000000,-0.001000000,-0.001000000,-0.002000000,-0.001125000,16,-0.000250000,-0.000250000,-0.000500000,0.000000000,0.000000000,-0.000250000,16,0.001882812,0.001890625,0.001906250,0.001875000,0.001875000,0.001882812,16,0.000093750,0.000109375,0.000093750,0.000125000,0.000125000,0.000093750,16,0.003351562,0.003359375,0.003375000,0.003375000,0.003375000,0.003351562,16,0.000070313,0.000078125,0.000062500,0.000062500,0.000125000,0.000070313,16,0.001343750,0.001359375,0.001343750,0.001312500,0.001375000,0.001343750,16,0.008710937,0.008703125,0.008718750,0.008750000,0.008750000,0.008710937,16
1765340704.1924,2025-12-10 12:25:04,-0.001125000,-0.001250000,-0.001000000,-0.001000000,-0.002000000,-0.001125000,16,-0.000250000,-0.000250000,0.000000000,0.000000000,0.000000000,-0.000250000,16,0.002273437,0.002281250,0.002281250,0.002250000,0.002250000,0.002273437,16,-0.000382813,-0.000390625,-0.000375000,-0.000375000,-0.000375000,-0.000382813,16,0.002726563,0.002734375,0.002750000,0.002750000,0.002750000,0.002726563,16,-0.000765625,-0.000750000,-0.000750000,-0.000750000,-0.000750000,-0.000765625,16,0.001335938,0.001343750,0.001343750,0.001312500,0.001375000,0.001335938,16,0.010054687,0.010062500,0.010062500,0.010062500,0.010125000,0.010054687,16
1765340715.0410166,2025-12-10 12:25:15,-0.001250000,-0.001250000,-0.001500000,-0.001000000,-0.002000000,-0.001250000,16,-0.000500000,-0.000500000,-0.000500000,0.000000000,0.000000000,-0.000500000,16,0.003804687,0.003812500,0.003812500,0.003812500,0.003750000,0.003804687,16,0.002062500,0.002062500,0.002062500,0.002062500,0.002000000,0.002062500,16,0.006023438,0.006031250,0.006000000,0.006062500,0.006000000,0.006023438,16,0.000992188,0.001000000,0.001000000,0.001000000,0.001000000,0.000992188,16,0.001625000,0.001640625,0.001625000,0.001625000,0.001625000,0.001625000,16,0.010601562,0.010593750,0.010593750,0.010562500,0.010625000,0.010601562,16
1765340725.8902135,2025-12-10 12:25:25,-0.001125000,-0.001000000,-0.001000000,-0.001000000,-0.002000000,-0.001125000,16,-0.000250000,-0.000250000,0.000000000,0.000000000,0.000000000,-0.000250000,16,0.003328125,0.003312500,0.003312500,0.003250000,0.003250000,0.003328125,16,0.001828125,0.001828125,0.001812500,0.001750000,0.001750000,0.001828125,16,0.005773437,0.005765625,0.005750000,0.005750000,0.005750000,0.005773437,16,0.000539063,0.000546875,0.000531250,0.000562500,0.000500000,0.000539063,16,0.000898438,0.000890625,0.000906250,0.000937500,0.000875000,0.000898438,16,0.007617187,0.007609375,0.007625000,0.007625000,0.007625000,0.007617187,16
1765340736.7375977,2025-12-10 12:25:36,-0.001000000,-0.001000000,-0.001000000,-0.001000000,-0.002000000,-0.001000000,16,0.000000000,0.000000000,0.000000000,0.000000000,0.000000000,0.000000000,16,0.001765625,0.001750000,0.001750000,0.001750000,0.001625000,0.001765625,16,0.000140625,0.000125000,0.000125000,0.000125000,0.000125000,0.000140625,16,0.002515625,0.002500000,0.002500000,0.002500000,0.002500000,0.002515625,16,-0.000281250,-0.000281250,-0.000281250,-0.000312500,-0.000250000,-0.000281250,16,0.001304688,0.001296875,0.001312500,0.001250000,0.001250000,0.001304688,16,0.008101562,0.008109375,0.008125000,0.008125000,0.008125000,0.008101562,16
1765340747.5836747,2025-12-10 12:25:47,-0.001375000,-0.001500000,-0.001500000,-0.001000000,-0.002000000,-0.001375000,16,-0.000375000,-0.000500000,-0.000500000,0.000000000,0.000000000,-0.000375000,16,0.002695313,0.002687500,0.002718750,0.002687500,0.002750000,0.002695313,16,-0.000062500,-0.000046875,-0.000062500,0.000000000,0.000000000,-0.000062500,16,0.002898437,0.002906250,0.002906250,0.002875000,0.002875000,0.002898437,16,-0.000210937,-0.000203125,-0.000187500,-0.000187500,-0.000250000,-0.000210937,16,0.001585938,0.001593750,0.001562500,0.001562500,0.001625000,0.001585938,16,0.010062500,0.010062500,0.010062500,0.010062500,0.010125000,0.010062500,16
1765340758.4307423,2025-12-10 12:25:58,-0.001375000,-0.001250000,-0.001500000,-0.001000000,-0.002000000,-0.001375000,16,-0.000500000,-0.000500000,-0.000500000,-0.001000000,0.000000000,-0.000500000,16,0.003210938,0.003203125,0.003218750,0.003187500,0.003250000,0.003210938,16,0.000343750,0.000343750,0.000343750,0.000312500,0.000375000,0.000343750,16,0.002976563,0.002984375,0.003000000,0.003000000,0.003000000,0.002976563,16,-0.000117187,-0.000109375,-0.000093750,-0.000125000,-0.000125000,-0.000117187,16,0.001718750,0.001718750,0.001718750,0.001687500,0.001625000,0.001718750,16,0.009734375,0.009734375,0.009750000,0.009750000,0.009750000,0.009734375,16
1765340769.2774825,2025-12-10 12:26:09,-0.001125000,-0.001250000,-0.001000000,-0.001000000,-0.002000000,-0.001125000,16,-0.000125000,-0.000250000,0.000000000,0.000000000,0.000000000,-0.000125000,16,0.003578125,0.003593750,0.003593750,0.003625000,0.003625000,0.003578125,16,0.001046875,0.001046875,0.001062500,0.001062500,0.001125000,0.001046875,16,0.004289063,0.004296875,0.004312500,0.004312500,0.004375000,0.004289063,16,0.000062500,0.000046875,0.000062500,0.000062500,0.000000000,0.000062500,16,0.001335938,0.001328125,0.001312500,0.001312500,0.001250000,0.001335938,16,0.009875000,0.009828125,0.009812500,0.009750000,0.009750000,0.009875000,16
1765340780.123308,2025-12-10 12:26:20,-0.001125000,-0.001250000,-0.001000000,-0.001000000,-0.002000000,-0.001125000,16,-0.000125000,-0.000250000,0.000000000,0.000000000,0.000000000,-0.000125000,16,0.003875000,0.003890625,0.003875000,0.003875000,0.003875000,0.003875000,16,0.001085938,0.001093750,0.001093750,0.001062500,0.001000000,0.001085938,16,0.005703125,0.005703125,0.005687500,0.005687500,0.005750000,0.005703125,16,0.000046875,0.000046875,0.000062500,0.000062500,0.000125000,0.000046875,16,0.000953125,0.000953125,0.000968750,0.000937500,0.000875000,0.000953125,16,0.010023437,0.010046875,0.010062500,0.010062500,0.010125000,0.010023437,16
1765340790.9682322,2025-12-10 12:26:30,-0.001250000,-0.001250000,-0.001000000,-0.001000000,-0.002000000,-0.001250000,16,-0.000250000,-0.000250000,0.000000000,0.000000000,0.000000000,-0.000250000,16,0.004070313,0.004062500,0.004062500,0.004062500,0.004000000,0.004070313,16,0.000601562,0.000593750,0.000593750,0.000562500,0.000625000,0.000601562,16,0.004304688,0.004296875,0.004312500,0.004312500,0.004250000,0.004304688,16,-0.000195313,-0.000187500,-0.000187500,-0.000187500,-0.000250000,-0.000195313,16,0.001437500,0.001437500,0.001437500,0.001437500,0.001375000,0.001437500,16,0.012320312,0.012312500,0.012312500,0.012312500,0.012250000,0.012320312,16
1765340801.8127606,2025-12-10 12:26:41,-0.001125000,-0.001000000,-0.001000000,-0.001000000,-0.002000000,-0.001125000,16,-0.000125000,-0.000250000,0.000000000,0.000000000,0.000000000,-0.000125000,16,0.003289062,0.003296875,0.003312500,0.003312500,0.003250000,0.003289062,16,0.001031250,0.001046875,0.001062500,0.001062500,0.001125000,0.001031250,16,0.005054688,0.005062500,0.005062500,0.005062500,0.005125000,0.005054688,16,0.000296875,0.000296875,0.000312500,0.000312500,0.000250000,0.000296875,16,0.001523438,0.001515625,0.001500000,0.001500000,0.001500000,0.001523438,16,0.010484375,0.010484375,0.010500000,0.010437500,0.010500000,0.010484375,16
1765340812.6613176,2025-12-10 12:26:52,-0.001250000,-0.001250000,-0.001500000,-0.001000000,-0.002000000,-0.001250000,16,-0.000250000,-0.000250000,-0.000500000,0.000000000,0.000000000,-0.000250000,16,0.004203125,0.004203125,0.004218750,0.004187500,0.004250000,0.004203125,16,0.002593750,0.002593750,0.002593750,0.002625000,0.002625000,0.002593750,16,0.005234375,0.005250000,0.005250000,0.005250000,0.005250000,0.005234375,16,0.000757813,0.000750000,0.000750000,0.000750000,0.000750000,0.000757813,16,0.001664062,0.001656250,0.001687500,0.001625000,0.001625000,0.001664062,16,0.009812500,0.009812500,0.009812500,0.009812500,0.009875000,0.009812500,16
1765340823.5066535,2025-12-10 12:27:03,-0.001125000,-0.001250000,-0.001000000,-0.001000000,-0.002000000,-0.001125000,16,-0.000125000,0.000000000,0.000000000,0.000000000,0.000000000,-0.000125000,16,0.004382813,0.004375000,0.004375000,0.004375000,0.004375000,0.004382813,16,0.002890625,0.002890625,0.002906250,0.002875000,0.002875000,0.002890625,16,0.006171875,0.006171875,0.006156250,0.006187500,0.006125000,0.006171875,16,0.001140625,0.001140625,0.001125000,0.001125000,0.001125000,0.001140625,16,0.001679687,0.001671875,0.001687500,0.001687500,0.001750000,0.001679687,16,0.009882813,0.009890625,0.009875000,0.009875000,0.009875000,0.009882813,16
1765340834.3510044,2025-12-10 12:27:14,-0.001000000,-0.001000000,-0.001000000,-0.001000000,0.000000000,-0.001000000,16,0.000125000,0.000000000,0.000000000,0.000000000,0.000000000,0.000125000,16,0.003937500,0.003953125,0.003937500,0.003937500,0.004000000,0.003937500,16,0.002625000,0.002625000,0.002625000,0.002625000,0.002625000,0.002625000,16,0.005695312,0.005703125,0.005687500,0.005687500,0.005750000,0.005695312,16,0.000945312,0.000953125,0.000968750,0.000937500,0.001000000,0.000945312,16,0.001531250,0.001531250,0.001531250,0.001500000,0.001500000,0.001531250,16,0.008992188,0.009000000,0.009031250,0.009000000,0.009000000,0.008992188,16
1765340845.1947367,2025-12-10 12:27:25,-0.001000000,-0.001000000,-0.001000000,-0.001000000,-0.002000000,-0.001000000,16,-0.000125000,0.000000000,0.000000000,0.000000000,0.000000000,-0.000125000,16,0.003421875,0.003437500,0.003437500,0.003437500,0.003500000,0.003421875,16,0.001867188,0.001859375,0.001843750,0.001875000,0.001875000,0.001867188,16,0.004921875,0.004921875,0.004906250,0.004937500,0.004875000,0.004921875,16,0.000562500,0.000562500,0.000562500,0.000562500,0.000500000,0.000562500,16,0.001531250,0.001531250,0.001531250,0.001500000,0.001500000,0.001531250,16,0.009085938,0.009078125,0.009062500,0.009062500,0.009125000,0.009085938,16
1765340856.0385263,2025-12-10 12:27:36,-0.001000000,-0.001000000,-0.001000000,-0.001000000,0.000000000,-0.001000000,16,-0.000125000,-0.000250000,0.000000000,0.000000000,0.000000000,-0.000125000,16,0.003328125,0.003328125,0.003312500,0.003312500,0.003250000,0.003328125,16,0.002171875,0.002187500,0.002187500,0.002187500,0.002250000,0.002171875,16,0.004898438,0.004906250,0.004906250,0.004937500,0.004875000,0.004898438,16,0.000843750,0.000843750,0.000843750,0.000875000,0.000875000,0.000843750,16,0.001585938,0.001578125,0.001593750,0.001562500,0.001500000,0.001585938,16,0.007640625,0.007625000,0.007593750,0.007625000,0.007625000,0.007640625,16
1765340866.884374,2025-12-10 12:27:46,-0.001125000,-0.001000000,-0.001000000,-0.001000000,-0.002000000,-0.001125000,16,-0.000125000,-0.000250000,0.000000000,0.000000000,0.000000000,-0.000125000,16,0.003070313,0.003078125,0.003062500,0.003125000,0.003125000,0.003070313,16,0.001859375,0.001859375,0.001843750,0.001875000,0.001875000,0.001859375,16,0.004578125,0.004578125,0.004562500,0.004625000,0.004625000,0.004578125,16,0.000781250,0.000781250,0.000781250,0.000750000,0.000750000,0.000781250,16,0.001585938,0.001593750,0.001593750,0.001562500,0.001625000,0.001585938,16,0.007476563,0.007484375,0.007500000,0.007500000,0.007500000,0.007476563,16
1765340877.7299485,2025-12-10 12:27:57,-0.001125000,-0.001000000,-0.001000000,-0.001000000,0.000000000,-0.001125000,16,-0.000375000,-0.000250000,-0.000500000,0.000000000,0.000000000,-0.000375000,16,0.002289062,0.002296875,0.002312500,0.002312500,0.002375000,0.002289062,16,0.000906250,0.000906250,0.000906250,0.000875000,0.000875000,0.000906250,16,0.003289062,0.003296875,0.003281250,0.003250000,0.003250000,0.003289062,16,0.000437500,0.000437500,0.000437500,0.000437500,0.000375000,0.000437500,16,0.001742188,0.001750000,0.001750000,0.001750000,0.001750000,0.001742188,16,0.007062500,0.007078125,0.007062500,0.007062500,0.007000000,0.007062500,16
1765340888.5759172,2025-12-10 12:28:08,-0.001375000,-0.001250000,-0.001500000,-0.001000000,-0.002000000,-0.001375000,16,-0.000375000,-0.000500000,-0.000500000,0.000000000,0.000000000,-0.000375000,16,0.003273437,0.003265625,0.003281250,0.003312500,0.003250000,0.003273437,16,0.002179688,0.002187500,0.002187500,0.002187500,0.002250000,0.002179688,16,0.004351563,0.004359375,0.004375000,0.004375000,0.004375000,0.004351563,16,0.001226563,0.001234375,0.001218750,0.001250000,0.001250000,0.001226563,16,0.001906250,0.001906250,0.001906250,0.001937500,0.001875000,0.001906250,16,0.007023438,0.007031250,0.007031250,0.007062500,0.007000000,0.007023438,16
1765340899.4204116,2025-12-10 12:28:19,-0.001250000,-0.001250000,-0.001000000,-0.001000000,-0.002000000,-0.001250000,16,-0.000375000,-0.000250000,-0.000500000,0.000000000,0.000000000,-0.000375000,16,0.003187500,0.003187500,0.003187500,0.003187500,0.003125000,0.003187500,16,0.002273437,0.002281250,0.002281250,0.002250000,0.002250000,0.002273437,16,0.004093750,0.004109375,0.004093750,0.004125000,0.004000000,0.004093750,16,0.001023438,0.001031250,0.001031250,0.001062500,0.001000000,0.001023438,16,0.001765625,0.001750000,0.001750000,0.001750000,0.001750000,0.001765625,16,0.006656250,0.006656250,0.006656250,0.006687500,0.006625000,0.006656250,16
1765340910.267012,2025-12-10 12:28:30,-0.001125000,-0.001250000,-0.001000000,-0.001000000,-0.002000000,-0.001125000,16,-0.000375000,-0.000500000,-0.000500000,0.000000000,0.000000000,-0.000375000,16,0.003171875,0.003171875,0.003156250,0.003125000,0.003125000,0.003171875,16,0.002554688,0.002546875,0.002562500,0.002562500,0.002500000,0.002554688,16,0.004367188,0.004375000,0.004375000,0.004375000,0.004375000,0.004367188,16,0.001265625,0.001265625,0.001250000,0.001250000,0.001250000,0.001265625,16,0.001640625,0.001656250,0.001656250,0.001625000,0.001625000,0.001640625,16,0.006015625,0.006015625,0.006000000,0.006000000,0.006000000,0.006015625,16
1765340921.1157632,2025-12-10 12:28:41,-0.000875000,-0.000750000,-0.001000000,-0.001000000,0.000000000,-0.000875000,16,0.000125000,0.000250000,0.000000000,0.000000000,0.000000000,0.000125000,16,0.003031250,0.003031250,0.003062500,0.003062500,0.003000000,0.003031250,16,0.001937500,0.001953125,0.001937500,0.001937500,0.002000000,0.001937500,16,0.003320312,0.003312500,0.003312500,0.003312500,0.003375000,0.003320312,16,0.000296875,0.000296875,0.000312500,0.000312500,0.000375000,0.000296875,16,0.001367188,0.001359375,0.001375000,0.001375000,0.001375000,0.001367188,16,0.006750000,0.006750000,0.006750000,0.006750000,0.006750000,0.006750000,16
1765340931.9637322,2025-12-10 12:28:51,-0.001000000,-0.001000000,-0.001000000,-0.001000000,-0.002000000,-0.001000000,16,-0.000125000,0.000000000,0.000000000,0.000000000,0.000000000,-0.000125000,16,0.002796875,0.002796875,0.002781250,0.002750000,0.002750000,0.002796875,16,0.001250000,0.001250000,0.001250000,0.001250000,0.001250000,0.001250000,16,0.004062500,0.004062500,0.004062500,0.004062500,0.004000000,0.004062500,16,0.000328125,0.000328125,0.000343750,0.000312500,0.000375000,0.000328125,16,0.000921875,0.000921875,0.000937500,0.000937500,0.000875000,0.000921875,16,0.004523437,0.004515625,0.004500000,0.004500000,0.004500000,0.004523437,16
1765340942.811998,2025-12-10 12:29:02,-0.001125000,-0.001000000,-0.001000000,-0.001000000,-0.002000000,-0.001125000,16,-0.000125000,-0.000250000,0.000000000,0.000000000,0.000000000,-0.000125000,16,0.002804687,0.002796875,0.002812500,0.002812500,0.002750000,0.002804687,16,0.001742188,0.001750000,0.001750000,0.001750000,0.001750000,0.001742188,16,0.003953125,0.003968750,0.003968750,0.003937500,0.004000000,0.003953125,16,0.000945312,0.000953125,0.000968750,0.000937500,0.001000000,0.000945312,16,0.001492188,0.001500000,0.001500000,0.001500000,0.001500000,0.001492188,16,0.005070313,0.005062500,0.005062500,0.005062500,0.005125000,0.005070313,16
1765340953.6592433,2025-12-10 12:29:13,-0.001000000,-0.001000000,-0.001000000,-0.001000000,-0.002000000,-0.001000000,16,-0.000250000,-0.000250000,0.000000000,0.000000000,0.000000000,-0.000250000,16,0.003414062,0.003406250,0.003406250,0.003437500,0.003375000,0.003414062,16,0.002226563,0.002234375,0.002250000,0.002250000,0.002250000,0.002226563,16,0.004460938,0.004468750,0.004468750,0.004500000,0.004500000,0.004460938,16,0.000601562,0.000593750,0.000593750,0.000562500,0.000625000,0.000601562,16,0.001195312,0.001187500,0.001187500,0.001187500,0.001125000,0.001195312,16,0.005414063,0.005406250,0.005406250,0.005437500,0.005375000,0.005414063,16
1765340964.506276,2025-12-10 12:29:24,-0.001000000,-0.001000000,-0.001000000,-0.001000000,-0.002000000,-0.001000000,16,-0.000125000,-0.000250000,0.000000000,0.000000000,0.000000000,-0.000125000,16,0.002882812,0.002875000,0.002875000,0.002875000,0.002875000,0.002882812,16,0.001687500,0.001687500,0.001687500,0.001687500,0.001750000,0.001687500,16,0.004625000,0.004625000,0.004625000,0.004625000,0.004625000,0.004625000,16,0.000734375,0.000734375,0.000750000,0.000750000,0.000750000,0.000734375,16,0.001171875,0.001171875,0.001187500,0.001187500,0.001125000,0.001171875,16,0.006359375,0.006375000,0.006375000,0.006375000,0.006375000,0.006359375,16
1765340975.3527534,2025-12-10 12:29:35,-0.000875000,-0.001000000,-0.001000000,-0.001000000,0.000000000,-0.000875000,16,0.000000000,0.000000000,0.000000000,0.000000000,0.000000000,0.000000000,16,0.003171875,0.003171875,0.003156250,0.003187500,0.003125000,0.003171875,16,0.001757813,0.001750000,0.001750000,0.001750000,0.001750000,0.001757813,16,0.004375000,0.004375000,0.004406250,0.004375000,0.004375000,0.004375000,16,0.000453125,0.000453125,0.000437500,0.000375000,0.000375000,0.000453125,16,0.001023438,0.001015625,0.001031250,0.001000000,0.001000000,0.001023438,16,0.006515625,0.006484375,0.006468750,0.006375000,0.006375000,0.006515625,16
1765340986.1989093,2025-12-10 12:29:46,-0.000875000,-0.001000000,-0.001000000,-0.001000000,0.000000000,-0.000875000,16,0.000000000,0.000000000,0.000000000,0.000000000,0.000000000,0.000000000,16,0.002710938,0.002718750,0.002718750,0.002750000,0.002750000,0.002710938,16,-0.000117187,-0.000109375,-0.000093750,-0.000125000,-0.000125000,-0.000117187,16,0.005015625,0.005015625,0.005031250,0.005000000,0.005000000,0.005015625,16,-0.000304687,-0.000312500,-0.000312500,-0.000312500,-0.000250000,-0.000304687,16,-0.000148437,-0.000156250,-0.000156250,-0.000125000,-0.000125000,-0.000148437,16,0.005570312,0.005578125,0.005593750,0.005562500,0.005625000,0.005570312,16
1765340997.0453808,2025-12-10 12:29:57,-0.000875000,-0.000750000,-0.001000000,-0.001000000,0.000000000,-0.000875000,16,0.000000000,0.000000000,0.000000000,0.000000000,0.000000000,0.000000000,16,0.003234375,0.003234375,0.003218750,0.003250000,0.003250000,0.003234375,16,0.001554688,0.001562500,0.001562500,0.001562500,0.001500000,0.001554688,16,0.004234375,0.004234375,0.004250000,0.004250000,0.004250000,0.004234375,16,-0.000242187,-0.000234375,-0.000218750,-0.000250000,-0.000250000,-0.000242187,16,0.000640625,0.000640625,0.000656250,0.000687500,0.000625000,0.000640625,16,0.005125000,0.005140625,0.005156250,0.005187500,0.005250000,0.005125000,16
1765341007.8908663,2025-12-10 12:30:07,-0.001000000,-0.001000000,-0.001000000,-0.001000000,0.000000000,-0.001000000,16,-0.000125000,0.000000000,0.000000000,0.000000000,0.000000000,-0.000125000,16,0.002882812,0.002890625,0.002875000,0.002875000,0.002875000,0.002882812,16,0.001046875,0.001031250,0.001031250,0.001000000,0.001000000,0.001046875,16,0.003773437,0.003765625,0.003750000,0.003750000,0.003750000,0.003773437,16,0.000234375,0.000234375,0.000218750,0.000250000,0.000250000,0.000234375,16,0.001210937,0.001218750,0.001218750,0.001187500,0.001250000,0.001210937,16,0.007414063,0.007421875,0.007437500,0.007437500,0.007375000,0.007414063,16
1765341018.734379,2025-12-10 12:30:18,-0.000875000,-0.000750000,-0.001000000,-0.001000000,0.000000000,-0.000875000,16,0.000125000,0.000000000,0.000000000,0.000000000,0.000000000,0.000125000,16,0.003859375,0.003859375,0.003875000,0.003875000,0.003875000,0.003859375,16,0.002234375,0.002250000,0.002250000,0.002250000,0.002250000,0.002234375,16,0.004773437,0.004765625,0.004781250,0.004750000,0.004750000,0.004773437,16,0.000695312,0.000687500,0.000687500,0.000687500,0.000625000,0.000695312,16,0.001265625,0.001250000,0.001250000,0.001250000,0.001250000,0.001265625,16,0.007539062,0.007562500,0.007562500,0.007562500,0.007625000,0.007539062,16
1765341029.5802069,2025-12-10 12:30:29,-0.001000000,-0.001000000,-0.001000000,-0.001000000,0.000000000,-0.001000000,16,0.000000000,0.000000000,0.000000000,0.000000000,0.000000000,0.000000000,16,0.003507813,0.003500000,0.003500000,0.003500000,0.003500000,0.003507813,16,0.001515625,0.001500000,0.001468750,0.001437500,0.001375000,0.001515625,16,0.004093750,0.004078125,0.004062500,0.004062500,0.004000000,0.004093750,16,0.000156250,0.000156250,0.000156250,0.000125000,0.000125000,0.000156250,16,0.001281250,0.001281250,0.001281250,0.001312500,0.001250000,0.001281250,16,0.008492187,0.008500000,0.008500000,0.008500000,0.008500000,0.008492187,16
1765341040.4244554,2025-12-10 12:30:40,-0.000875000,-0.001000000,-0.001000000,-0.001000000,0.000000000,-0.000875000,16,0.000000000,0.000000000,0.000000000,0.000000000,0.000000000,0.000000000,16,0.004179688,0.004171875,0.004187500,0.004187500,0.004125000,0.004179688,16,0.002367187,0.002375000,0.002375000,0.002375000,0.002375000,0.002367187,16,0.005304688,0.005312500,0.005312500,0.005312500,0.005375000,0.005304688,16,0.000796875,0.000796875,0.000781250,0.000812500,0.000750000,0.000796875,16,0.001117188,0.001125000,0.001125000,0.001125000,0.001125000,0.001117188,16,0.008929688,0.008937500,0.008937500,0.008875000,0.008875000,0.008929688,16
1765341051.2685769,2025-12-10 12:30:51,-0.000750000,-0.000750000,-0.001000000,-0.001000000,0.000000000,-0.000750000,16,0.000125000,0.000000000,0.000000000,0.000000000,0.000000000,0.000125000,16,0.003851562,0.003859375,0.003843750,0.003812500,0.003875000,0.003851562,16,0.002406250,0.002390625,0.002406250,0.002375000,0.002375000,0.002406250,16,0.005148438,0.005156250,0.005156250,0.005125000,0.005125000,0.005148438,16,0.000757813,0.000750000,0.000750000,0.000750000,0.000750000,0.000757813,16,0.001218750,0.001218750,0.001218750,0.001187500,0.001250000,0.001218750,16,0.008570312,0.008562500,0.008593750,0.008562500,0.008625000,0.008570312,16
1765341062.1135242,2025-12-10 12:31:02,-0.000750000,-0.000750000,-0.001000000,-0.001000000,0.000000000,-0.000750000,16,0.000125000,0.000250000,0.000000000,0.000000000,0.000000000,0.000125000,16,0.003539063,0.003546875,0.003531250,0.003562500,0.003500000,0.003539063,16,0.002437500,0.002437500,0.002437500,0.002437500,0.002500000,0.002437500,16,0.004703125,0.004703125,0.004687500,0.004687500,0.004750000,0.004703125,16,0.000765625,0.000750000,0.000750000,0.000687500,0.000625000,0.000765625,16,0.001289063,0.001281250,0.001312500,0.001312500,0.001250000,0.001289063,16,0.007398438,0.007390625,0.007406250,0.007375000,0.007375000,0.007398438,16
1765341072.9583423,2025-12-10 12:31:12,-0.000875000,-0.000750000,-0.001000000,-0.001000000,0.000000000,-0.000875000,16,0.000000000,0.000000000,0.000000000,0.000000000,0.000000000,0.000000000,16,0.004039063,0.004031250,0.004062500,0.004062500,0.004000000,0.004039063,16,0.001726563,0.001734375,0.001750000,0.001750000,0.001750000,0.001726563,16,0.005304688,0.005312500,0.005312500,0.005312500,0.005250000,0.005304688,16,0.000437500,0.000437500,0.000437500,0.000437500,0.000375000,0.000437500,16,0.001109375,0.001109375,0.001093750,0.001062500,0.001125000,0.001109375,16,0.009343750,0.009328125,0.009312500,0.009250000,0.009250000,0.009343750,16
1765341083.8042903,2025-12-10 12:31:23,-0.001000000,-0.001000000,-0.001000000,-0.001000000,-0.002000000,-0.001000000,16,-0.000125000,0.000000000,0.000000000,0.000000000,0.000000000,-0.000125000,16,0.003960938,0.003953125,0.003968750,0.004000000,0.004000000,0.003960938,16,0.002710938,0.002703125,0.002687500,0.002687500,0.002625000,0.002710938,16,0.005296875,0.005296875,0.005312500,0.005312500,0.005250000,0.005296875,16,0.001132812,0.001125000,0.001125000,0.001125000,0.001125000,0.001132812,16,0.001437500,0.001437500,0.001437500,0.001437500,0.001375000,0.001437500,16,0.007921875,0.007921875,0.007906250,0.007937500,0.008000000,0.007921875,16
1765341094.649115,2025-12-10 12:31:34,-0.000875000,-0.000750000,-0.001000000,-0.001000000,0.000000000,-0.000875000,16,0.000125000,0.000250000,0.000000000,0.000000000,0.000000000,0.000125000,16,0.004125000,0.004125000,0.004125000,0.004125000,0.004125000,0.004125000,16,0.002390625,0.002390625,0.002375000,0.002375000,0.002375000,0.002390625,16,0.005453125,0.005453125,0.005437500,0.005437500,0.005375000,0.005453125,16,0.000843750,0.000828125,0.000843750,0.000812500,0.000750000,0.000843750,16,0.001203125,0.001203125,0.001187500,0.001187500,0.001250000,0.001203125,16,0.009078125,0.009078125,0.009093750,0.009062500,0.009125000,0.009078125,16
1765341105.494901,2025-12-10 12:31:45,-0.000625000,-0.000500000,-0.000500000,-0.001000000,0.000000000,-0.000625000,16,0.000500000,0.000500000,0.000500000,0.000000000,0.000000000,0.000500000,16,0.004070313,0.004078125,0.004093750,0.004062500,0.004125000,0.004070313,16,0.002062500,0.002062500,0.002062500,0.002062500,0.002000000,0.002062500,16,0.004867187,0.004859375,0.004875000,0.004875000,0.004875000,0.004867187,16,0.000382813,0.000390625,0.000406250,0.000375000,0.000375000,0.000382813,16,0.000929688,0.000937500,0.000937500,0.000937500,0.001000000,0.000929688,16,0.009304688,0.009312500,0.009312500,0.009312500,0.009375000,0.009304688,16
1765341116.341081,2025-12-10 12:31:56,-0.000625000,-0.000750000,-0.000500000,-0.001000000,0.000000000,-0.000625000,16,0.000375000,0.000250000,0.000500000,0.000000000,0.000000000,0.000375000,16,0.002609375,0.002609375,0.002593750,0.002625000,0.002625000,0.002609375,16,0.000117187,0.000109375,0.000125000,0.000125000,0.000125000,0.000117187,16,0.001953125,0.001953125,0.001968750,0.001937500,0.001875000,0.001953125,16,-0.000234375,-0.000218750,-0.000218750,-0.000187500,-0.000250000,-0.000234375,16,0.000960937,0.000968750,0.000968750,0.000937500,0.000875000,0.000960937,16,0.007031250,0.007031250,0.007031250,0.007000000,0.007000000,0.007031250,16
1765341127.1873822,2025-12-10 12:32:07,-0.000750000,-0.000750000,-0.000500000,-0.001000000,0.000000000,-0.000750000,16,0.000125000,0.000000000,0.000000000,0.000000000,0.000000000,0.000125000,16,0.002695313,0.002703125,0.002687500,0.002687500,0.002750000,0.002695313,16,0.000078125,0.000078125,0.000093750,0.000125000,0.000125000,0.000078125,16,0.001460937,0.001468750,0.001468750,0.001500000,0.001500000,0.001460937,16,-0.000164063,-0.000156250,-0.000156250,-0.000125000,-0.000125000,-0.000164063,16,0.001273438,0.001281250,0.001281250,0.001312500,0.001250000,0.001273438,16,0.006085938,0.006078125,0.006093750,0.006125000,0.006125000,0.006085938,16
1765341138.0353107,2025-12-10 12:32:18,-0.001000000,-0.001000000,-0.001000000,-0.001000000,-0.002000000,-0.001000000,16,-0.000125000,-0.000250000,0.000000000,0.000000000,0.000000000,-0.000125000,16,0.003812500,0.003812500,0.003812500,0.003812500,0.003875000,0.003812500,16,0.002156250,0.002156250,0.002156250,0.002125000,0.002125000,0.002156250,16,0.002992188,0.003000000,0.003000000,0.003000000,0.003000000,0.002992188,16,0.000671875,0.000671875,0.000687500,0.000625000,0.000625000,0.000671875,16,0.001632812,0.001640625,0.001625000,0.001625000,0.001625000,0.001632812,16,0.006414063,0.006406250,0.006437500,0.006437500,0.006375000,0.006414063,16
1765341148.8820815,2025-12-10 12:32:28,-0.000750000,-0.000750000,-0.001000000,-0.001000000,0.000000000,-0.000750000,16,0.000000000,0.000000000,0.000000000,0.000000000,0.000000000,0.000000000,16,0.003453125,0.003453125,0.003437500,0.003437500,0.003500000,0.003453125,16,0.002796875,0.002796875,0.002812500,0.002812500,0.002750000,0.002796875,16,0.001781250,0.001781250,0.001781250,0.001750000,0.001875000,0.001781250,16,0.000343750,0.000343750,0.000343750,0.000312500,0.000375000,0.000343750,16,0.001554688,0.001546875,0.001562500,0.001562500,0.001500000,0.001554688,16,0.004882812,0.004875000,0.004875000,0.004875000,0.004875000,0.004882812,16
1765341159.7300127,2025-12-10 12:32:39,-0.001000000,-0.001000000,-0.001000000,-0.001000000,0.000000000,-0.001000000,16,-0.000125000,-0.000250000,0.000000000,0.000000000,0.000000000,-0.000125000,16,0.003210938,0.003203125,0.003218750,0.003187500,0.003250000,0.003210938,16,0.000921875,0.000937500,0.000937500,0.000937500,0.001000000,0.000921875,16,0.000750000,0.000750000,0.000750000,0.000750000,0.000750000,0.000750000,16,-0.000343750,-0.000343750,-0.000343750,-0.000375000,-0.000375000,-0.000343750,16,0.001523438,0.001531250,0.001531250,0.001500000,0.001500000,0.001523438,16,0.005578125,0.005593750,0.005625000,0.005625000,0.005625000,0.005578125,16
1765341170.5776982,2025-12-10 12:32:50,-0.001125000,-0.001000000,-0.001000000,-0.001000000,0.000000000,-0.001125000,16,-0.000250000,-0.000250000,-0.000500000,0.000000000,0.000000000,-0.000250000,16,0.003531250,0.003515625,0.003500000,0.003500000,0.003375000,0.003531250,16,0.001312500,0.001312500,0.001312500,0.001312500,0.001250000,0.001312500,16,0.002257812,0.002265625,0.002281250,0.002250000,0.002250000,0.002257812,16,0.000312500,0.000312500,0.000312500,0.000312500,0.000250000,0.000312500,16,0.001750000,0.001734375,0.001750000,0.001750000,0.001750000,0.001750000,16,0.006906250,0.006890625,0.006906250,0.006937500,0.006875000,0.006906250,16
1765341181.423616,2025-12-10 12:33:01,-0.001000000,-0.001000000,-0.001000000,-0.001000000,-0.002000000,-0.001000000,16,-0.000125000,-0.000250000,0.000000000,0.000000000,0.000000000,-0.000125000,16,0.003312500,0.003312500,0.003312500,0.003312500,0.003250000,0.003312500,16,0.001031250,0.001046875,0.001031250,0.001062500,0.001125000,0.001031250,16,0.000851562,0.000843750,0.000843750,0.000812500,0.000875000,0.000851562,16,-0.000171875,-0.000187500,-0.000156250,-0.000187500,-0.000125000,-0.000171875,16,0.001414062,0.001406250,0.001406250,0.001437500,0.001375000,0.001414062,16,0.005406250,0.005375000,0.005343750,0.005375000,0.005375000,0.005406250,16
1765341192.270306,2025-12-10 12:33:12,-0.001000000,-0.001000000,-0.001000000,-0.001000000,-0.002000000,-0.001000000,16,-0.000250000,-0.000250000,-0.000500000,0.000000000,0.000000000,-0.000250000,16,0.004070313,0.004078125,0.004062500,0.004062500,0.004125000,0.004070313,16,0.001507813,0.001515625,0.001500000,0.001500000,0.001500000,0.001507813,16,0.001828125,0.001828125,0.001843750,0.001875000,0.001750000,0.001828125,16,0.000265625,0.000265625,0.000281250,0.000250000,0.000250000,0.000265625,16,0.001562500,0.001562500,0.001562500,0.001562500,0.001500000,0.001562500,16,0.006875000,0.006875000,0.006875000,0.006875000,0.006875000,0.006875000,16
1765341203.1157742,2025-12-10 12:33:23,-0.001000000,-0.001000000,-0.001000000,-0.001000000,0.000000000,-0.001000000,16,-0.000250000,-0.000250000,-0.000500000,0.000000000,0.000000000,-0.000250000,16,0.003820312,0.003828125,0.003812500,0.003812500,0.003750000,0.003820312,16,0.002156250,0.002156250,0.002156250,0.002125000,0.002125000,0.002156250,16,0.003039063,0.003031250,0.003031250,0.003062500,0.003000000,0.003039063,16,0.000867188,0.000859375,0.000875000,0.000875000,0.000875000,0.000867188,16,0.001585938,0.001593750,0.001562500,0.001562500,0.001625000,0.001585938,16,0.006085938,0.006093750,0.006093750,0.006062500,0.006125000,0.006085938,16
1765341213.9615862,2025-12-10 12:33:33,-0.000875000,-0.001000000,-0.001000000,-0.001000000,0.000000000,-0.000875000,16,0.000125000,0.000000000,0.000000000,0.000000000,0.000000000,0.000125000,16,0.004054688,0.004062500,0.004062500,0.004062500,0.004000000,0.004054688,16,0.002945313,0.002953125,0.002937500,0.002937500,0.003000000,0.002945313,16,0.003640625,0.003640625,0.003625000,0.003625000,0.003625000,0.003640625,16,0.001101563,0.001093750,0.001125000,0.001062500,0.001000000,0.001101563,16,0.001437500,0.001437500,0.001437500,0.001437500,0.001375000,0.001437500,16,0.005898438,0.005890625,0.005906250,0.005875000,0.005875000,0.005898438,16
1765341224.804692,2025-12-10 12:33:44,-0.000875000,-0.001000000,-0.001000000,-0.001000000,0.000000000,-0.000875000,16,0.000000000,0.000000000,0.000000000,0.000000000,0.000000000,0.000000000,16,0.003703125,0.003703125,0.003687500,0.003687500,0.003750000,0.003703125,16,0.002398437,0.002390625,0.002375000,0.002375000,0.002375000,0.002398437,16,0.003437500,0.003437500,0.003437500,0.003437500,0.003500000,0.003437500,16,0.000937500,0.000953125,0.000937500,0.000937500,0.001000000,0.000937500,16,0.001328125,0.001328125,0.001343750,0.001312500,0.001250000,0.001328125,16,0.006000000,0.006000000,0.006000000,0.006000000,0.006000000,0.006000000,16
1765341235.6511078,2025-12-10 12:33:55,-0.000750000,-0.000750000,-0.000500000,-0.001000000,0.000000000,-0.000750000,16,0.000125000,0.000000000,0.000000000,0.000000000,0.000000000,0.000125000,16,0.003335937,0.003343750,0.003343750,0.003375000,0.003375000,0.003335937,16,0.001976563,0.001968750,0.001968750,0.002000000,0.002000000,0.001976563,16,0.003093750,0.003093750,0.003093750,0.003125000,0.003125000,0.003093750,16,0.000796875,0.000796875,0.000781250,0.000812500,0.000750000,0.000796875,16,0.001218750,0.001218750,0.001218750,0.001187500,0.001250000,0.001218750,16,0.005906250,0.005921875,0.005906250,0.005937500,0.005875000,0.005906250,16
1765341246.4951758,2025-12-10 12:34:06,-0.000750000,-0.000750000,-0.000500000,-0.001000000,0.000000000,-0.000750000,16,0.000125000,0.000250000,0.000000000,0.000000000,0.000000000,0.000125000,16,0.003312500,0.003312500,0.003312500,0.003312500,0.003375000,0.003312500,16,0.001328125,0.001328125,0.001343750,0.001312500,0.001375000,0.001328125,16,0.002531250,0.002546875,0.002562500,0.002562500,0.002500000,0.002531250,16,0.000523438,0.000531250,0.000531250,0.000500000,0.000500000,0.000523438,16,0.001226563,0.001218750,0.001218750,0.001187500,0.001250000,0.001226563,16,0.006234375,0.006234375,0.006250000,0.006250000,0.006250000,0.006234375,16
1765341257.3388348,2025-12-10 12:34:17,-0.000625000,-0.000500000,-0.000500000,-0.001000000,0.000000000,-0.000625000,16,0.000250000,0.000250000,0.000500000,0.000000000,0.000000000,0.000250000,16,0.003625000,0.003625000,0.003625000,0.003625000,0.003625000,0.003625000,16,0.001781250,0.001781250,0.001781250,0.001750000,0.001750000,0.001781250,16,0.003132813,0.003125000,0.003125000,0.003125000,0.003125000,0.003132813,16,0.000687500,0.000687500,0.000687500,0.000687500,0.000625000,0.000687500,16,0.001125000,0.001109375,0.001125000,0.001125000,0.001125000,0.001125000,16,0.006414063,0.006421875,0.006437500,0.006437500,0.006375000,0.006414063,16
1765341268.184424,2025-12-10 12:34:28,-0.000625000,-0.000750000,-0.000500000,-0.001000000,0.000000000,-0.000625000,16,0.000250000,0.000250000,0.000000000,0.000000000,0.000000000,0.000250000,16,0.003351562,0.003343750,0.003343750,0.003312500,0.003250000,0.003351562,16,0.001820313,0.001812500,0.001812500,0.001812500,0.001750000,0.001820313,16,0.003210938,0.003203125,0.003218750,0.003250000,0.003250000,0.003210938,16,0.000765625,0.000765625,0.000750000,0.000750000,0.000750000,0.000765625,16,0.001093750,0.001093750,0.001125000,0.001125000,0.001125000,0.001093750,16,0.006273438,0.006281250,0.006281250,0.006312500,0.006250000,0.006273438,16
1765341279.0284472,2025-12-10 12:34:39,-0.000500000,-0.000500000,-0.000500000,-0.001000000,0.000000000,-0.000500000,16,0.000500000,0.000500000,0.000500000,0.000000000,0.000000000,0.000500000,16,0.002929688,0.002921875,0.002937500,0.002875000,0.002875000,0.002929688,16,0.001539063,0.001546875,0.001531250,0.001500000,0.001500000,0.001539063,16,0.001726563,0.001703125,0.001687500,0.001687500,0.001750000,0.001726563,16,0.000085937,0.000062500,0.000062500,0.000062500,0.000000000,0.000085937,16,0.000992188,0.001000000,0.001000000,0.001000000,0.001000000,0.000992188,16,0.005390625,0.005390625,0.005375000,0.005375000,0.005375000,0.005390625,16
1765341289.8751287,2025-12-10 12:34:49,-0.000750000,-0.000750000,-0.000500000,-0.001000000,0.000000000,-0.000750000,16,0.000250000,0.000250000,0.000000000,0.000000000,0.000000000,0.000250000,16,0.003500000,0.003500000,0.003500000,0.003500000,0.003500000,0.003500000,16,0.002546875,0.002546875,0.002562500,0.002562500,0.002500000,0.002546875,16,0.002812500,0.002828125,0.002812500,0.002812500,0.002750000,0.002812500,16,0.000687500,0.000687500,0.000687500,0.000687500,0.000750000,0.000687500,16,0.001218750,0.001218750,0.001218750,0.001250000,0.001250000,0.001218750,16,0.005281250,0.005296875,0.005312500,0.005312500,0.005250000,0.005281250,16
1765341300.719382,2025-12-10 12:35:00,-0.000750000,-0.000750000,-0.001000000,-0.001000000,-0.002000000,-0.000750000,16,0.000125000,0.000000000,0.000000000,0.000000000,0.000000000,0.000125000,16,0.003515625,0.003515625,0.003500000,0.003500000,0.003500000,0.003515625,16,0.002078125,0.002078125,0.002093750,0.002125000,0.002125000,0.002078125,16,0.002109375,0.002125000,0.002125000,0.002125000,0.002125000,0.002109375,16,0.000343750,0.000343750,0.000343750,0.000375000,0.000375000,0.000343750,16,0.001343750,0.001328125,0.001343750,0.001312500,0.001375000,0.001343750,16,0.005695312,0.005703125,0.005687500,0.005750000,0.005750000,0.005695312,16
1765341311.564965,2025-12-10 12:35:11,-0.000625000,-0.000750000,-0.000500000,-0.001000000,0.000000000,-0.000625000,16,0.000125000,0.000250000,0.000000000,0.000000000,0.000000000,0.000125000,16,0.001632812,0.001640625,0.001625000,0.001625000,0.001625000,0.001632812,16,-0.001085938,-0.001078125,-0.001093750,-0.001062500,-0.001125000,-0.001085938,16,0.000500000,0.000484375,0.000468750,0.000437500,0.000500000,0.000500000,16,-0.000359375,-0.000359375,-0.000375000,-0.000375000,-0.000375000,-0.000359375,16,0.001296875,0.001296875,0.001312500,0.001312500,0.001375000,0.001296875,16,0.005187500,0.005187500,0.005187500,0.005187500,0.005125000,0.005187500,16
1765341322.4103289,2025-12-10 12:35:22,-0.001125000,-0.001000000,-0.001000000,-0.001000000,-0.002000000,-0.001125000,16,-0.000250000,-0.000250000,0.000000000,0.000000000,0.000000000,-0.000250000,16,0.004062500,0.004046875,0.004062500,0.004062500,0.004000000,0.004062500,16,0.001789063,0.001796875,0.001812500,0.001812500,0.001750000,0.001789063,16,0.002351562,0.002343750,0.002343750,0.002312500,0.002375000,0.002351562,16,0.000695312,0.000703125,0.000718750,0.000687500,0.000625000,0.000695312,16,0.001773438,0.001781250,0.001781250,0.001750000,0.001750000,0.001773438,16,0.005648437,0.005640625,0.005656250,0.005687500,0.005625000,0.005648437,16
1765341333.256531,2025-12-10 12:35:33,-0.001000000,-0.001000000,-0.001000000,-0.001000000,-0.002000000,-0.001000000,16,-0.000125000,0.000000000,0.000000000,0.000000000,0.000000000,-0.000125000,16,0.004054688,0.004046875,0.004062500,0.004062500,0.004125000,0.004054688,16,0.002226563,0.002218750,0.002218750,0.002250000,0.002250000,0.002226563,16,0.002671875,0.002671875,0.002687500,0.002687500,0.002750000,0.002671875,16,0.000921875,0.000921875,0.000937500,0.000937500,0.000875000,0.000921875,16,0.001609375,0.001609375,0.001593750,0.001625000,0.001625000,0.001609375,16,0.005460938,0.005453125,0.005437500,0.005437500,0.005500000,0.005460938,16
1765341344.1033518,2025-12-10 12:35:44,-0.000625000,-0.000750000,-0.000500000,-0.001000000,0.000000000,-0.000625000,16,0.000500000,0.000500000,0.000500000,0.000000000,0.000000000,0.000500000,16,0.003335937,0.003343750,0.003343750,0.003312500,0.003375000,0.003335937,16,0.001304688,0.001328125,0.001343750,0.001375000,0.001375000,0.001304688,16,0.000796875,0.000796875,0.000812500,0.000750000,0.000750000,0.000796875,16,0.000156250,0.000156250,0.000156250,0.000187500,0.000250000,0.000156250,16,0.001242188,0.001250000,0.001250000,0.001250000,0.001250000,0.001242188,16,0.004953125,0.004953125,0.004937500,0.004937500,0.005000000,0.004953125,16
1765341354.9505138,2025-12-10 12:35:54,-0.000750000,-0.000750000,-0.001000000,-0.001000000,0.000000000,-0.000750000,16,0.000500000,0.000500000,0.000500000,0.000000000,0.000000000,0.000500000,16,0.002328125,0.002312500,0.002312500,0.002312500,0.002375000,0.002328125,16,-0.001054688,-0.001078125,-0.001093750,-0.001062500,-0.001125000,-0.001054688,16,-0.000796875,-0.000796875,-0.000812500,-0.000812500,-0.000750000,-0.000796875,16,-0.000851562,-0.000859375,-0.000843750,-0.000875000,-0.000875000,-0.000851562,16,0.001070313,0.001062500,0.001062500,0.001062500,0.001125000,0.001070313,16,0.006031250,0.006031250,0.006031250,0.006062500,0.006000000,0.006031250,16
1765341365.7977486,2025-12-10 12:36:05,-0.001125000,-0.001250000,-0.001000000,-0.001000000,-0.002000000,-0.001125000,16,-0.000250000,-0.000250000,0.000000000,0.000000000,0.000000000,-0.000250000,16,0.003648438,0.003640625,0.003656250,0.003625000,0.003625000,0.003648438,16,0.001945312,0.001937500,0.001937500,0.001937500,0.001875000,0.001945312,16,0.001429687,0.001421875,0.001406250,0.001375000,0.001375000,0.001429687,16,0.000289062,0.000281250,0.000281250,0.000250000,0.000250000,0.000289062,16,0.001710938,0.001703125,0.001718750,0.001687500,0.001625000,0.001710938,16,0.005867188,0.005875000,0.005875000,0.005875000,0.005875000,0.005867188,16
1765341376.6465654,2025-12-10 12:36:16,-0.001000000,-0.001000000,-0.001000000,-0.001000000,0.000000000,-0.001000000,16,0.000125000,0.000000000,0.000000000,0.000000000,0.000000000,0.000125000,16,0.004031250,0.004031250,0.004000000,0.004000000,0.004000000,0.004031250,16,0.003437500,0.003437500,0.003437500,0.003437500,0.003375000,0.003437500,16,0.002218750,0.002203125,0.002187500,0.002187500,0.002125000,0.002218750,16,0.000679688,0.000687500,0.000687500,0.000687500,0.000750000,0.000679688,16,0.001617188,0.001609375,0.001625000,0.001562500,0.001625000,0.001617188,16,0.004875000,0.004875000,0.004875000,0.004875000,0.004875000,0.004875000,16
1765341387.4923556,2025-12-10 12:36:27,-0.001125000,-0.001000000,-0.001000000,-0.001000000,-0.002000000,-0.001125000,16,-0.000125000,0.000000000,0.000000000,0.000000000,0.000000000,-0.000125000,16,0.004078125,0.004078125,0.004093750,0.004062500,0.004125000,0.004078125,16,0.003648438,0.003640625,0.003656250,0.003625000,0.003625000,0.003648438,16,0.002164063,0.002171875,0.002187500,0.002187500,0.002125000,0.002164063,16,0.000648438,0.000656250,0.000656250,0.000625000,0.000625000,0.000648438,16,0.001664062,0.001656250,0.001656250,0.001625000,0.001625000,0.001664062,16,0.004921875,0.004937500,0.004937500,0.004937500,0.005000000,0.004921875,16
1765341398.339725,2025-12-10 12:36:38,-0.000750000,-0.000750000,-0.000500000,-0.001000000,0.000000000,-0.000750000,16,0.000625000,0.000500000,0.000500000,0.001000000,0.000000000,0.000625000,16,0.003226563,0.003234375,0.003218750,0.003250000,0.003250000,0.003226563,16,0.002609375,0.002625000,0.002625000,0.002625000,0.002625000,0.002609375,16,0.000648438,0.000640625,0.000625000,0.000625000,0.000625000,0.000648438,16,-0.000179687,-0.000171875,-0.000187500,-0.000187500,-0.000125000,-0.000179687,16,0.001304688,0.001312500,0.001312500,0.001312500,0.001375000,0.001304688,16,0.003210938,0.003203125,0.003218750,0.003250000,0.003250000,0.003210938,16
1765341409.1865482,2025-12-10 12:36:49,-0.001250000,-0.001250000,-0.001000000,-0.001000000,-0.002000000,-0.001250000,16,-0.000250000,-0.000250000,-0.000500000,0.000000000,0.000000000,-0.000250000,16,0.004203125,0.004218750,0.004218750,0.004187500,0.004250000,0.004203125,16,0.003757812,0.003765625,0.003750000,0.003750000,0.003750000,0.003757812,16,0.002492188,0.002500000,0.002500000,0.002500000,0.002500000,0.002492188,16,0.000820312,0.000828125,0.000843750,0.000812500,0.000875000,0.000820312,16,0.001875000,0.001875000,0.001875000,0.001875000,0.001875000,0.001875000,16,0.005015625,0.005015625,0.005031250,0.005000000,0.005000000,0.005015625,16
1765341420.0327356,2025-12-10 12:37:00,-0.000875000,-0.000750000,-0.001000000,-0.001000000,0.000000000,-0.000875000,16,0.000375000,0.000250000,0.000500000,0.000000000,0.000000000,0.000375000,16,0.004523437,0.004531250,0.004531250,0.004562500,0.004500000,0.004523437,16,0.003515625,0.003515625,0.003500000,0.003500000,0.003500000,0.003515625,16,0.002773437,0.002781250,0.002781250,0.002812500,0.002875000,0.002773437,16,0.000523438,0.000531250,0.000531250,0.000562500,0.000500000,0.000523438,16,0.001640625,0.001640625,0.001625000,0.001625000,0.001625000,0.001640625,16,0.005101563,0.005109375,0.005125000,0.005125000,0.005125000,0.005101563,16
1765341430.8782148,2025-12-10 12:37:10,-0.001125000,-0.001000000,-0.001000000,-0.001000000,-0.002000000,-0.001125000,16,-0.000125000,0.000000000,0.000000000,0.000000000,0.000000000,-0.000125000,16,0.004414063,0.004421875,0.004406250,0.004437500,0.004375000,0.004414063,16,0.002750000,0.002750000,0.002750000,0.002750000,0.002750000,0.002750000,16,0.002914062,0.002921875,0.002937500,0.002937500,0.002875000,0.002914062,16,0.000898438,0.000890625,0.000906250,0.000875000,0.000875000,0.000898438,16,0.001664062,0.001656250,0.001656250,0.001625000,0.001625000,0.001664062,16,0.005523437,0.005515625,0.005531250,0.005500000,0.005500000,0.005523437,16
1765341441.7246683,2025-12-10 12:37:21,-0.000875000,-0.001000000,-0.001000000,-0.001000000,0.000000000,-0.000875000,16,0.000250000,0.000250000,0.000000000,0.000000000,0.000000000,0.000250000,16,0.004531250,0.004531250,0.004562500,0.004562500,0.004500000,0.004531250,16,0.002484375,0.002500000,0.002500000,0.002500000,0.002500000,0.002484375,16,0.002851562,0.002859375,0.002875000,0.002875000,0.002875000,0.002851562,16,0.000648438,0.000640625,0.000656250,0.000625000,0.000625000,0.000648438,16,0.001453125,0.001453125,0.001468750,0.001437500,0.001500000,0.001453125,16,0.006023438,0.006031250,0.006031250,0.006062500,0.006000000,0.006023438,16
1765341452.5680547,2025-12-10 12:37:32,-0.000750000,-0.000750000,-0.000500000,-0.001000000,0.000000000,-0.000750000,16,0.000500000,0.000500000,0.000500000,0.000000000,0.000000000,0.000500000,16,0.004039063,0.004031250,0.004031250,0.004000000,0.004000000,0.004039063,16,0.002000000,0.002000000,0.002031250,0.002000000,0.002000000,0.002000000,16,0.001593750,0.001593750,0.001593750,0.001562500,0.001500000,0.001593750,16,0.000101563,0.000109375,0.000125000,0.000125000,0.000125000,0.000101563,16,0.001250000,0.001250000,0.001250000,0.001250000,0.001250000,0.001250000,16,0.005375000,0.005359375,0.005375000,0.005375000,0.005375000,0.005375000,16
1765341463.4135787,2025-12-10 12:37:43,-0.000875000,-0.000750000,-0.001000000,-0.001000000,0.000000000,-0.000875000,16,0.000125000,0.000000000,0.000000000,0.000000000,0.000000000,0.000125000,16,0.004179688,0.004171875,0.004187500,0.004187500,0.004250000,0.004179688,16,0.002226563,0.002234375,0.002250000,0.002250000,0.002250000,0.002226563,16,0.000960937,0.000968750,0.000968750,0.000937500,0.001000000,0.000960937,16,-0.000015625,-0.000015625,0.000000000,0.000000000,0.000000000,-0.000015625,16,0.001414062,0.001421875,0.001406250,0.001437500,0.001375000,0.001414062,16,0.004898438,0.004906250,0.004906250,0.004937500,0.004875000,0.004898438,16
1765341474.2584805,2025-12-10 12:37:54,-0.000750000,-0.000750000,-0.000500000,-0.001000000,0.000000000,-0.000750000,16,0.000375000,0.000500000,0.000500000,0.001000000,0.000000000,0.000375000,16,0.004859375,0.004859375,0.004875000,0.004875000,0.004875000,0.004859375,16,0.002726563,0.002718750,0.002718750,0.002750000,0.002750000,0.002726563,16,0.002476563,0.002484375,0.002468750,0.002500000,0.002500000,0.002476563,16,0.000531250,0.000531250,0.000531250,0.000562500,0.000500000,0.000531250,16,0.001445312,0.001453125,0.001468750,0.001437500,0.001375000,0.001445312,16,0.005804687,0.005812500,0.005812500,0.005812500,0.005875000,0.005804687,16
1765341485.1024342,2025-12-10 12:38:05,-0.000625000,-0.000750000,-0.000500000,-0.001000000,0.000000000,-0.000625000,16,0.000500000,0.000500000,0.000500000,0.001000000,0.000000000,0.000500000,16,0.004437500,0.004437500,0.004437500,0.004437500,0.004500000,0.004437500,16,0.002039063,0.002046875,0.002031250,0.002062500,0.002125000,0.002039063,16,0.001781250,0.001765625,0.001781250,0.001750000,0.001750000,0.001781250,16,0.000156250,0.000156250,0.000156250,0.000187500,0.000125000,0.000156250,16,0.001132812,0.001140625,0.001125000,0.001125000,0.001125000,0.001132812,16,0.004929688,0.004906250,0.004906250,0.004875000,0.004875000,0.004929688,16
1765341495.948291,2025-12-10 12:38:15,-0.000875000,-0.000750000,-0.001000000,-0.001000000,0.000000000,-0.000875000,16,0.000125000,0.000250000,0.000000000,0.000000000,0.000000000,0.000125000,16,0.004382813,0.004375000,0.004375000,0.004375000,0.004375000,0.004382813,16,0.002523438,0.002515625,0.002531250,0.002500000,0.002500000,0.002523438,16,0.002117188,0.002125000,0.002156250,0.002125000,0.002125000,0.002117188,16,0.000656250,0.000671875,0.000656250,0.000625000,0.000625000,0.000656250,16,0.001445312,0.001453125,0.001468750,0.001437500,0.001375000,0.001445312,16,0.005210938,0.005203125,0.005187500,0.005187500,0.005125000,0.005210938,16
1765341506.7907476,2025-12-10 12:38:26,-0.001125000,-0.001250000,-0.001000000,-0.001000000,-0.002000000,-0.001125000,16,-0.000250000,-0.000250000,0.000000000,0.000000000,0.000000000,-0.000250000,16,0.004968750,0.004953125,0.004968750,0.004937500,0.004875000,0.004968750,16,0.003453125,0.003468750,0.003468750,0.003437500,0.003500000,0.003453125,16,0.003703125,0.003703125,0.003718750,0.003687500,0.003625000,0.003703125,16,0.001015625,0.001015625,0.001000000,0.001000000,0.001000000,0.001015625,16,0.001492188,0.001468750,0.001468750,0.001437500,0.001375000,0.001492188,16,0.005351563,0.005343750,0.005312500,0.005312500,0.005250000,0.005351563,16
1765341517.6368966,2025-12-10 12:38:37,-0.000750000,-0.000750000,-0.000500000,-0.001000000,0.000000000,-0.000750000,16,0.000125000,0.000250000,0.000000000,0.000000000,0.000000000,0.000125000,16,0.003007813,0.002984375,0.002968750,0.002937500,0.002875000,0.003007813,16,-0.000492188,-0.000500000,-0.000500000,-0.000500000,-0.000500000,-0.000492188,16,0.001492188,0.001484375,0.001468750,0.001437500,0.001375000,0.001492188,16,-0.000171875,-0.000171875,-0.000187500,-0.000187500,-0.000250000,-0.000171875,16,0.001281250,0.001296875,0.001281250,0.001250000,0.001375000,0.001281250,16,0.004398438,0.004406250,0.004375000,0.004375000,0.004375000,0.004398438,16
1765341528.482362,2025-12-10 12:38:48,-0.001000000,-0.001000000,-0.001000000,-0.001000000,0.000000000,-0.001000000,16,0.000000000,0.000000000,0.000000000,0.000000000,0.000000000,0.000000000,16,0.003726563,0.003734375,0.003750000,0.003750000,0.003750000,0.003726563,16,0.000835937,0.000859375,0.000875000,0.000937500,0.000875000,0.000835937,16,0.001851563,0.001859375,0.001875000,0.001875000,0.001875000,0.001851563,16,0.000335938,0.000328125,0.000343750,0.000312500,0.000250000,0.000335938,16,0.001507813,0.001515625,0.001500000,0.001500000,0.001500000,0.001507813,16,0.004804687,0.004812500,0.004812500,0.004812500,0.004750000,0.004804687,16
1765341539.3273783,2025-12-10 12:38:59,-0.001000000,-0.001000000,-0.001000000,-0.001000000,-0.002000000,-0.001000000,16,-0.000125000,0.000000000,0.000000000,0.000000000,0.000000000,-0.000125000,16,0.004218750,0.004234375,0.004218750,0.004250000,0.004250000,0.004218750,16,0.000546875,0.000562500,0.000593750,0.000625000,0.000625000,0.000546875,16,0.001000000,0.001015625,0.001031250,0.001062500,0.001000000,0.001000000,16,0.000078125,0.000093750,0.000093750,0.000125000,0.000125000,0.000078125,16,0.001437500,0.001453125,0.001437500,0.001437500,0.001500000,0.001437500,16,0.004781250,0.004781250,0.004781250,0.004812500,0.004750000,0.004781250,16
1765341550.1720047,2025-12-10 12:39:10,-0.001000000,-0.001000000,-0.001000000,-0.001000000,0.000000000,-0.001000000,16,-0.000250000,-0.000250000,0.000000000,0.000000000,0.000000000,-0.000250000,16,0.003601563,0.003609375,0.003625000,0.003625000,0.003625000,0.003601563,16,-0.000125000,-0.000109375,-0.000093750,-0.000125000,-0.000125000,-0.000125000,16,0.001195312,0.001187500,0.001187500,0.001187500,0.001250000,0.001195312,16,0.000414062,0.000421875,0.000437500,0.000437500,0.000375000,0.000414062,16,0.001421875,0.001421875,0.001406250,0.001375000,0.001375000,0.001421875,16,0.004367188,0.004359375,0.004375000,0.004375000,0.004375000,0.004367188,16
1765341561.016315,2025-12-10 12:39:21,-0.001125000,-0.001250000,-0.001000000,-0.001000000,0.000000000,-0.001125000,16,-0.000125000,-0.000250000,0.000000000,0.000000000,0.000000000,-0.000125000,16,0.004914063,0.004921875,0.004937500,0.004937500,0.004875000,0.004914063,16,0.003296875,0.003296875,0.003281250,0.003312500,0.003250000,0.003296875,16,0.002843750,0.002859375,0.002875000,0.002875000,0.002875000,0.002843750,16,0.001054688,0.001062500,0.001062500,0.001062500,0.001000000,0.001054688,16,0.001625000,0.001625000,0.001625000,0.001625000,0.001625000,0.001625000,16,0.004718750,0.004718750,0.004718750,0.004750000,0.004625000,0.004718750,16
1765341571.8624458,2025-12-10 12:39:31,-0.000750000,-0.000750000,-0.001000000,-0.001000000,0.000000000,-0.000750000,16,0.000375000,0.000500000,0.000500000,0.000000000,0.000000000,0.000375000,16,0.004093750,0.004093750,0.004093750,0.004062500,0.004125000,0.004093750,16,0.003179688,0.003171875,0.003156250,0.003125000,0.003125000,0.003179688,16,0.001546875,0.001546875,0.001562500,0.001562500,0.001625000,0.001546875,16,0.000445313,0.000437500,0.000468750,0.000437500,0.000500000,0.000445313,16,0.001273438,0.001265625,0.001281250,0.001312500,0.001250000,0.001273438,16,0.003445313,0.003453125,0.003468750,0.003437500,0.003500000,0.003445313,16
1765341582.7115471,2025-12-10 12:39:42,-0.000875000,-0.001000000,-0.001000000,-0.001000000,0.000000000,-0.000875000,16,0.000250000,0.000250000,0.000000000,0.000000000,0.000000000,0.000250000,16,0.003984375,0.003968750,0.003968750,0.003937500,0.004000000,0.003984375,16,0.003070313,0.003062500,0.003031250,0.003000000,0.003000000,0.003070313,16,0.001843750,0.001843750,0.001843750,0.001875000,0.001875000,0.001843750,16,0.000507813,0.000500000,0.000500000,0.000500000,0.000500000,0.000507813,16,0.001429687,0.001437500,0.001437500,0.001437500,0.001375000,0.001429687,16,0.003296875,0.003296875,0.003312500,0.003312500,0.003250000,0.003296875,16
1765341593.5593417,2025-12-10 12:39:53,-0.000750000,-0.000750000,-0.001000000,-0.001000000,0.000000000,-0.000750000,16,0.000125000,0.000250000,0.000000000,0.000000000,0.000000000,0.000125000,16,0.003945313,0.003937500,0.003937500,0.003875000,0.003875000,0.003945313,16,0.002484375,0.002468750,0.002468750,0.002437500,0.002375000,0.002484375,16,0.000742188,0.000750000,0.000750000,0.000750000,0.000750000,0.000742188,16,0.000171875,0.000171875,0.000156250,0.000187500,0.000125000,0.000171875,16,0.001320313,0.001312500,0.001312500,0.001312500,0.001375000,0.001320313,16,0.002867187,0.002875000,0.002875000,0.002875000,0.002875000,0.002867187,16
1765341604.4058828,2025-12-10 12:40:04,-0.001250000,-0.001250000,-0.001000000,-0.001000000,-0.002000000,-0.001250000,16,-0.000375000,-0.000250000,-0.000500000,0.000000000,0.000000000,-0.000375000,16,0.004546875,0.004546875,0.004531250,0.004562500,0.004500000,0.004546875,16,0.003398437,0.003406250,0.003406250,0.003437500,0.003500000,0.003398437,16,0.002484375,0.002484375,0.002500000,0.002500000,0.002500000,0.002484375,16,0.000914063,0.000921875,0.000906250,0.000937500,0.000875000,0.000914063,16,0.001617188,0.001625000,0.001625000,0.001625000,0.001625000,0.001617188,16,0.004148438,0.004156250,0.004156250,0.004125000,0.004125000,0.004148438,16
1765341615.2546022,2025-12-10 12:40:15,-0.001125000,-0.001250000,-0.001000000,-0.001000000,-0.002000000,-0.001125000,16,-0.000250000,-0.000250000,-0.000500000,0.000000000,0.000000000,-0.000250000,16,0.004000000,0.004000000,0.004000000,0.004000000,0.004000000,0.004000000,16,0.002648438,0.002640625,0.002656250,0.002687500,0.002625000,0.002648438,16,0.002000000,0.002000000,0.002000000,0.002000000,0.002000000,0.002000000,16,0.000765625,0.000765625,0.000750000,0.000750000,0.000750000,0.000765625,16,0.001617188,0.001609375,0.001593750,0.001562500,0.001625000,0.001617188,16,0.004125000,0.004125000,0.004125000,0.004125000,0.004125000,0.004125000,16
1765341626.1015058,2025-12-10 12:40:26,-0.001125000,-0.001000000,-0.001000000,-0.001000000,-0.002000000,-0.001125000,16,-0.000250000,-0.000250000,0.000000000,0.000000000,0.000000000,-0.000250000,16,0.004039063,0.004046875,0.004031250,0.004000000,0.004000000,0.004039063,16,0.003351562,0.003343750,0.003343750,0.003375000,0.003375000,0.003351562,16,0.002265625,0.002250000,0.002250000,0.002250000,0.002250000,0.002265625,16,0.000851562,0.000859375,0.000843750,0.000875000,0.000875000,0.000851562,16,0.001539063,0.001531250,0.001531250,0.001562500,0.001500000,0.001539063,16,0.003781250,0.003796875,0.003812500,0.003812500,0.003750000,0.003781250,16
1765341636.9472902,2025-12-10 12:40:36,-0.001125000,-0.001000000,-0.001000000,-0.001000000,-0.002000000,-0.001125000,16,-0.000375000,-0.000250000,-0.000500000,0.000000000,0.000000000,-0.000375000,16,0.004335938,0.004328125,0.004312500,0.004312500,0.004250000,0.004335938,16,0.003664063,0.003656250,0.003656250,0.003687500,0.003625000,0.003664063,16,0.002945313,0.002953125,0.002937500,0.002937500,0.003000000,0.002945313,16,0.001156250,0.001156250,0.001156250,0.001125000,0.001125000,0.001156250,16,0.001515625,0.001515625,0.001531250,0.001500000,0.001500000,0.001515625,16,0.003890625,0.003875000,0.003875000,0.003875000,0.003875000,0.003890625,16
1765341647.791371,2025-12-10 12:40:47,-0.001000000,-0.001000000,-0.001000000,-0.001000000,0.000000000,-0.001000000,16,-0.000125000,-0.000250000,0.000000000,0.000000000,0.000000000,-0.000125000,16,0.003671875,0.003671875,0.003656250,0.003687500,0.003625000,0.003671875,16,0.003195313,0.003187500,0.003187500,0.003187500,0.003125000,0.003195313,16,0.002031250,0.002015625,0.002000000,0.002000000,0.002000000,0.002031250,16,0.000773438,0.000765625,0.000781250,0.000812500,0.000750000,0.000773438,16,0.001320313,0.001312500,0.001312500,0.001312500,0.001375000,0.001320313,16,0.003539063,0.003531250,0.003531250,0.003562500,0.003500000,0.003539063,16
1765341658.6384358,2025-12-10 12:40:58,-0.000875000,-0.001000000,-0.001000000,-0.001000000,0.000000000,-0.000875000,16,-0.000125000,-0.000250000,0.000000000,0.000000000,0.000000000,-0.000125000,16,0.003921875,0.003921875,0.003937500,0.003937500,0.003875000,0.003921875,16,0.003070313,0.003078125,0.003093750,0.003062500,0.003000000,0.003070313,16,0.002460938,0.002453125,0.002468750,0.002437500,0.002500000,0.002460938,16,0.000937500,0.000937500,0.000937500,0.000937500,0.001000000,0.000937500,16,0.001257813,0.001265625,0.001281250,0.001250000,0.001250000,0.001257813,16,0.003546875,0.003546875,0.003531250,0.003562500,0.003625000,0.003546875,16
1765341669.4831297,2025-12-10 12:41:09,-0.000750000,-0.000750000,-0.001000000,-0.001000000,0.000000000,-0.000750000,16,-0.000125000,-0.000250000,0.000000000,0.000000000,0.000000000,-0.000125000,16,0.003570313,0.003562500,0.003562500,0.003562500,0.003500000,0.003570313,16,0.002882812,0.002890625,0.002875000,0.002875000,0.002875000,0.002882812,16,0.002484375,0.002484375,0.002468750,0.002500000,0.002500000,0.002484375,16,0.000960937,0.000953125,0.000968750,0.001000000,0.001000000,0.000960937,16,0.001218750,0.001203125,0.001218750,0.001187500,0.001125000,0.001218750,16,0.003398437,0.003390625,0.003406250,0.003375000,0.003375000,0.003398437,16
1765341680.3287044,2025-12-10 12:41:20,-0.000750000,-0.000750000,-0.001000000,-0.001000000,0.000000000,-0.000750000,16,0.000000000,0.000000000,0.000000000,0.000000000,0.000000000,0.000000000,16,0.003320312,0.003328125,0.003312500,0.003312500,0.003375000,0.003320312,16,0.002296875,0.002296875,0.002312500,0.002312500,0.002250000,0.002296875,16,0.002101563,0.002093750,0.002093750,0.002125000,0.002125000,0.002101563,16,0.000734375,0.000734375,0.000718750,0.000750000,0.000750000,0.000734375,16,0.001085938,0.001093750,0.001093750,0.001125000,0.001125000,0.001085938,16,0.003210938,0.003203125,0.003187500,0.003187500,0.003125000,0.003210938,16
1765341691.1750126,2025-12-10 12:41:31,-0.000625000,-0.000750000,-0.000500000,-0.001000000,0.000000000,-0.000625000,16,0.000125000,0.000000000,0.000000000,0.000000000,0.000000000,0.000125000,16,0.003476563,0.003468750,0.003468750,0.003437500,0.003500000,0.003476563,16,0.002734375,0.002734375,0.002750000,0.002750000,0.002750000,0.002734375,16,0.002257812,0.002265625,0.002281250,0.002250000,0.002250000,0.002257812,16,0.000679688,0.000687500,0.000687500,0.000687500,0.000625000,0.000679688,16,0.000984375,0.000984375,0.001000000,0.001000000,0.001000000,0.000984375,16,0.003046875,0.003046875,0.003062500,0.003062500,0.003000000,0.003046875,16
1765341702.0190544,2025-12-10 12:41:42,-0.000750000,-0.000750000,-0.000500000,-0.001000000,0.000000000,-0.000750000,16,0.000125000,0.000000000,0.000000000,0.000000000,0.000000000,0.000125000,16,0.003429688,0.003421875,0.003437500,0.003437500,0.003375000,0.003429688,16,0.002679688,0.002671875,0.002687500,0.002687500,0.002625000,0.002679688,16,0.002171875,0.002171875,0.002187500,0.002187500,0.002125000,0.002171875,16,0.000695312,0.000687500,0.000687500,0.000687500,0.000625000,0.000695312,16,0.001054688,0.001046875,0.001031250,0.001062500,0.001000000,0.001054688,16,0.003171875,0.003171875,0.003187500,0.003187500,0.003125000,0.003171875,16
1765341712.86467,2025-12-10 12:41:52,-0.000625000,-0.000750000,-0.000500000,-0.001000000,0.000000000,-0.000625000,16,0.000000000,0.000000000,0.000000000,0.000000000,0.000000000,0.000000000,16,0.001710938,0.001703125,0.001718750,0.001687500,0.001750000,0.001710938,16,0.000906250,0.000906250,0.000906250,0.000875000,0.000875000,0.000906250,16,0.000734375,0.000734375,0.000718750,0.000750000,0.000750000,0.000734375,16,0.000062500,0.000062500,0.000062500,0.000062500,0.000125000,0.000062500,16,0.001000000,0.001000000,0.001000000,0.001000000,0.001000000,0.001000000,16,0.003117188,0.003109375,0.003125000,0.003125000,0.003125000,0.003117188,16
1765341723.7103536,2025-12-10 12:42:03,-0.000500000,-0.000500000,-0.000500000,0.000000000,0.000000000,-0.000500000,16,0.000375000,0.000500000,0.000500000,0.000000000,0.000000000,0.000375000,16,0.001906250,0.001921875,0.001937500,0.001937500,0.002000000,0.001906250,16,0.000242187,0.000265625,0.000281250,0.000312500,0.000375000,0.000242187,16,0.000242187,0.000250000,0.000250000,0.000250000,0.000250000,0.000242187,16,-0.000062500,-0.000046875,-0.000031250,0.000000000,0.000000000,-0.000062500,16,0.000851562,0.000859375,0.000843750,0.000875000,0.000875000,0.000851562,16,0.001992188,0.001984375,0.001968750,0.002000000,0.002000000,0.001992188,16
1765341734.5574996,2025-12-10 12:42:14,-0.000875000,-0.000750000,-0.001000000,-0.001000000,0.000000000,-0.000875000,16,0.000000000,0.000000000,0.000000000,0.000000000,0.000000000,0.000000000,16,0.002375000,0.002390625,0.002406250,0.002437500,0.002375000,0.002375000,16,0.000742188,0.000750000,0.000781250,0.000750000,0.000750000,0.000742188,16,0.000890625,0.000875000,0.000875000,0.000875000,0.000875000,0.000890625,16,0.000148437,0.000140625,0.000156250,0.000125000,0.000125000,0.000148437,16,0.001140625,0.001140625,0.001125000,0.001125000,0.001125000,0.001140625,16,0.002820312,0.002812500,0.002812500,0.002812500,0.002875000,0.002820312,16
1765341745.4024775,2025-12-10 12:42:25,-0.000750000,-0.000750000,-0.000500000,-0.001000000,0.000000000,-0.000750000,16,0.000000000,0.000000000,0.000000000,0.000000000,0.000000000,0.000000000,16,0.002367187,0.002359375,0.002343750,0.002312500,0.002250000,0.002367187,16,0.000789063,0.000796875,0.000781250,0.000812500,0.000750000,0.000789063,16,0.001093750,0.001109375,0.001125000,0.001125000,0.001125000,0.001093750,16,0.000304687,0.000312500,0.000312500,0.000312500,0.000375000,0.000304687,16,0.001046875,0.001062500,0.001062500,0.001062500,0.001000000,0.001046875,16,0.002578125,0.002562500,0.002562500,0.002562500,0.002500000,0.002578125,16
1765341756.2477326,2025-12-10 12:42:36,-0.000500000,-0.000500000,-0.000500000,0.000000000,0.000000000,-0.000500000,16,0.000375000,0.000500000,0.000500000,0.000000000,0.000000000,0.000375000,16,0.002789062,0.002796875,0.002781250,0.002812500,0.002750000,0.002789062,16,0.001773438,0.001796875,0.001812500,0.001812500,0.001875000,0.001773438,16,0.000562500,0.000562500,0.000562500,0.000562500,0.000500000,0.000562500,16,0.000171875,0.000171875,0.000156250,0.000187500,0.000250000,0.000171875,16,0.000968750,0.000968750,0.000968750,0.001000000,0.001000000,0.000968750,16,0.002578125,0.002578125,0.002593750,0.002625000,0.002625000,0.002578125,16
1765341767.0943475,2025-12-10 12:42:47,-0.000750000,-0.000750000,-0.000500000,-0.001000000,0.000000000,-0.000750000,16,0.000000000,0.000000000,0.000000000,0.000000000,0.000000000,0.000000000,16,0.003671875,0.003687500,0.003687500,0.003687500,0.003750000,0.003671875,16,0.002328125,0.002328125,0.002343750,0.002312500,0.002250000,0.002328125,16,0.001875000,0.001875000,0.001875000,0.001875000,0.001875000,0.001875000,16,0.000257813,0.000265625,0.000250000,0.000250000,0.000250000,0.000257813,16,0.000781250,0.000781250,0.000781250,0.000750000,0.000750000,0.000781250,16,0.001593750,0.001593750,0.001625000,0.001625000,0.001625000,0.001593750,16
1765341777.9423327,2025-12-10 12:42:57,-0.000875000,-0.000750000,-0.001000000,-0.001000000,0.000000000,-0.000875000,16,-0.000125000,0.000000000,0.000000000,0.000000000,0.000000000,-0.000125000,16,0.003617188,0.003609375,0.003593750,0.003625000,0.003625000,0.003617188,16,0.002562500,0.002562500,0.002562500,0.002562500,0.002500000,0.002562500,16,0.001679687,0.001687500,0.001687500,0.001687500,0.001750000,0.001679687,16,0.000648438,0.000640625,0.000656250,0.000625000,0.000625000,0.000648438,16,0.001171875,0.001171875,0.001187500,0.001125000,0.001125000,0.001171875,16,0.002835937,0.002828125,0.002843750,0.002812500,0.002750000,0.002835937,16
1765341788.788116,2025-12-10 12:43:08,-0.001000000,-0.001000000,-0.001000000,-0.001000000,0.000000000,-0.001000000,16,-0.000250000,-0.000250000,-0.000500000,0.000000000,0.000000000,-0.000250000,16,0.002921875,0.002937500,0.002937500,0.002937500,0.003000000,0.002921875,16,0.001250000,0.001265625,0.001281250,0.001312500,0.001375000,0.001250000,16,0.002085938,0.002093750,0.002093750,0.002062500,0.002000000,0.002085938,16,0.000328125,0.000328125,0.000343750,0.000312500,0.000375000,0.000328125,16,0.000648438,0.000656250,0.000656250,0.000625000,0.000625000,0.000648438,16,0.001015625,0.001031250,0.001062500,0.001062500,0.001125000,0.001015625,16
1765341799.6354473,2025-12-10 12:43:19,-0.001000000,-0.001000000,-0.001000000,-0.001000000,-0.002000000,-0.001000000,16,-0.000375000,-0.000250000,-0.000500000,0.000000000,0.000000000,-0.000375000,16,0.003890625,0.003890625,0.003906250,0.003875000,0.003875000,0.003890625,16,0.003109375,0.003109375,0.003125000,0.003125000,0.003125000,0.003109375,16,0.001921875,0.001921875,0.001906250,0.001875000,0.001875000,0.001921875,16,0.000703125,0.000687500,0.000687500,0.000687500,0.000625000,0.000703125,16,0.001242188,0.001234375,0.001250000,0.001250000,0.001250000,0.001242188,16,0.002859375,0.002859375,0.002843750,0.002875000,0.002875000,0.002859375,16
1765341810.480287,2025-12-10 12:43:30,-0.000625000,-0.000500000,-0.000500000,-0.001000000,0.000000000,-0.000625000,16,0.000125000,0.000000000,0.000000000,0.000000000,0.000000000,0.000125000,16,0.002554688,0.002562500,0.002562500,0.002562500,0.002500000,0.002554688,16,0.000914063,0.000921875,0.000937500,0.000937500,0.001000000,0.000914063,16,0.000187500,0.000203125,0.000218750,0.000250000,0.000250000,0.000187500,16,-0.000156250,-0.000140625,-0.000125000,-0.000125000,-0.000125000,-0.000156250,16,0.000828125,0.000828125,0.000843750,0.000812500,0.000750000,0.000828125,16,0.001640625,0.001656250,0.001687500,0.001687500,0.001625000,0.001640625,16
1765341821.3291152,2025-12-10 12:43:41,-0.000625000,-0.000750000,-0.000500000,-0.001000000,0.000000000,-0.000625000,16,0.000125000,0.000000000,0.000000000,0.000000000,0.000000000,0.000125000,16,0.003460938,0.003468750,0.003468750,0.003437500,0.003500000,0.003460938,16,0.002789062,0.002796875,0.002781250,0.002812500,0.002875000,0.002789062,16,0.000617188,0.000609375,0.000593750,0.000625000,0.000625000,0.000617188,16,-0.000140625,-0.000156250,-0.000156250,-0.000125000,-0.000125000,-0.000140625,16,0.001078125,0.001078125,0.001062500,0.001062500,0.001125000,0.001078125,16,0.001921875,0.001921875,0.001906250,0.001937500,0.001875000,0.001921875,16
1765341832.175988,2025-12-10 12:43:52,-0.000875000,-0.001000000,-0.001000000,-0.001000000,0.000000000,-0.000875000,16,-0.000250000,-0.000250000,0.000000000,0.000000000,0.000000000,-0.000250000,16,0.004234375,0.004218750,0.004218750,0.004187500,0.004250000,0.004234375,16,0.002804687,0.002796875,0.002812500,0.002812500,0.002750000,0.002804687,16,0.001734375,0.001734375,0.001718750,0.001687500,0.001625000,0.001734375,16,0.000210937,0.000203125,0.000187500,0.000187500,0.000250000,0.000210937,16,0.001265625,0.001265625,0.001281250,0.001250000,0.001250000,0.001265625,16,0.003132813,0.003125000,0.003125000,0.003125000,0.003125000,0.003132813,16
1765341843.0224504,2025-12-10 12:44:03,-0.000750000,-0.000750000,-0.000500000,-0.001000000,0.000000000,-0.000750000,16,0.000000000,0.000000000,0.000000000,0.000000000,0.000000000,0.000000000,16,0.003929688,0.003921875,0.003906250,0.003875000,0.003875000,0.003929688,16,0.002562500,0.002546875,0.002531250,0.002500000,0.002500000,0.002562500,16,0.001945312,0.001937500,0.001937500,0.001937500,0.001875000,0.001945312,16,0.000468750,0.000468750,0.000468750,0.000437500,0.000500000,0.000468750,16,0.001062500,0.001062500,0.001062500,0.001062500,0.001125000,0.001062500,16,0.002890625,0.002875000,0.002875000,0.002875000,0.002875000,0.002890625,16
1765341853.870541,2025-12-10 12:44:13,-0.000625000,-0.000750000,-0.000500000,-0.001000000,0.000000000,-0.000625000,16,0.000000000,0.000000000,0.000000000,0.000000000,0.000000000,0.000000000,16,0.002976563,0.002968750,0.002968750,0.003000000,0.003000000,0.002976563,16,0.001375000,0.001359375,0.001343750,0.001312500,0.001375000,0.001375000,16,-0.000421875,-0.000406250,-0.000406250,-0.000375000,-0.000375000,-0.000421875,16,-0.000328125,-0.000312500,-0.000312500,-0.000312500,-0.000250000,-0.000328125,16,0.000921875,0.000921875,0.000906250,0.000937500,0.001000000,0.000921875,16,0.002257812,0.002265625,0.002281250,0.002250000,0.002250000,0.002257812,16
1765341864.7153237,2025-12-10 12:44:24,-0.000875000,-0.000750000,-0.001000000,-0.001000000,0.000000000,-0.000875000,16,-0.000250000,-0.000250000,0.000000000,0.000000000,0.000000000,-0.000250000,16,0.003250000,0.003234375,0.003250000,0.003250000,0.003250000,0.003250000,16,0.001257813,0.001250000,0.001250000,0.001187500,0.001125000,0.001257813,16,0.001007813,0.001000000,0.000968750,0.001000000,0.001000000,0.001007813,16,0.000156250,0.000171875,0.000156250,0.000125000,0.000125000,0.000156250,16,0.001257813,0.001250000,0.001250000,0.001250000,0.001250000,0.001257813,16,0.003117188,0.003109375,0.003125000,0.003125000,0.003125000,0.003117188,16
1765341875.5615377,2025-12-10 12:44:35,-0.000750000,-0.000750000,-0.000500000,-0.001000000,0.000000000,-0.000750000,16,-0.000125000,-0.000250000,0.000000000,0.000000000,0.000000000,-0.000125000,16,0.003398437,0.003406250,0.003406250,0.003375000,0.003375000,0.003398437,16,0.002062500,0.002062500,0.002062500,0.002125000,0.002000000,0.002062500,16,0.001796875,0.001796875,0.001781250,0.001812500,0.001750000,0.001796875,16,0.000546875,0.000546875,0.000531250,0.000562500,0.000500000,0.000546875,16,0.001054688,0.001062500,0.001062500,0.001062500,0.001000000,0.001054688,16,0.002085938,0.002078125,0.002062500,0.002062500,0.002125000,0.002085938,16
1765341886.4066598,2025-12-10 12:44:46,-0.000750000,-0.000750000,-0.001000000,-0.001000000,0.000000000,-0.000750000,16,-0.000125000,-0.000250000,0.000000000,0.000000000,0.000000000,-0.000125000,16,0.002656250,0.002656250,0.002656250,0.002625000,0.002625000,0.002656250,16,0.000359375,0.000359375,0.000343750,0.000375000,0.000375000,0.000359375,16,0.000359375,0.000343750,0.000343750,0.000375000,0.000375000,0.000359375,16,0.000000000,0.000015625,0.000000000,0.000000000,0.000000000,0.000000000,16,0.001070313,0.001078125,0.001062500,0.001062500,0.001125000,0.001070313,16,0.002593750,0.002593750,0.002593750,0.002562500,0.002500000,0.002593750,16
1765341897.25161,2025-12-10 12:44:57,-0.000750000,-0.000750000,-0.001000000,-0.001000000,0.000000000,-0.000750000,16,-0.000250000,-0.000250000,-0.000500000,0.000000000,0.000000000,-0.000250000,16,0.003531250,0.003531250,0.003531250,0.003562500,0.003500000,0.003531250,16,0.002640625,0.002640625,0.002625000,0.002625000,0.002625000,0.002640625,16,0.001257813,0.001265625,0.001281250,0.001250000,0.001250000,0.001257813,16,0.000460938,0.000453125,0.000468750,0.000437500,0.000500000,0.000460938,16,0.001164062,0.001156250,0.001156250,0.001125000,0.001125000,0.001164062,16,0.002554688,0.002562500,0.002562500,0.002562500,0.002625000,0.002554688,16
1765341908.0959013,2025-12-10 12:45:08,-0.000875000,-0.000750000,-0.001000000,-0.001000000,0.000000000,-0.000875000,16,-0.000250000,-0.000250000,-0.000500000,0.000000000,0.000000000,-0.000250000,16,0.003437500,0.003437500,0.003406250,0.003437500,0.003375000,0.003437500,16,0.002765625,0.002750000,0.002750000,0.002750000,0.002750000,0.002765625,16,0.002125000,0.002125000,0.002125000,0.002125000,0.002125000,0.002125000,16,0.000835937,0.000828125,0.000843750,0.000812500,0.000875000,0.000835937,16,0.001195312,0.001187500,0.001187500,0.001187500,0.001125000,0.001195312,16,0.002765625,0.002765625,0.002750000,0.002812500,0.002750000,0.002765625,16
1765341918.941903,2025-12-10 12:45:18,-0.000750000,-0.000750000,-0.001000000,-0.001000000,0.000000000,-0.000750000,16,-0.000250000,-0.000250000,0.000000000,0.000000000,0.000000000,-0.000250000,16,0.003304687,0.003312500,0.003312500,0.003312500,0.003375000,0.003304687,16,0.002765625,0.002765625,0.002781250,0.002750000,0.002750000,0.002765625,16,0.002234375,0.002234375,0.002218750,0.002187500,0.002250000,0.002234375,16,0.000851562,0.000843750,0.000843750,0.000812500,0.000875000,0.000851562,16,0.001101563,0.001109375,0.001093750,0.001125000,0.001125000,0.001101563,16,0.002585938,0.002578125,0.002593750,0.002625000,0.002625000,0.002585938,16
1765341929.786457,2025-12-10 12:45:29,-0.000750000,-0.000750000,-0.000500000,-0.001000000,0.000000000,-0.000750000,16,-0.000125000,-0.000250000,0.000000000,0.000000000,0.000000000,-0.000125000,16,0.003046875,0.003046875,0.003031250,0.003062500,0.003000000,0.003046875,16,0.002468750,0.002468750,0.002468750,0.002500000,0.002500000,0.002468750,16,0.001976563,0.001984375,0.001968750,0.002000000,0.002000000,0.001976563,16,0.000734375,0.000734375,0.000750000,0.000750000,0.000750000,0.000734375,16,0.001007813,0.001015625,0.001000000,0.001000000,0.001000000,0.001007813,16,0.002250000,0.002250000,0.002250000,0.002250000,0.002250000,0.002250000,16
1765341940.63191,2025-12-10 12:45:40,-0.000625000,-0.000500000,-0.000500000,0.000000000,0.000000000,-0.000625000,16,0.000000000,0.000000000,0.000000000,0.000000000,0.000000000,0.000000000,16,0.002914062,0.002906250,0.002906250,0.002937500,0.002875000,0.002914062,16,0.002445313,0.002437500,0.002437500,0.002437500,0.002500000,0.002445313,16,0.001921875,0.001921875,0.001906250,0.001937500,0.001875000,0.001921875,16,0.000679688,0.000687500,0.000687500,0.000687500,0.000625000,0.000679688,16,0.000882813,0.000875000,0.000875000,0.000875000,0.000875000,0.000882813,16,0.002046875,0.002031250,0.002062500,0.002062500,0.002000000,0.002046875,16
1765341951.478873,2025-12-10 12:45:51,-0.000625000,-0.000500000,-0.000500000,-0.001000000,0.000000000,-0.000625000,16,-0.000125000,0.000000000,0.000000000,0.000000000,0.000000000,-0.000125000,16,0.002046875,0.002046875,0.002062500,0.002062500,0.002000000,0.002046875,16,0.001265625,0.001265625,0.001250000,0.001250000,0.001250000,0.001265625,16,0.001703125,0.001703125,0.001687500,0.001687500,0.001750000,0.001703125,16,0.000257813,0.000250000,0.000250000,0.000250000,0.000250000,0.000257813,16,0.000375000,0.000375000,0.000375000,0.000375000,0.000375000,0.000375000,16,0.000343750,0.000343750,0.000343750,0.000375000,0.000375000,0.000343750,16
1765341962.3213613,2025-12-10 12:46:02,-0.000875000,-0.000750000,-0.001000000,-0.001000000,0.000000000,-0.000875000,16,-0.000375000,-0.000250000,-0.000500000,0.000000000,0.000000000,-0.000375000,16,0.002734375,0.002734375,0.002718750,0.002750000,0.002750000,0.002734375,16,0.002226563,0.002234375,0.002250000,0.002250000,0.002250000,0.002226563,16,0.001984375,0.001984375,0.002000000,0.002000000,0.002000000,0.001984375,16,0.000640625,0.000640625,0.000656250,0.000625000,0.000625000,0.000640625,16,0.000867188,0.000875000,0.000875000,0.000875000,0.000875000,0.000867188,16,0.001429687,0.001437500,0.001437500,0.001437500,0.001375000,0.001429687,16
1765341973.165452,2025-12-10 12:46:13,-0.000875000,-0.000750000,-0.001000000,-0.001000000,0.000000000,-0.000875000,16,-0.000375000,-0.000500000,-0.000500000,0.000000000,0.000000000,-0.000375000,16,0.002375000,0.002375000,0.002375000,0.002375000,0.002375000,0.002375000,16,0.001882812,0.001890625,0.001906250,0.001875000,0.001875000,0.001882812,16,0.001789063,0.001781250,0.001781250,0.001750000,0.001750000,0.001789063,16,0.000562500,0.000562500,0.000562500,0.000562500,0.000500000,0.000562500,16,0.000929688,0.000921875,0.000937500,0.000937500,0.000875000,0.000929688,16,0.001507813,0.001515625,0.001500000,0.001500000,0.001500000,0.001507813,16
1765341984.0116148,2025-12-10 12:46:24,-0.000875000,-0.000750000,-0.001000000,-0.001000000,0.000000000,-0.000875000,16,-0.000375000,-0.000250000,-0.000500000,0.000000000,0.000000000,-0.000375000,16,0.001835938,0.001843750,0.001843750,0.001812500,0.001875000,0.001835938,16,0.000593750,0.000593750,0.000593750,0.000625000,0.000625000,0.000593750,16,0.000484375,0.000484375,0.000468750,0.000500000,0.000500000,0.000484375,16,0.000273438,0.000281250,0.000281250,0.000250000,0.000375000,0.000273438,16,0.001062500,0.001062500,0.001062500,0.001062500,0.001000000,0.001062500,16,0.001960938,0.001968750,0.001968750,0.001937500,0.002000000,0.001960938,16
1765341994.856031,2025-12-10 12:46:34,-0.000625000,-0.000750000,-0.000500000,-0.001000000,0.000000000,-0.000625000,16,-0.000125000,-0.000250000,0.000000000,0.000000000,0.000000000,-0.000125000,16,0.001992188,0.002000000,0.002000000,0.002000000,0.002000000,0.001992188,16,0.001562500,0.001578125,0.001562500,0.001562500,0.001500000,0.001562500,16,0.000351562,0.000343750,0.000343750,0.000312500,0.000375000,0.000351562,16,0.000187500,0.000203125,0.000187500,0.000187500,0.000250000,0.000187500,16,0.000960937,0.000953125,0.000968750,0.000937500,0.001000000,0.000960937,16,0.001546875,0.001562500,0.001562500,0.001562500,0.001625000,0.001546875,16
1765342005.7023895,2025-12-10 12:46:45,-0.000750000,-0.000750000,-0.001000000,-0.001000000,0.000000000,-0.000750000,16,-0.000375000,-0.000500000,-0.000500000,0.000000000,0.000000000,-0.000375000,16,0.002320312,0.002328125,0.002343750,0.002312500,0.002250000,0.002320312,16,0.001851563,0.001859375,0.001843750,0.001875000,0.001875000,0.001851563,16,0.001023438,0.001031250,0.001031250,0.001000000,0.001125000,0.001023438,16,0.000492188,0.000500000,0.000500000,0.000500000,0.000500000,0.000492188,16,0.001085938,0.001078125,0.001062500,0.001062500,0.001125000,0.001085938,16,0.001945312,0.001953125,0.001968750,0.001937500,0.002000000,0.001945312,16
1765342016.5505035,2025-12-10 12:46:56,-0.000750000,-0.000750000,-0.001000000,-0.001000000,0.000000000,-0.000750000,16,-0.000250000,-0.000250000,0.000000000,0.000000000,0.000000000,-0.000250000,16,0.002210938,0.002203125,0.002218750,0.002187500,0.002250000,0.002210938,16,0.002085938,0.002093750,0.002093750,0.002125000,0.002125000,0.002085938,16,0.001039063,0.001031250,0.001031250,0.001000000,0.001000000,0.001039063,16,0.000515625,0.000515625,0.000500000,0.000562500,0.000500000,0.000515625,16,0.000968750,0.000968750,0.000968750,0.001000000,0.001000000,0.000968750,16,0.001664062,0.001656250,0.001656250,0.001687500,0.001750000,0.001664062,16
1765342027.4000676,2025-12-10 12:47:07,-0.000750000,-0.000750000,-0.001000000,-0.001000000,0.000000000,-0.000750000,16,-0.000250000,-0.000250000,-0.000500000,0.000000000,0.000000000,-0.000250000,16,0.001445312,0.001453125,0.001437500,0.001437500,0.001375000,0.001445312,16,0.000578125,0.000578125,0.000562500,0.000562500,0.000625000,0.000578125,16,0.000460938,0.000468750,0.000468750,0.000437500,0.000500000,0.000460938,16,0.000093750,0.000093750,0.000093750,0.000062500,0.000125000,0.000093750,16,0.000976562,0.000984375,0.000968750,0.000937500,0.001000000,0.000976562,16,0.001906250,0.001906250,0.001906250,0.001875000,0.001875000,0.001906250,16
1765342038.2466366,2025-12-10 12:47:18,-0.000750000,-0.000750000,-0.001000000,-0.001000000,0.000000000,-0.000750000,16,-0.000375000,-0.000250000,-0.000500000,0.000000000,0.000000000,-0.000375000,16,0.002078125,0.002078125,0.002093750,0.002125000,0.002000000,0.002078125,16,0.001773438,0.001781250,0.001781250,0.001750000,0.001750000,0.001773438,16,0.001343750,0.001343750,0.001343750,0.001375000,0.001375000,0.001343750,16,0.000609375,0.000609375,0.000593750,0.000625000,0.000625000,0.000609375,16,0.000984375,0.001000000,0.000968750,0.001000000,0.001000000,0.000984375,16,0.001968750,0.001968750,0.001968750,0.002000000,0.002000000,0.001968750,16
1765342049.0928352,2025-12-10 12:47:29,-0.000750000,-0.000750000,-0.001000000,-0.001000000,0.000000000,-0.000750000,16,-0.000250000,-0.000250000,-0.000500000,0.000000000,0.000000000,-0.000250000,16,0.001929687,0.001921875,0.001906250,0.001937500,0.002000000,0.001929687,16,0.001382812,0.001375000,0.001375000,0.001375000,0.001375000,0.001382812,16,0.001500000,0.001500000,0.001500000,0.001500000,0.001500000,0.001500000,16,0.000414062,0.000406250,0.000406250,0.000375000,0.000375000,0.000414062,16,0.000726562,0.000718750,0.000718750,0.000687500,0.000750000,0.000726562,16,0.001171875,0.001156250,0.001187500,0.001187500,0.001125000,0.001171875,16
1765342059.9403214,2025-12-10 12:47:39,-0.000750000,-0.000750000,-0.001000000,-0.001000000,0.000000000,-0.000750000,16,-0.000250000,-0.000250000,-0.000500000,0.000000000,0.000000000,-0.000250000,16,0.001773438,0.001765625,0.001781250,0.001750000,0.001750000,0.001773438,16,0.000781250,0.000796875,0.000781250,0.000812500,0.000750000,0.000781250,16,0.001328125,0.001328125,0.001312500,0.001312500,0.001375000,0.001328125,16,0.000250000,0.000250000,0.000250000,0.000250000,0.000250000,0.000250000,16,0.000539063,0.000546875,0.000562500,0.000562500,0.000500000,0.000539063,16,0.000656250,0.000656250,0.000656250,0.000687500,0.000625000,0.000656250,16
1765342070.7861075,2025-12-10 12:47:50,-0.000750000,-0.000750000,-0.000500000,-0.001000000,0.000000000,-0.000750000,16,-0.000250000,-0.000250000,0.000000000,0.000000000,0.000000000,-0.000250000,16,0.001890625,0.001875000,0.001875000,0.001875000,0.001875000,0.001890625,16,0.001171875,0.001171875,0.001187500,0.001187500,0.001125000,0.001171875,16,0.000875000,0.000859375,0.000843750,0.000812500,0.000875000,0.000875000,16,0.000304687,0.000296875,0.000312500,0.000312500,0.000250000,0.000304687,16,0.000890625,0.000890625,0.000875000,0.000875000,0.000875000,0.000890625,16,0.001476563,0.001484375,0.001468750,0.001437500,0.001500000,0.001476563,16
1765342081.6325862,2025-12-10 12:48:01,-0.000750000,-0.000750000,-0.000500000,-0.001000000,0.000000000,-0.000750000,16,-0.000250000,-0.000250000,-0.000500000,0.000000000,0.000000000,-0.000250000,16,0.001718750,0.001718750,0.001718750,0.001750000,0.001750000,0.001718750,16,0.000890625,0.000890625,0.000906250,0.000875000,0.000875000,0.000890625,16,0.000820312,0.000812500,0.000812500,0.000812500,0.000750000,0.000820312,16,0.000218750,0.000218750,0.000250000,0.000250000,0.000250000,0.000218750,16,0.000828125,0.000828125,0.000843750,0.000812500,0.000875000,0.000828125,16,0.001257813,0.001265625,0.001250000,0.001250000,0.001250000,0.001257813,16
1765342092.4781337,2025-12-10 12:48:12,-0.000750000,-0.000750000,-0.000500000,-0.001000000,0.000000000,-0.000750000,16,-0.000125000,-0.000250000,0.000000000,0.000000000,0.000000000,-0.000125000,16,0.001781250,0.001781250,0.001781250,0.001812500,0.001750000,0.001781250,16,0.001000000,0.001015625,0.001000000,0.001000000,0.001000000,0.001000000,16,0.000984375,0.000984375,0.000968750,0.001000000,0.000875000,0.000984375,16,0.000359375,0.000359375,0.000343750,0.000375000,0.000375000,0.000359375,16,0.000835937,0.000828125,0.000843750,0.000812500,0.000750000,0.000835937,16,0.001289063,0.001296875,0.001312500,0.001312500,0.001250000,0.001289063,16
1765342103.3229985,2025-12-10 12:48:23,-0.000500000,-0.000500000,-0.000500000,-0.001000000,0.000000000,-0.000500000,16,0.000000000,0.000000000,0.000000000,0.000000000,0.000000000,0.000000000,16,0.001351563,0.001343750,0.001343750,0.001312500,0.001375000,0.001351563,16,0.000382813,0.000375000,0.000343750,0.000375000,0.000375000,0.000382813,16,-0.000296875,-0.000296875,-0.000312500,-0.000312500,-0.000375000,-0.000296875,16,-0.000125000,-0.000125000,-0.000125000,-0.000125000,-0.000125000,-0.000125000,16,0.000820312,0.000828125,0.000812500,0.000812500,0.000750000,0.000820312,16,0.001265625,0.001281250,0.001281250,0.001312500,0.001250000,0.001265625,16
1765342114.168978,2025-12-10 12:48:34,-0.000875000,-0.001000000,-0.001000000,-0.001000000,0.000000000,-0.000875000,16,-0.000375000,-0.000250000,-0.000500000,0.000000000,0.000000000,-0.000375000,16,0.002015625,0.002031250,0.002031250,0.002062500,0.002000000,0.002015625,16,0.001468750,0.001468750,0.001468750,0.001500000,0.001500000,0.001468750,16,0.001203125,0.001218750,0.001218750,0.001187500,0.001250000,0.001203125,16,0.000585937,0.000593750,0.000593750,0.000562500,0.000625000,0.000585937,16,0.001031250,0.001046875,0.001062500,0.001062500,0.001000000,0.001031250,16,0.001804688,0.001812500,0.001812500,0.001812500,0.001875000,0.001804688,16
1765342125.016122,2025-12-10 12:48:45,-0.000875000,-0.000750000,-0.001000000,-0.001000000,0.000000000,-0.000875000,16,-0.000375000,-0.000500000,-0.000500000,0.000000000,0.000000000,-0.000375000,16,0.002132813,0.002125000,0.002125000,0.002125000,0.002125000,0.002132813,16,0.001757813,0.001765625,0.001750000,0.001750000,0.001750000,0.001757813,16,0.001460937,0.001468750,0.001437500,0.001437500,0.001500000,0.001460937,16,0.000687500,0.000687500,0.000687500,0.000687500,0.000750000,0.000687500,16,0.001007813,0.001000000,0.001000000,0.001000000,0.001000000,0.001007813,16,0.001820313,0.001828125,0.001812500,0.001812500,0.001875000,0.001820313,16
1765342135.8593953,2025-12-10 12:48:55,-0.000625000,-0.000750000,-0.000500000,-0.001000000,0.000000000,-0.000625000,16,0.000000000,0.000000000,0.000000000,0.000000000,0.000000000,0.000000000,16,0.001804688,0.001812500,0.001812500,0.001812500,0.001750000,0.001804688,16,0.000953125,0.000953125,0.000937500,0.000937500,0.000875000,0.000953125,16,0.001023438,0.001015625,0.001000000,0.001000000,0.001000000,0.001023438,16,0.000265625,0.000265625,0.000250000,0.000250000,0.000250000,0.000265625,16,0.000757813,0.000765625,0.000750000,0.000750000,0.000750000,0.000757813,16,0.001078125,0.001078125,0.001093750,0.001125000,0.001125000,0.001078125,16
1765342146.7043252,2025-12-10 12:49:06,-0.000625000,-0.000750000,-0.000500000,-0.001000000,0.000000000,-0.000625000,16,-0.000125000,0.000000000,0.000000000,0.000000000,0.000000000,-0.000125000,16,0.001382812,0.001390625,0.001375000,0.001375000,0.001375000,0.001382812,16,0.000296875,0.000296875,0.000312500,0.000312500,0.000250000,0.000296875,16,0.000046875,0.000046875,0.000062500,0.000062500,0.000125000,0.000046875,16,0.000015625,0.000015625,0.000000000,0.000000000,0.000000000,0.000015625,16,0.000867188,0.000875000,0.000875000,0.000875000,0.000875000,0.000867188,16,0.001304688,0.001296875,0.001312500,0.001312500,0.001250000,0.001304688,16
1765342157.5495517,2025-12-10 12:49:17,-0.000750000,-0.000750000,-0.001000000,-0.001000000,0.000000000,-0.000750000,16,-0.000250000,-0.000250000,-0.000500000,0.000000000,0.000000000,-0.000250000,16,0.001648437,0.001640625,0.001656250,0.001625000,0.001625000,0.001648437,16,0.000757813,0.000750000,0.000750000,0.000750000,0.000750000,0.000757813,16,0.001000000,0.001000000,0.001000000,0.001000000,0.001000000,0.001000000,16,0.000343750,0.000343750,0.000343750,0.000375000,0.000375000,0.000343750,16,0.000804688,0.000796875,0.000812500,0.000750000,0.000750000,0.000804688,16,0.001257813,0.001265625,0.001281250,0.001250000,0.001250000,0.001257813,16
1765342168.393412,2025-12-10 12:49:28,-0.000875000,-0.001000000,-0.001000000,-0.001000000,0.000000000,-0.000875000,16,-0.000375000,-0.000500000,-0.000500000,0.000000000,0.000000000,-0.000375000,16,0.001890625,0.001890625,0.001906250,0.001875000,0.001875000,0.001890625,16,0.001140625,0.001140625,0.001156250,0.001187500,0.001125000,0.001140625,16,0.001390625,0.001390625,0.001406250,0.001375000,0.001375000,0.001390625,16,0.000562500,0.000562500,0.000562500,0.000562500,0.000500000,0.000562500,16,0.000851562,0.000828125,0.000812500,0.000812500,0.000875000,0.000851562,16,0.001234375,0.001234375,0.001250000,0.001250000,0.001250000,0.001234375,16
1765342179.2379844,2025-12-10 12:49:39,-0.000875000,-0.000750000,-0.001000000,-0.001000000,0.000000000,-0.000875000,16,-0.000375000,-0.000250000,-0.000500000,0.000000000,0.000000000,-0.000375000,16,0.001765625,0.001750000,0.001750000,0.001750000,0.001750000,0.001765625,16,0.001242188,0.001234375,0.001250000,0.001250000,0.001250000,0.001242188,16,0.001359375,0.001359375,0.001343750,0.001312500,0.001375000,0.001359375,16,0.000453125,0.000453125,0.000468750,0.000437500,0.000500000,0.000453125,16,0.000781250,0.000796875,0.000781250,0.000750000,0.000750000,0.000781250,16,0.001085938,0.001078125,0.001062500,0.001062500,0.001125000,0.001085938,16
1765342190.0847967,2025-12-10 12:49:50,-0.000750000,-0.000750000,-0.001000000,-0.001000000,0.000000000,-0.000750000,16,-0.000375000,-0.000500000,-0.000500000,0.000000000,0.000000000,-0.000375000,16,0.001695312,0.001703125,0.001718750,0.001687500,0.001625000,0.001695312,16,0.001281250,0.001265625,0.001281250,0.001250000,0.001250000,0.001281250,16,0.001304688,0.001312500,0.001312500,0.001312500,0.001375000,0.001304688,16,0.000609375,0.000609375,0.000625000,0.000625000,0.000625000,0.000609375,16,0.000906250,0.000906250,0.000906250,0.000875000,0.000875000,0.000906250,16,0.001632812,0.001640625,0.001625000,0.001625000,0.001625000,0.001632812,16
1765342200.9298086,2025-12-10 12:50:00,-0.000750000,-0.000750000,-0.000500000,-0.001000000,0.000000000,-0.000750000,16,-0.000125000,-0.000250000,0.000000000,0.000000000,0.000000000,-0.000125000,16,0.001453125,0.001468750,0.001468750,0.001437500,0.001500000,0.001453125,16,0.000718750,0.000718750,0.000718750,0.000687500,0.000750000,0.000718750,16,0.000414062,0.000421875,0.000437500,0.000437500,0.000375000,0.000414062,16,0.000195313,0.000203125,0.000187500,0.000187500,0.000250000,0.000195313,16,0.000875000,0.000875000,0.000875000,0.000875000,0.000875000,0.000875000,16,0.001265625,0.001265625,0.001281250,0.001250000,0.001250000,0.001265625,16
1765342211.7752798,2025-12-10 12:50:11,-0.000875000,-0.000750000,-0.001000000,-0.001000000,0.000000000,-0.000875000,16,-0.000375000,-0.000250000,-0.000500000,0.000000000,0.000000000,-0.000375000,16,0.001898437,0.001921875,0.001906250,0.001937500,0.001875000,0.001898437,16,0.001492188,0.001484375,0.001500000,0.001500000,0.001500000,0.001492188,16,0.001421875,0.001421875,0.001437500,0.001375000,0.001375000,0.001421875,16,0.000703125,0.000703125,0.000718750,0.000687500,0.000625000,0.000703125,16,0.000937500,0.000937500,0.000937500,0.000937500,0.001000000,0.000937500,16,0.001632812,0.001640625,0.001656250,0.001625000,0.001625000,0.001632812,16
1765342222.622784,2025-12-10 12:50:22,-0.000750000,-0.000750000,-0.001000000,-0.001000000,0.000000000,-0.000750000,16,-0.000250000,-0.000250000,0.000000000,0.000000000,0.000000000,-0.000250000,16,0.001265625,0.001250000,0.001281250,0.001250000,0.001250000,0.001265625,16,0.000671875,0.000671875,0.000656250,0.000687500,0.000625000,0.000671875,16,0.000734375,0.000718750,0.000718750,0.000687500,0.000750000,0.000734375,16,0.000359375,0.000359375,0.000375000,0.000375000,0.000375000,0.000359375,16,0.000875000,0.000875000,0.000875000,0.000875000,0.000875000,0.000875000,16,0.001648437,0.001640625,0.001656250,0.001625000,0.001625000,0.001648437,16
1765342233.4706945,2025-12-10 12:50:33,-0.000625000,-0.000500000,-0.000500000,-0.001000000,0.000000000,-0.000625000,16,-0.000250000,-0.000250000,0.000000000,0.000000000,0.000000000,-0.000250000,16,0.000859375,0.000875000,0.000875000,0.000875000,0.000875000,0.000859375,16,-0.000226563,-0.000218750,-0.000218750,-0.000250000,-0.000250000,-0.000226563,16,0.000289062,0.000281250,0.000312500,0.000312500,0.000250000,0.000289062,16,0.000039063,0.000046875,0.000031250,0.000062500,0.000125000,0.000039063,16,0.000820312,0.000812500,0.000812500,0.000812500,0.000750000,0.000820312,16,0.001554688,0.001546875,0.001562500,0.001562500,0.001500000,0.001554688,16
1765342244.3185108,2025-12-10 12:50:44,-0.000875000,-0.000750000,-0.001000000,-0.001000000,0.000000000,-0.000875000,16,-0.000375000,-0.000250000,-0.000500000,0.000000000,0.000000000,-0.000375000,16,0.002000000,0.002000000,0.002000000,0.002000000,0.002000000,0.002000000,16,0.001492188,0.001500000,0.001500000,0.001500000,0.001500000,0.001492188,16,0.001429687,0.001421875,0.001437500,0.001437500,0.001375000,0.001429687,16,0.000757813,0.000750000,0.000750000,0.000750000,0.000750000,0.000757813,16,0.001000000,0.001015625,0.001000000,0.001000000,0.001000000,0.001000000,16,0.001851563,0.001843750,0.001843750,0.001875000,0.001875000,0.001851563,16
1765342255.1654623,2025-12-10 12:50:55,-0.000750000,-0.000750000,-0.001000000,-0.001000000,0.000000000,-0.000750000,16,-0.000250000,-0.000250000,0.000000000,0.000000000,0.000000000,-0.000250000,16,0.001828125,0.001828125,0.001812500,0.001812500,0.001875000,0.001828125,16,0.001312500,0.001312500,0.001312500,0.001312500,0.001250000,0.001312500,16,0.001359375,0.001359375,0.001375000,0.001375000,0.001375000,0.001359375,16,0.000679688,0.000687500,0.000687500,0.000687500,0.000625000,0.000679688,16,0.000937500,0.000937500,0.000937500,0.000937500,0.001000000,0.000937500,16,0.001789063,0.001796875,0.001781250,0.001812500,0.001875000,0.001789063,16
1765342266.015557,2025-12-10 12:51:06,-0.000750000,-0.000750000,-0.001000000,-0.001000000,0.000000000,-0.000750000,16,-0.000250000,-0.000250000,0.000000000,0.000000000,0.000000000,-0.000250000,16,0.001851563,0.001843750,0.001843750,0.001875000,0.001875000,0.001851563,16,0.001445312,0.001453125,0.001468750,0.001437500,0.001375000,0.001445312,16,0.001421875,0.001421875,0.001437500,0.001437500,0.001375000,0.001421875,16,0.000703125,0.000687500,0.000687500,0.000687500,0.000625000,0.000703125,16,0.000914063,0.000906250,0.000906250,0.000875000,0.000875000,0.000914063,16,0.001843750,0.001843750,0.001843750,0.001875000,0.001750000,0.001843750,16
1765342276.8635437,2025-12-10 12:51:16,-0.000750000,-0.000750000,-0.000500000,-0.001000000,0.000000000,-0.000750000,16,-0.000125000,-0.000250000,0.000000000,0.000000000,0.000000000,-0.000125000,16,0.001750000,0.001750000,0.001750000,0.001750000,0.001750000,0.001750000,16,0.001375000,0.001375000,0.001375000,0.001375000,0.001375000,0.001375000,16,0.001328125,0.001328125,0.001312500,0.001312500,0.001375000,0.001328125,16,0.000625000,0.000625000,0.000625000,0.000625000,0.000625000,0.000625000,16,0.000835937,0.000828125,0.000843750,0.000812500,0.000750000,0.000835937,16,0.001585938,0.001578125,0.001593750,0.001562500,0.001625000,0.001585938,16
1765342287.712273,2025-12-10 12:51:27,-0.000750000,-0.000750000,-0.000500000,-0.001000000,0.000000000,-0.000750000,16,-0.000250000,-0.000250000,0.000000000,0.000000000,0.000000000,-0.000250000,16,0.001671875,0.001671875,0.001687500,0.001687500,0.001625000,0.001671875,16,0.001195312,0.001187500,0.001187500,0.001187500,0.001250000,0.001195312,16,0.001445312,0.001453125,0.001437500,0.001437500,0.001375000,0.001445312,16,0.000632813,0.000640625,0.000625000,0.000625000,0.000625000,0.000632813,16,0.000804688,0.000796875,0.000812500,0.000750000,0.000750000,0.000804688,16,0.001468750,0.001468750,0.001468750,0.001437500,0.001500000,0.001468750,16
1765342298.5593188,2025-12-10 12:51:38,-0.000750000,-0.000750000,-0.001000000,-0.001000000,0.000000000,-0.000750000,16,-0.000250000,-0.000250000,-0.000500000,0.000000000,0.000000000,-0.000250000,16,0.001906250,0.001906250,0.001906250,0.001875000,0.001875000,0.001906250,16,0.001500000,0.001500000,0.001500000,0.001500000,0.001500000,0.001500000,16,0.001500000,0.001500000,0.001500000,0.001500000,0.001500000,0.001500000,16,0.000726562,0.000718750,0.000718750,0.000687500,0.000750000,0.000726562,16,0.000914063,0.000921875,0.000906250,0.000937500,0.001000000,0.000914063,16,0.001820313,0.001812500,0.001812500,0.001812500,0.001875000,0.001820313,16
1765342309.4035342,2025-12-10 12:51:49,-0.000750000,-0.000750000,-0.001000000,-0.001000000,0.000000000,-0.000750000,16,-0.000125000,0.000000000,0.000000000,0.000000000,0.000000000,-0.000125000,16,0.001468750,0.001468750,0.001437500,0.001437500,0.001500000,0.001468750,16,0.000867188,0.000859375,0.000843750,0.000812500,0.000875000,0.000867188,16,0.000789063,0.000781250,0.000781250,0.000750000,0.000750000,0.000789063,16,0.000304687,0.000312500,0.000281250,0.000312500,0.000250000,0.000304687,16,0.000859375,0.000859375,0.000843750,0.000875000,0.000875000,0.000859375,16,0.001765625,0.001765625,0.001750000,0.001750000,0.001750000,0.001765625,16
1765342320.2474127,2025-12-10 12:52:00,-0.000750000,-0.000750000,-0.001000000,-0.001000000,0.000000000,-0.000750000,16,-0.000125000,-0.000250000,0.000000000,0.000000000,0.000000000,-0.000125000,16,0.001718750,0.001718750,0.001718750,0.001687500,0.001750000,0.001718750,16,0.000898438,0.000906250,0.000906250,0.000937500,0.000875000,0.000898438,16,0.000867188,0.000875000,0.000875000,0.000812500,0.000875000,0.000867188,16,0.000406250,0.000406250,0.000406250,0.000375000,0.000375000,0.000406250,16,0.000937500,0.000937500,0.000937500,0.000937500,0.001000000,0.000937500,16,0.001820313,0.001812500,0.001812500,0.001812500,0.001750000,0.001820313,16
1765342331.0911503,2025-12-10 12:52:11,-0.000750000,-0.000750000,-0.001000000,-0.001000000,0.000000000,-0.000750000,16,-0.000125000,-0.000250000,0.000000000,0.000000000,0.000000000,-0.000125000,16,0.001937500,0.001937500,0.001937500,0.001937500,0.001875000,0.001937500,16,0.001195312,0.001203125,0.001187500,0.001250000,0.001250000,0.001195312,16,0.001304688,0.001312500,0.001312500,0.001312500,0.001375000,0.001304688,16,0.000609375,0.000609375,0.000593750,0.000625000,0.000625000,0.000609375,16,0.000867188,0.000875000,0.000875000,0.000875000,0.000875000,0.000867188,16,0.001578125,0.001578125,0.001593750,0.001562500,0.001625000,0.001578125,16
1765342341.9366329,2025-12-10 12:52:21,-0.000750000,-0.000750000,-0.000500000,-0.001000000,0.000000000,-0.000750000,16,0.000000000,0.000000000,0.000000000,0.000000000,0.000000000,0.000000000,16,0.002015625,0.002015625,0.002000000,0.002000000,0.002000000,0.002015625,16,0.001445312,0.001453125,0.001437500,0.001437500,0.001500000,0.001445312,16,0.001210937,0.001203125,0.001218750,0.001187500,0.001250000,0.001210937,16,0.000664063,0.000656250,0.000656250,0.000687500,0.000625000,0.000664063,16,0.000890625,0.000906250,0.000906250,0.000875000,0.000875000,0.000890625,16,0.001562500,0.001562500,0.001562500,0.001562500,0.001500000,0.001562500,16
1765342352.781352,2025-12-10 12:52:32,-0.000750000,-0.000750000,-0.001000000,-0.001000000,0.000000000,-0.000750000,16,-0.000125000,0.000000000,0.000000000,0.000000000,0.000000000,-0.000125000,16,0.002093750,0.002093750,0.002093750,0.002062500,0.002125000,0.002093750,16,0.001687500,0.001687500,0.001687500,0.001687500,0.001750000,0.001687500,16,0.001320313,0.001328125,0.001343750,0.001312500,0.001375000,0.001320313,16,0.000703125,0.000703125,0.000687500,0.000687500,0.000750000,0.000703125,16,0.001007813,0.001015625,0.001000000,0.001000000,0.001000000,0.001007813,16,0.001789063,0.001796875,0.001812500,0.001812500,0.001750000,0.001789063,16
1765342363.6261265,2025-12-10 12:52:43,-0.000750000,-0.000750000,-0.001000000,-0.001000000,0.000000000,-0.000750000,16,-0.000125000,-0.000250000,0.000000000,0.000000000,0.000000000,-0.000125000,16,0.002039063,0.002046875,0.002031250,0.002062500,0.002000000,0.002039063,16,0.001640625,0.001640625,0.001656250,0.001625000,0.001625000,0.001640625,16,0.001460937,0.001453125,0.001468750,0.001437500,0.001500000,0.001460937,16,0.000726562,0.000718750,0.000718750,0.000687500,0.000750000,0.000726562,16,0.000882813,0.000890625,0.000875000,0.000875000,0.000875000,0.000882813,16,0.001671875,0.001687500,0.001687500,0.001687500,0.001625000,0.001671875,16
1765342374.4706945,2025-12-10 12:52:54,-0.000750000,-0.000750000,-0.001000000,-0.001000000,0.000000000,-0.000750000,16,-0.000125000,-0.000250000,0.000000000,0.000000000,0.000000000,-0.000125000,16,0.001890625,0.001890625,0.001906250,0.001875000,0.001875000,0.001890625,16,0.001265625,0.001265625,0.001281250,0.001250000,0.001250000,0.001265625,16,0.001140625,0.001125000,0.001125000,0.001062500,0.001125000,0.001140625,16,0.000531250,0.000515625,0.000531250,0.000500000,0.000500000,0.000531250,16,0.000906250,0.000906250,0.000906250,0.000875000,0.001000000,0.000906250,16,0.001679687,0.001687500,0.001687500,0.001687500,0.001750000,0.001679687,16
1765342385.317092,2025-12-10 12:53:05,-0.000750000,-0.000750000,-0.001000000,-0.001000000,0.000000000,-0.000750000,16,-0.000250000,-0.000250000,0.000000000,0.000000000,0.000000000,-0.000250000,16,0.002070313,0.002078125,0.002093750,0.002062500,0.002125000,0.002070313,16,0.001609375,0.001609375,0.001593750,0.001625000,0.001625000,0.001609375,16,0.001507813,0.001515625,0.001500000,0.001500000,0.001500000,0.001507813,16,0.000796875,0.000796875,0.000812500,0.000812500,0.000750000,0.000796875,16,0.000984375,0.000984375,0.001000000,0.001000000,0.001000000,0.000984375,16,0.001867188,0.001859375,0.001875000,0.001875000,0.001875000,0.001867188,16
1765342396.1626155,2025-12-10 12:53:16,-0.000750000,-0.000750000,-0.001000000,-0.001000000,0.000000000,-0.000750000,16,-0.000250000,-0.000250000,0.000000000,0.000000000,0.000000000,-0.000250000,16,0.002179688,0.002171875,0.002187500,0.002187500,0.002250000,0.002179688,16,0.001734375,0.001734375,0.001750000,0.001750000,0.001750000,0.001734375,16,0.001585938,0.001593750,0.001593750,0.001562500,0.001625000,0.001585938,16,0.000812500,0.000812500,0.000812500,0.000812500,0.000750000,0.000812500,16,0.001000000,0.001000000,0.001000000,0.001000000,0.001000000,0.001000000,16,0.001898437,0.001890625,0.001906250,0.001875000,0.001875000,0.001898437,16
1765342407.0063643,2025-12-10 12:53:27,-0.000750000,-0.000750000,-0.001000000,-0.001000000,0.000000000,-0.000750000,16,-0.000250000,-0.000250000,0.000000000,0.000000000,0.000000000,-0.000250000,16,0.001992188,0.002000000,0.002000000,0.002000000,0.002000000,0.001992188,16,0.001640625,0.001640625,0.001625000,0.001625000,0.001625000,0.001640625,16,0.001523438,0.001531250,0.001500000,0.001562500,0.001500000,0.001523438,16,0.000765625,0.000765625,0.000781250,0.000750000,0.000750000,0.000765625,16,0.000960937,0.000968750,0.000968750,0.000937500,0.000875000,0.000960937,16,0.001835938,0.001859375,0.001843750,0.001812500,0.001875000,0.001835938,16
1765342417.8535461,2025-12-10 12:53:37,-0.000750000,-0.000750000,-0.001000000,-0.001000000,0.000000000,-0.000750000,16,-0.000250000,-0.000250000,0.000000000,0.000000000,0.000000000,-0.000250000,16,0.001921875,0.001921875,0.001906250,0.001937500,0.001875000,0.001921875,16,0.001414062,0.001421875,0.001406250,0.001437500,0.001375000,0.001414062,16,0.001320313,0.001312500,0.001312500,0.001312500,0.001375000,0.001320313,16,0.000617188,0.000609375,0.000625000,0.000625000,0.000625000,0.000617188,16,0.000843750,0.000859375,0.000843750,0.000875000,0.000875000,0.000843750,16,0.001578125,0.001578125,0.001562500,0.001562500,0.001625000,0.001578125,16
1765342428.698317,2025-12-10 12:53:48,-0.000750000,-0.000750000,-0.001000000,-0.001000000,0.000000000,-0.000750000,16,-0.000250000,-0.000250000,0.000000000,0.000000000,0.000000000,-0.000250000,16,0.001703125,0.001718750,0.001718750,0.001687500,0.001750000,0.001703125,16,0.000671875,0.000671875,0.000656250,0.000687500,0.000625000,0.000671875,16,0.000585937,0.000578125,0.000593750,0.000562500,0.000500000,0.000585937,16,0.000265625,0.000281250,0.000281250,0.000250000,0.000250000,0.000265625,16,0.000882813,0.000875000,0.000875000,0.000875000,0.000875000,0.000882813,16,0.001710938,0.001703125,0.001718750,0.001750000,0.001750000,0.001710938,16
1765342439.546195,2025-12-10 12:53:59,-0.000750000,-0.000750000,-0.001000000,-0.001000000,0.000000000,-0.000750000,16,-0.000250000,-0.000250000,0.000000000,0.000000000,0.000000000,-0.000250000,16,0.001664062,0.001656250,0.001656250,0.001625000,0.001625000,0.001664062,16,0.000726562,0.000734375,0.000750000,0.000750000,0.000750000,0.000726562,16,0.000445313,0.000453125,0.000437500,0.000437500,0.000375000,0.000445313,16,0.000187500,0.000171875,0.000187500,0.000187500,0.000250000,0.000187500,16,0.000976562,0.000984375,0.001000000,0.001000000,0.001000000,0.000976562,16,0.001562500,0.001546875,0.001562500,0.001562500,0.001500000,0.001562500,16
1765342450.390527,2025-12-10 12:54:10,-0.000750000,-0.000750000,-0.001000000,-0.001000000,0.000000000,-0.000750000,16,-0.000250000,-0.000250000,0.000000000,0.000000000,0.000000000,-0.000250000,16,0.001164062,0.001156250,0.001156250,0.001125000,0.001125000,0.001164062,16,0.000039063,0.000031250,0.000031250,0.000000000,0.000000000,0.000039063,16,0.000234375,0.000234375,0.000250000,0.000250000,0.000250000,0.000234375,16,0.000054688,0.000046875,0.000031250,0.000062500,0.000125000,0.000054688,16,0.000945312,0.000937500,0.000937500,0.000937500,0.000875000,0.000945312,16,0.001835938,0.001843750,0.001843750,0.001812500,0.001875000,0.001835938,16
1765342461.2376034,2025-12-10 12:54:21,-0.000750000,-0.000750000,-0.001000000,-0.001000000,0.000000000,-0.000750000,16,-0.000125000,-0.000250000,0.000000000,0.000000000,0.000000000,-0.000125000,16,0.001273438,0.001265625,0.001250000,0.001250000,0.001250000,0.001273438,16,0.000414062,0.000406250,0.000375000,0.000375000,0.000375000,0.000414062,16,0.000523438,0.000515625,0.000500000,0.000500000,0.000500000,0.000523438,16,0.000218750,0.000218750,0.000218750,0.000250000,0.000250000,0.000218750,16,0.001000000,0.001000000,0.001000000,0.001000000,0.001000000,0.001000000,16,0.001796875,0.001796875,0.001781250,0.001812500,0.001750000,0.001796875,16
1765342472.085067,2025-12-10 12:54:32,-0.000750000,-0.000750000,-0.001000000,-0.001000000,0.000000000,-0.000750000,16,-0.000250000,-0.000250000,0.000000000,0.000000000,0.000000000,-0.000250000,16,0.001656250,0.001656250,0.001656250,0.001625000,0.001625000,0.001656250,16,0.000960937,0.000968750,0.000968750,0.000937500,0.001000000,0.000960937,16,0.000203125,0.000203125,0.000187500,0.000187500,0.000250000,0.000203125,16,0.000195313,0.000203125,0.000187500,0.000187500,0.000250000,0.000195313,16,0.000968750,0.000968750,0.000968750,0.001000000,0.001000000,0.000968750,16,0.001390625,0.001390625,0.001406250,0.001375000,0.001375000,0.001390625,16
1765342482.9331086,2025-12-10 12:54:42,-0.000750000,-0.000750000,-0.000500000,-0.001000000,0.000000000,-0.000750000,16,-0.000125000,0.000000000,0.000000000,0.000000000,0.000000000,-0.000125000,16,0.001992188,0.001984375,0.002000000,0.002000000,0.002000000,0.001992188,16,0.001531250,0.001531250,0.001531250,0.001562500,0.001500000,0.001531250,16,0.000523438,0.000515625,0.000531250,0.000500000,0.000500000,0.000523438,16,0.000367188,0.000375000,0.000375000,0.000375000,0.000375000,0.000367188,16,0.001046875,0.001046875,0.001031250,0.001062500,0.001125000,0.001046875,16,0.001406250,0.001406250,0.001406250,0.001437500,0.001375000,0.001406250,16
1765342493.7812772,2025-12-10 12:54:53,-0.000750000,-0.000750000,-0.001000000,-0.001000000,0.000000000,-0.000750000,16,-0.000125000,0.000000000,0.000000000,0.000000000,0.000000000,-0.000125000,16,0.002187500,0.002187500,0.002187500,0.002187500,0.002125000,0.002187500,16,0.001789063,0.001781250,0.001781250,0.001812500,0.001750000,0.001789063,16,0.000812500,0.000812500,0.000812500,0.000812500,0.000875000,0.000812500,16,0.000492188,0.000484375,0.000500000,0.000500000,0.000500000,0.000492188,16,0.001023438,0.001031250,0.001031250,0.001000000,0.001000000,0.001023438,16,0.001679687,0.001671875,0.001656250,0.001687500,0.001625000,0.001679687,16
1765342504.628197,2025-12-10 12:55:04,-0.000750000,-0.000750000,-0.001000000,-0.001000000,0.000000000,-0.000750000,16,-0.000125000,-0.000250000,0.000000000,0.000000000,0.000000000,-0.000125000,16,0.002007813,0.002015625,0.002000000,0.002000000,0.002000000,0.002007813,16,0.001562500,0.001562500,0.001562500,0.001562500,0.001500000,0.001562500,16,0.000796875,0.000796875,0.000812500,0.000812500,0.000750000,0.000796875,16,0.000523438,0.000515625,0.000531250,0.000500000,0.000500000,0.000523438,16,0.000984375,0.000984375,0.001000000,0.001000000,0.001000000,0.000984375,16,0.001554688,0.001562500,0.001562500,0.001562500,0.001625000,0.001554688,16
1765342515.4733996,2025-12-10 12:55:15,-0.000625000,-0.000500000,-0.000500000,-0.001000000,0.000000000,-0.000625000,16,0.000250000,0.000250000,0.000500000,0.000000000,0.000000000,0.000250000,16,0.001906250,0.001906250,0.001906250,0.001937500,0.002000000,0.001906250,16,0.001515625,0.001515625,0.001531250,0.001500000,0.001500000,0.001515625,16,0.000515625,0.000531250,0.000531250,0.000500000,0.000500000,0.000515625,16,0.000343750,0.000343750,0.000343750,0.000375000,0.000375000,0.000343750,16,0.000921875,0.000921875,0.000937500,0.000937500,0.000875000,0.000921875,16,0.001414062,0.001421875,0.001406250,0.001375000,0.001375000,0.001414062,16
1765342526.317579,2025-12-10 12:55:26,-0.000875000,-0.001000000,-0.001000000,-0.001000000,0.000000000,-0.000875000,16,-0.000250000,-0.000250000,0.000000000,0.000000000,0.000000000,-0.000250000,16,0.001757813,0.001750000,0.001750000,0.001750000,0.001750000,0.001757813,16,0.001015625,0.000984375,0.000968750,0.001000000,0.001000000,0.001015625,16,0.000906250,0.000906250,0.000906250,0.000875000,0.000875000,0.000906250,16,0.000398438,0.000390625,0.000375000,0.000375000,0.000375000,0.000398438,16,0.000851562,0.000843750,0.000843750,0.000812500,0.000875000,0.000851562,16,0.001125000,0.001125000,0.001125000,0.001125000,0.001125000,0.001125000,16
1765342537.163189,2025-12-10 12:55:37,-0.000750000,-0.000750000,-0.001000000,-0.001000000,0.000000000,-0.000750000,16,0.000000000,0.000000000,0.000000000,0.000000000,0.000000000,0.000000000,16,0.002265625,0.002265625,0.002281250,0.002312500,0.002250000,0.002265625,16,0.001796875,0.001796875,0.001812500,0.001812500,0.001750000,0.001796875,16,0.000898438,0.000890625,0.000875000,0.000875000,0.000875000,0.000898438,16,0.000562500,0.000562500,0.000531250,0.000562500,0.000500000,0.000562500,16,0.001078125,0.001078125,0.001062500,0.001062500,0.001125000,0.001078125,16,0.001601563,0.001609375,0.001593750,0.001625000,0.001625000,0.001601563,16
1765342548.0071332,2025-12-10 12:55:48,-0.000750000,-0.000750000,-0.001000000,-0.001000000,0.000000000,-0.000750000,16,-0.000125000,-0.000250000,0.000000000,0.000000000,0.000000000,-0.000125000,16,0.001867188,0.001859375,0.001843750,0.001875000,0.001875000,0.001867188,16,0.001210937,0.001218750,0.001218750,0.001187500,0.001250000,0.001210937,16,0.001117188,0.001125000,0.001125000,0.001125000,0.001125000,0.001117188,16,0.000632813,0.000640625,0.000625000,0.000625000,0.000625000,0.000632813,16,0.001046875,0.001062500,0.001062500,0.001062500,0.001000000,0.001046875,16,0.001570313,0.001562500,0.001562500,0.001562500,0.001500000,0.001570313,16
1765342558.8511083,2025-12-10 12:55:58,-0.000750000,-0.000750000,-0.000500000,-0.001000000,0.000000000,-0.000750000,16,0.000000000,0.000000000,0.000000000,0.000000000,0.000000000,0.000000000,16,0.001695312,0.001687500,0.001687500,0.001687500,0.001750000,0.001695312,16,0.001273438,0.001265625,0.001281250,0.001250000,0.001250000,0.001273438,16,0.000523438,0.000531250,0.000531250,0.000500000,0.000500000,0.000523438,16,0.000328125,0.000328125,0.000343750,0.000312500,0.000375000,0.000328125,16,0.000953125,0.000968750,0.000937500,0.000937500,0.001000000,0.000953125,16,0.001414062,0.001406250,0.001406250,0.001375000,0.001375000,0.001414062,16
1765342569.6970057,2025-12-10 12:56:09,-0.000875000,-0.001000000,-0.001000000,-0.001000000,0.000000000,-0.000875000,16,-0.000250000,-0.000250000,0.000000000,0.000000000,0.000000000,-0.000250000,16,0.002078125,0.002078125,0.002093750,0.002125000,0.002125000,0.002078125,16,0.001726563,0.001734375,0.001718750,0.001750000,0.001750000,0.001726563,16,0.001273438,0.001281250,0.001281250,0.001250000,0.001250000,0.001273438,16,0.000804688,0.000812500,0.000812500,0.000812500,0.000750000,0.000804688,16,0.001109375,0.001125000,0.001125000,0.001125000,0.001125000,0.001109375,16,0.001750000,0.001750000,0.001750000,0.001750000,0.001750000,0.001750000,16
1765342580.5418122,2025-12-10 12:56:20,-0.000750000,-0.000750000,-0.001000000,-0.001000000,0.000000000,-0.000750000,16,-0.000250000,-0.000250000,-0.000500000,0.000000000,0.000000000,-0.000250000,16,0.001851563,0.001843750,0.001843750,0.001812500,0.001875000,0.001851563,16,0.001507813,0.001484375,0.001468750,0.001500000,0.001500000,0.001507813,16,0.001156250,0.001140625,0.001125000,0.001125000,0.001125000,0.001156250,16,0.000562500,0.000546875,0.000531250,0.000562500,0.000500000,0.000562500,16,0.000976562,0.000968750,0.000968750,0.001000000,0.001000000,0.000976562,16,0.001281250,0.001281250,0.001281250,0.001312500,0.001250000,0.001281250,16
1765342591.3882506,2025-12-10 12:56:31,-0.000875000,-0.000750000,-0.001000000,-0.001000000,0.000000000,-0.000875000,16,-0.000250000,-0.000250000,0.000000000,0.000000000,0.000000000,-0.000250000,16,0.001679687,0.001671875,0.001687500,0.001687500,0.001625000,0.001679687,16,0.001132812,0.001125000,0.001125000,0.001062500,0.001125000,0.001132812,16,0.000898438,0.000890625,0.000875000,0.000875000,0.000875000,0.000898438,16,0.000492188,0.000484375,0.000500000,0.000500000,0.000500000,0.000492188,16,0.001023438,0.001015625,0.001031250,0.001000000,0.001000000,0.001023438,16,0.001507813,0.001515625,0.001531250,0.001500000,0.001500000,0.001507813,16
1765342602.2352688,2025-12-10 12:56:42,-0.000750000,-0.000750000,-0.001000000,-0.001000000,0.000000000,-0.000750000,16,-0.000250000,-0.000250000,0.000000000,0.000000000,0.000000000,-0.000250000,16,0.001914062,0.001906250,0.001906250,0.001937500,0.001875000,0.001914062,16,0.001507813,0.001500000,0.001500000,0.001500000,0.001500000,0.001507813,16,0.001203125,0.001203125,0.001218750,0.001187500,0.001125000,0.001203125,16,0.000718750,0.000718750,0.000718750,0.000687500,0.000750000,0.000718750,16,0.001070313,0.001078125,0.001062500,0.001062500,0.001000000,0.001070313,16,0.001539063,0.001546875,0.001531250,0.001562500,0.001625000,0.001539063,16
1765342613.08052,2025-12-10 12:56:53,-0.000750000,-0.000750000,-0.001000000,-0.001000000,0.000000000,-0.000750000,16,-0.000125000,0.000000000,0.000000000,0.000000000,0.000000000,-0.000125000,16,0.001656250,0.001656250,0.001656250,0.001625000,0.001625000,0.001656250,16,0.001390625,0.001390625,0.001375000,0.001375000,0.001375000,0.001390625,16,0.000718750,0.000718750,0.000687500,0.000687500,0.000625000,0.000718750,16,0.000460938,0.000453125,0.000468750,0.000437500,0.000500000,0.000460938,16,0.000960937,0.000953125,0.000968750,0.000937500,0.000875000,0.000960937,16,0.001343750,0.001343750,0.001343750,0.001312500,0.001375000,0.001343750,16
1765342623.924298,2025-12-10 12:57:03,-0.000750000,-0.000750000,-0.001000000,-0.001000000,-0.002000000,-0.000750000,16,0.000125000,0.000000000,0.000000000,0.000000000,0.000000000,0.000125000,16,0.001640625,0.001640625,0.001625000,0.001625000,0.001625000,0.001640625,16,0.001578125,0.001578125,0.001562500,0.001562500,0.001625000,0.001578125,16,0.000429688,0.000421875,0.000437500,0.000437500,0.000375000,0.000429688,16,0.000437500,0.000437500,0.000437500,0.000437500,0.000375000,0.000437500,16,0.000960937,0.000968750,0.000968750,0.001000000,0.001000000,0.000960937,16,0.001335938,0.001328125,0.001312500,0.001312500,0.001375000,0.001335938,16
1765342634.7702143,2025-12-10 12:57:14,-0.000875000,-0.001000000,-0.001000000,-0.001000000,0.000000000,-0.000875000,16,-0.000250000,-0.000250000,-0.000500000,0.000000000,0.000000000,-0.000250000,16,0.001851563,0.001843750,0.001843750,0.001875000,0.001875000,0.001851563,16,0.001640625,0.001640625,0.001625000,0.001625000,0.001625000,0.001640625,16,0.001078125,0.001078125,0.001062500,0.001062500,0.001125000,0.001078125,16,0.000757813,0.000750000,0.000750000,0.000750000,0.000750000,0.000757813,16,0.001085938,0.001078125,0.001093750,0.001062500,0.001125000,0.001085938,16,0.001507813,0.001500000,0.001500000,0.001500000,0.001500000,0.001507813,16
1765342645.6176445,2025-12-10 12:57:25,-0.000875000,-0.000750000,-0.001000000,-0.001000000,0.000000000,-0.000875000,16,-0.000250000,-0.000250000,-0.000500000,0.000000000,0.000000000,-0.000250000,16,0.001664062,0.001656250,0.001656250,0.001625000,0.001625000,0.001664062,16,0.001492188,0.001500000,0.001500000,0.001500000,0.001500000,0.001492188,16,0.001125000,0.001125000,0.001125000,0.001125000,0.001125000,0.001125000,16,0.000703125,0.000703125,0.000718750,0.000687500,0.000750000,0.000703125,16,0.001007813,0.001015625,0.001000000,0.001000000,0.001000000,0.001007813,16,0.001390625,0.001375000,0.001375000,0.001375000,0.001375000,0.001390625,16
1765342656.4636378,2025-12-10 12:57:36,-0.000750000,-0.000750000,-0.001000000,-0.001000000,0.000000000,-0.000750000,16,-0.000250000,-0.000250000,-0.000500000,0.000000000,0.000000000,-0.000250000,16,0.001656250,0.001656250,0.001656250,0.001687500,0.001625000,0.001656250,16,0.001398437,0.001406250,0.001406250,0.001375000,0.001375000,0.001398437,16,0.001093750,0.001093750,0.001093750,0.001125000,0.001125000,0.001093750,16,0.000710937,0.000703125,0.000718750,0.000687500,0.000750000,0.000710937,16,0.000937500,0.000921875,0.000937500,0.000937500,0.001000000,0.000937500,16,0.001375000,0.001390625,0.001375000,0.001375000,0.001375000,0.001375000,16
1765342667.312063,2025-12-10 12:57:47,-0.000750000,-0.000750000,-0.001000000,-0.001000000,0.000000000,-0.000750000,16,-0.000250000,-0.000250000,0.000000000,0.000000000,0.000000000,-0.000250000,16,0.001648437,0.001640625,0.001656250,0.001625000,0.001625000,0.001648437,16,0.001390625,0.001375000,0.001375000,0.001375000,0.001375000,0.001390625,16,0.001109375,0.001109375,0.001125000,0.001125000,0.001125000,0.001109375,16,0.000710937,0.000703125,0.000718750,0.000687500,0.000625000,0.000710937,16,0.000929688,0.000937500,0.000937500,0.000937500,0.001000000,0.000929688,16,0.001429687,0.001421875,0.001437500,0.001437500,0.001375000,0.001429687,16
1765342678.1594682,2025-12-10 12:57:58,-0.000625000,-0.000750000,-0.000500000,-0.001000000,0.000000000,-0.000625000,16,-0.000125000,0.000000000,0.000000000,0.000000000,0.000000000,-0.000125000,16,0.001507813,0.001515625,0.001500000,0.001500000,0.001500000,0.001507813,16,0.001203125,0.001203125,0.001218750,0.001187500,0.001125000,0.001203125,16,0.000968750,0.000968750,0.000937500,0.000937500,0.001000000,0.000968750,16,0.000609375,0.000609375,0.000625000,0.000625000,0.000625000,0.000609375,16,0.000867188,0.000859375,0.000843750,0.000875000,0.000875000,0.000867188,16,0.001242188,0.001234375,0.001250000,0.001250000,0.001250000,0.001242188,16
1765342689.0062077,2025-12-10 12:58:09,-0.000750000,-0.000750000,-0.000500000,-0.001000000,0.000000000,-0.000750000,16,-0.000250000,-0.000250000,0.000000000,0.000000000,0.000000000,-0.000250000,16,0.000726562,0.000734375,0.000718750,0.000687500,0.000750000,0.000726562,16,0.000312500,0.000312500,0.000312500,0.000312500,0.000375000,0.000312500,16,0.000453125,0.000453125,0.000437500,0.000437500,0.000500000,0.000453125,16,0.000125000,0.000125000,0.000125000,0.000125000,0.000125000,0.000125000,16,0.000734375,0.000734375,0.000750000,0.000750000,0.000750000,0.000734375,16,0.000945312,0.000953125,0.000937500,0.000937500,0.001000000,0.000945312,16
1765342699.854518,2025-12-10 12:58:19,-0.000750000,-0.000750000,-0.001000000,-0.001000000,0.000000000,-0.000750000,16,-0.000375000,-0.000250000,-0.000500000,0.000000000,0.000000000,-0.000375000,16,0.001414062,0.001421875,0.001406250,0.001437500,0.001375000,0.001414062,16,0.001000000,0.001000000,0.000968750,0.001000000,0.001000000,0.001000000,16,0.000960937,0.000968750,0.000968750,0.001000000,0.001000000,0.000960937,16,0.000578125,0.000578125,0.000593750,0.000562500,0.000625000,0.000578125,16,0.000953125,0.000953125,0.000968750,0.001000000,0.001000000,0.000953125,16,0.001445312,0.001453125,0.001437500,0.001437500,0.001375000,0.001445312,16
1765342710.7026691,2025-12-10 12:58:30,-0.000750000,-0.000750000,-0.001000000,-0.001000000,0.000000000,-0.000750000,16,-0.000125000,-0.000250000,0.000000000,0.000000000,0.000000000,-0.000125000,16,0.001632812,0.001640625,0.001656250,0.001625000,0.001625000,0.001632812,16,0.001281250,0.001281250,0.001281250,0.001250000,0.001250000,0.001281250,16,0.000632813,0.000640625,0.000656250,0.000625000,0.000625000,0.000632813,16,0.000484375,0.000484375,0.000500000,0.000500000,0.000500000,0.000484375,16,0.000960937,0.000953125,0.000968750,0.000937500,0.000875000,0.000960937,16,0.001437500,0.001437500,0.001437500,0.001437500,0.001375000,0.001437500,16
1765342721.5490155,2025-12-10 12:58:41,-0.000750000,-0.000750000,-0.001000000,-0.001000000,0.000000000,-0.000750000,16,-0.000125000,0.000000000,0.000000000,0.000000000,0.000000000,-0.000125000,16,0.001726563,0.001718750,0.001718750,0.001750000,0.001750000,0.001726563,16,0.001312500,0.001296875,0.001281250,0.001312500,0.001250000,0.001312500,16,0.000914063,0.000921875,0.000906250,0.000875000,0.000875000,0.000914063,16,0.000617188,0.000609375,0.000625000,0.000625000,0.000625000,0.000617188,16,0.000929688,0.000937500,0.000937500,0.000937500,0.001000000,0.000929688,16,0.001460937,0.001453125,0.001468750,0.001437500,0.001500000,0.001460937,16
1765342732.395327,2025-12-10 12:58:52,-0.000875000,-0.000750000,-0.001000000,-0.001000000,0.000000000,-0.000875000,16,-0.000250000,-0.000250000,-0.000500000,0.000000000,0.000000000,-0.000250000,16,0.001695312,0.001687500,0.001687500,0.001687500,0.001750000,0.001695312,16,0.001429687,0.001421875,0.001437500,0.001437500,0.001375000,0.001429687,16,0.001093750,0.001093750,0.001093750,0.001062500,0.001125000,0.001093750,16,0.000718750,0.000718750,0.000718750,0.000687500,0.000750000,0.000718750,16,0.001000000,0.001000000,0.001000000,0.001000000,0.001000000,0.001000000,16,0.001500000,0.001484375,0.001500000,0.001500000,0.001500000,0.001500000,16
1765342743.2403414,2025-12-10 12:59:03,-0.000750000,-0.000750000,-0.001000000,-0.001000000,0.000000000,-0.000750000,16,-0.000125000,-0.000250000,0.000000000,0.000000000,0.000000000,-0.000125000,16,0.001625000,0.001625000,0.001625000,0.001625000,0.001625000,0.001625000,16,0.001382812,0.001390625,0.001375000,0.001375000,0.001375000,0.001382812,16,0.001085938,0.001093750,0.001093750,0.001062500,0.001125000,0.001085938,16,0.000695312,0.000703125,0.000687500,0.000687500,0.000750000,0.000695312,16,0.000953125,0.000953125,0.000937500,0.000937500,0.001000000,0.000953125,16,0.001453125,0.001437500,0.001437500,0.001437500,0.001500000,0.001453125,16
1765342754.0859456,2025-12-10 12:59:14,-0.000500000,-0.000500000,-0.000500000,-0.001000000,0.000000000,-0.000500000,16,0.000000000,0.000000000,0.000000000,0.000000000,0.000000000,0.000000000,16,0.000109375,0.000109375,0.000093750,0.000125000,0.000125000,0.000109375,16,-0.000656250,-0.000656250,-0.000656250,-0.000687500,-0.000625000,-0.000656250,16,-0.000453125,-0.000453125,-0.000437500,-0.000437500,-0.000375000,-0.000453125,16,-0.000367188,-0.000359375,-0.000375000,-0.000375000,-0.000375000,-0.000367188,16,0.000726562,0.000734375,0.000718750,0.000687500,0.000750000,0.000726562,16,0.000898438,0.000906250,0.000906250,0.000937500,0.000875000,0.000898438,16
1765342764.9311092,2025-12-10 12:59:24,-0.000750000,-0.000750000,-0.000500000,-0.001000000,0.000000000,-0.000750000,16,-0.000125000,-0.000250000,0.000000000,0.000000000,0.000000000,-0.000125000,16,0.001218750,0.001218750,0.001218750,0.001187500,0.001125000,0.001218750,16,0.000562500,0.000562500,0.000562500,0.000562500,0.000625000,0.000562500,16,0.000492188,0.000500000,0.000500000,0.000500000,0.000500000,0.000492188,16,0.000351562,0.000359375,0.000343750,0.000375000,0.000375000,0.000351562,16,0.000867188,0.000859375,0.000875000,0.000875000,0.000875000,0.000867188,16,0.001015625,0.001015625,0.001031250,0.001062500,0.001000000,0.001015625,16
1765342775.781107,2025-12-10 12:59:35,-0.000750000,-0.000750000,-0.001000000,-0.001000000,0.000000000,-0.000750000,16,-0.000375000,-0.000250000,-0.000500000,0.000000000,0.000000000,-0.000375000,16,0.001851563,0.001859375,0.001843750,0.001875000,0.001875000,0.001851563,16,0.001437500,0.001437500,0.001437500,0.001437500,0.001375000,0.001437500,16,0.001093750,0.001093750,0.001093750,0.001062500,0.001000000,0.001093750,16,0.000726562,0.000718750,0.000718750,0.000750000,0.000750000,0.000726562,16,0.001023438,0.001015625,0.001000000,0.001000000,0.001000000,0.001023438,16,0.001445312,0.001453125,0.001437500,0.001437500,0.001375000,0.001445312,16
1765342786.614804,2025-12-10 12:59:46,-0.000750000,-0.000750000,-0.000500000,-0.001000000,0.000000000,-0.000750000,16,-0.000125000,-0.000250000,0.000000000,0.000000000,0.000000000,-0.000125000,16,0.001601563,0.001593750,0.001593750,0.001562500,0.001625000,0.001601563,16,0.001187500,0.001187500,0.001187500,0.001187500,0.001125000,0.001187500,16,0.000882813,0.000875000,0.000875000,0.000875000,0.000875000,0.000882813,16,0.000585937,0.000578125,0.000593750,0.000562500,0.000625000,0.000585937,16,0.000906250,0.000906250,0.000906250,0.000875000,0.000875000,0.000906250,16,0.001437500,0.001437500,0.001437500,0.001437500,0.001375000,0.001437500,16
1765342797.4586732,2025-12-10 12:59:57,-0.000625000,-0.000750000,-0.000500000,-0.001000000,0.000000000,-0.000625000,16,-0.000125000,0.000000000,0.000000000,0.000000000,0.000000000,-0.000125000,16,0.001515625,0.001515625,0.001531250,0.001500000,0.001500000,0.001515625,16,0.001093750,0.001093750,0.001093750,0.001062500,0.001125000,0.001093750,16,0.000523438,0.000531250,0.000531250,0.000562500,0.000500000,0.000523438,16,0.000320313,0.000312500,0.000312500,0.000312500,0.000375000,0.000320313,16,0.000835937,0.000828125,0.000843750,0.000812500,0.000875000,0.000835937,16,0.001265625,0.001265625,0.001281250,0.001250000,0.001250000,0.001265625,16
1765342808.306454,2025-12-10 13:00:08,-0.000625000,-0.000750000,-0.000500000,-0.001000000,0.000000000,-0.000625000,16,-0.000125000,-0.000250000,0.000000000,0.000000000,0.000000000,-0.000125000,16,0.001085938,0.001093750,0.001093750,0.001062500,0.001125000,0.001085938,16,0.000078125,0.000078125,0.000062500,0.000062500,0.000125000,0.000078125,16,0.000054688,0.000046875,0.000062500,0.000062500,0.000000000,0.000054688,16,0.000054688,0.000046875,0.000062500,0.000062500,0.000000000,0.000054688,16,0.000820312,0.000828125,0.000812500,0.000812500,0.000875000,0.000820312,16,0.001328125,0.001328125,0.001343750,0.001375000,0.001375000,0.001328125,16
1765342819.1528354,2025-12-10 13:00:19,-0.000750000,-0.000750000,-0.001000000,-0.001000000,0.000000000,-0.000750000,16,-0.000250000,-0.000250000,0.000000000,0.000000000,0.000000000,-0.000250000,16,0.001773438,0.001781250,0.001781250,0.001812500,0.001750000,0.001773438,16,0.001234375,0.001234375,0.001218750,0.001250000,0.001250000,0.001234375,16,0.000773438,0.000781250,0.000781250,0.000750000,0.000750000,0.000773438,16,0.000539063,0.000546875,0.000531250,0.000562500,0.000625000,0.000539063,16,0.000992188,0.000984375,0.001000000,0.001000000,0.001000000,0.000992188,16,0.001507813,0.001500000,0.001500000,0.001500000,0.001500000,0.001507813,16
1765342829.9996114,2025-12-10 13:00:29,-0.000625000,-0.000500000,-0.000500000,-0.001000000,0.000000000,-0.000625000,16,0.000000000,0.000000000,0.000000000,0.000000000,0.000000000,0.000000000,16,0.001632812,0.001640625,0.001625000,0.001625000,0.001625000,0.001632812,16,0.001242188,0.001250000,0.001250000,0.001250000,0.001250000,0.001242188,16,0.000570312,0.000578125,0.000562500,0.000562500,0.000500000,0.000570312,16,0.000375000,0.000375000,0.000375000,0.000375000,0.000375000,0.000375000,16,0.000906250,0.000906250,0.000906250,0.000937500,0.000875000,0.000906250,16,0.001148437,0.001140625,0.001156250,0.001187500,0.001125000,0.001148437,16
1765342840.8471584,2025-12-10 13:00:40,-0.000875000,-0.000750000,-0.001000000,-0.001000000,0.000000000,-0.000875000,16,-0.000250000,-0.000250000,0.000000000,0.000000000,0.000000000,-0.000250000,16,0.001773438,0.001765625,0.001750000,0.001750000,0.001750000,0.001773438,16,0.001406250,0.001406250,0.001406250,0.001437500,0.001375000,0.001406250,16,0.001070313,0.001062500,0.001062500,0.001062500,0.001000000,0.001070313,16,0.000703125,0.000703125,0.000687500,0.000687500,0.000625000,0.000703125,16,0.001023438,0.001015625,0.001031250,0.001000000,0.001000000,0.001023438,16,0.001484375,0.001484375,0.001468750,0.001500000,0.001500000,0.001484375,16
1765342851.6934547,2025-12-10 13:00:51,-0.000625000,-0.000750000,-0.000500000,-0.001000000,0.000000000,-0.000625000,16,0.000000000,0.000000000,0.000000000,0.000000000,0.000000000,0.000000000,16,0.001281250,0.001281250,0.001281250,0.001250000,0.001250000,0.001281250,16,0.001148437,0.001140625,0.001156250,0.001125000,0.001125000,0.001148437,16,0.000242187,0.000250000,0.000250000,0.000250000,0.000250000,0.000242187,16,0.000195313,0.000203125,0.000218750,0.000187500,0.000250000,0.000195313,16,0.000789063,0.000796875,0.000781250,0.000750000,0.000750000,0.000789063,16,0.000914063,0.000906250,0.000906250,0.000937500,0.000875000,0.000914063,16
1765342862.541645,2025-12-10 13:01:02,-0.000625000,-0.000500000,-0.000500000,-0.001000000,0.000000000,-0.000625000,16,0.000000000,0.000000000,0.000000000,0.000000000,0.000000000,0.000000000,16,0.001281250,0.001296875,0.001281250,0.001312500,0.001250000,0.001281250,16,0.000796875,0.000796875,0.000812500,0.000812500,0.000875000,0.000796875,16,0.000375000,0.000375000,0.000375000,0.000375000,0.000375000,0.000375000,16,0.000218750,0.000218750,0.000218750,0.000250000,0.000250000,0.000218750,16,0.000757813,0.000750000,0.000750000,0.000750000,0.000750000,0.000757813,16,0.000757813,0.000765625,0.000750000,0.000750000,0.000750000,0.000757813,16
1765342873.3855011,2025-12-10 13:01:13,-0.000750000,-0.000750000,-0.001000000,-0.001000000,0.000000000,-0.000750000,16,-0.000250000,-0.000250000,0.000000000,0.000000000,0.000000000,-0.000250000,16,0.001171875,0.001187500,0.001156250,0.001187500,0.001125000,0.001171875,16,0.000460938,0.000468750,0.000468750,0.000437500,0.000500000,0.000460938,16,0.000445313,0.000437500,0.000437500,0.000437500,0.000500000,0.000445313,16,0.000320313,0.000328125,0.000312500,0.000312500,0.000375000,0.000320313,16,0.000937500,0.000937500,0.000937500,0.000937500,0.001000000,0.000937500,16,0.001281250,0.001281250,0.001281250,0.001250000,0.001250000,0.001281250,16
1765342884.2315552,2025-12-10 13:01:24,-0.000750000,-0.000750000,-0.000500000,-0.001000000,0.000000000,-0.000750000,16,-0.000125000,-0.000250000,0.000000000,0.000000000,0.000000000,-0.000125000,16,0.001492188,0.001500000,0.001500000,0.001500000,0.001500000,0.001492188,16,0.001140625,0.001140625,0.001156250,0.001125000,0.001125000,0.001140625,16,0.000671875,0.000671875,0.000687500,0.000687500,0.000625000,0.000671875,16,0.000429688,0.000421875,0.000437500,0.000437500,0.000375000,0.000429688,16,0.000906250,0.000890625,0.000906250,0.000875000,0.000875000,0.000906250,16,0.001015625,0.001015625,0.001000000,0.001000000,0.001000000,0.001015625,16
1765342895.0762885,2025-12-10 13:01:35,-0.000625000,-0.000750000,-0.000500000,-0.001000000,0.000000000,-0.000625000,16,-0.000125000,0.000000000,0.000000000,0.000000000,0.000000000,-0.000125000,16,0.001421875,0.001421875,0.001406250,0.001437500,0.001375000,0.001421875,16,0.000960937,0.000953125,0.000968750,0.000937500,0.001000000,0.000960937,16,0.000679688,0.000671875,0.000656250,0.000687500,0.000750000,0.000679688,16,0.000460938,0.000453125,0.000468750,0.000437500,0.000500000,0.000460938,16,0.000859375,0.000859375,0.000843750,0.000875000,0.000750000,0.000859375,16,0.001039063,0.001031250,0.001031250,0.001062500,0.001000000,0.001039063,16
1765342905.9225073,2025-12-10 13:01:45,-0.000750000,-0.000750000,-0.001000000,-0.001000000,0.000000000,-0.000750000,16,-0.000250000,-0.000250000,-0.000500000,0.000000000,0.000000000,-0.000250000,16,0.001531250,0.001531250,0.001531250,0.001500000,0.001500000,0.001531250,16,0.001250000,0.001250000,0.001250000,0.001250000,0.001250000,0.001250000,16,0.000937500,0.000937500,0.000937500,0.000937500,0.001000000,0.000937500,16,0.000570312,0.000578125,0.000562500,0.000562500,0.000500000,0.000570312,16,0.000851562,0.000859375,0.000843750,0.000875000,0.000875000,0.000851562,16,0.001132812,0.001125000,0.001125000,0.001125000,0.001125000,0.001132812,16
1765342916.7673512,2025-12-10 13:01:56,-0.000750000,-0.000750000,-0.000500000,-0.001000000,0.000000000,-0.000750000,16,-0.000250000,-0.000250000,0.000000000,0.000000000,0.000000000,-0.000250000,16,0.001554688,0.001546875,0.001531250,0.001562500,0.001500000,0.001554688,16,0.001218750,0.001234375,0.001218750,0.001187500,0.001250000,0.001218750,16,0.001000000,0.001000000,0.001000000,0.001000000,0.001000000,0.001000000,16,0.000609375,0.000609375,0.000593750,0.000625000,0.000625000,0.000609375,16,0.000812500,0.000812500,0.000812500,0.000812500,0.000750000,0.000812500,16,0.001226563,0.001234375,0.001250000,0.001250000,0.001250000,0.001226563,16
1765342927.6124687,2025-12-10 13:02:07,-0.000625000,-0.000500000,-0.000500000,-0.001000000,0.000000000,-0.000625000,16,-0.000125000,0.000000000,0.000000000,0.000000000,0.000000000,-0.000125000,16,0.001351563,0.001343750,0.001343750,0.001312500,0.001375000,0.001351563,16,0.001117188,0.001125000,0.001125000,0.001125000,0.001125000,0.001117188,16,0.000890625,0.000890625,0.000875000,0.000875000,0.000875000,0.000890625,16,0.000367188,0.000375000,0.000375000,0.000375000,0.000375000,0.000367188,16,0.000679688,0.000671875,0.000687500,0.000687500,0.000625000,0.000679688,16,0.001007813,0.001015625,0.001000000,0.001000000,0.001000000,0.001007813,16
1765342938.4585044,2025-12-10 13:02:18,-0.000625000,-0.000750000,-0.000500000,-0.001000000,0.000000000,-0.000625000,16,-0.000125000,0.000000000,0.000000000,0.000000000,0.000000000,-0.000125000,16,0.001414062,0.001421875,0.001406250,0.001437500,0.001500000,0.001414062,16,0.001187500,0.001187500,0.001187500,0.001187500,0.001125000,0.001187500,16,0.000906250,0.000906250,0.000906250,0.000937500,0.000875000,0.000906250,16,0.000531250,0.000531250,0.000531250,0.000500000,0.000500000,0.000531250,16,0.000765625,0.000750000,0.000750000,0.000750000,0.000750000,0.000765625,16,0.001195312,0.001187500,0.001187500,0.001187500,0.001125000,0.001195312,16
1765342949.3016183,2025-12-10 13:02:29,-0.000625000,-0.000500000,-0.000500000,-0.001000000,0.000000000,-0.000625000,16,-0.000125000,-0.000250000,0.000000000,0.000000000,0.000000000,-0.000125000,16,0.001375000,0.001375000,0.001375000,0.001375000,0.001375000,0.001375000,16,0.001132812,0.001140625,0.001125000,0.001125000,0.001125000,0.001132812,16,0.000851562,0.000859375,0.000875000,0.000812500,0.000875000,0.000851562,16,0.000460938,0.000468750,0.000468750,0.000500000,0.000375000,0.000460938,16,0.000773438,0.000765625,0.000750000,0.000750000,0.000750000,0.000773438,16,0.001203125,0.001203125,0.001187500,0.001187500,0.001125000,0.001203125,16
1765342960.146382,2025-12-10 13:02:40,-0.000625000,-0.000500000,-0.000500000,-0.001000000,0.000000000,-0.000625000,16,0.000000000,0.000000000,0.000000000,0.000000000,0.000000000,0.000000000,16,0.001242188,0.001234375,0.001218750,0.001250000,0.001250000,0.001242188,16,0.000789063,0.000796875,0.000812500,0.000812500,0.000750000,0.000789063,16,0.000656250,0.000656250,0.000656250,0.000687500,0.000625000,0.000656250,16,0.000382813,0.000375000,0.000375000,0.000375000,0.000375000,0.000382813,16,0.000765625,0.000765625,0.000750000,0.000750000,0.000750000,0.000765625,16,0.001250000,0.001250000,0.001250000,0.001250000,0.001250000,0.001250000,16
1765342970.9915984,2025-12-10 13:02:50,-0.000625000,-0.000750000,-0.000500000,-0.001000000,0.000000000,-0.000625000,16,0.000000000,0.000000000,0.000000000,0.000000000,0.000000000,0.000000000,16,0.001421875,0.001421875,0.001437500,0.001437500,0.001375000,0.001421875,16,0.001148437,0.001156250,0.001156250,0.001187500,0.001125000,0.001148437,16,0.000656250,0.000671875,0.000656250,0.000687500,0.000750000,0.000656250,16,0.000406250,0.000406250,0.000406250,0.000437500,0.000375000,0.000406250,16,0.000773438,0.000781250,0.000781250,0.000812500,0.000750000,0.000773438,16,0.001203125,0.001203125,0.001187500,0.001187500,0.001250000,0.001203125,16
1765342981.8375313,2025-12-10 13:03:01,-0.000625000,-0.000500000,-0.000500000,-0.001000000,0.000000000,-0.000625000,16,0.000000000,0.000000000,0.000000000,0.000000000,0.000000000,0.000000000,16,0.001414062,0.001421875,0.001437500,0.001437500,0.001375000,0.001414062,16,0.001031250,0.001031250,0.001031250,0.001000000,0.001000000,0.001031250,16,0.000656250,0.000656250,0.000656250,0.000625000,0.000625000,0.000656250,16,0.000390625,0.000390625,0.000406250,0.000375000,0.000375000,0.000390625,16,0.000734375,0.000750000,0.000718750,0.000750000,0.000750000,0.000734375,16,0.001171875,0.001171875,0.001156250,0.001187500,0.001125000,0.001171875,16
1765342992.685325,2025-12-10 13:03:12,-0.000500000,-0.000500000,-0.000500000,0.000000000,0.000000000,-0.000500000,16,0.000125000,0.000250000,0.000000000,0.000000000,0.000000000,0.000125000,16,0.001414062,0.001421875,0.001406250,0.001437500,0.001375000,0.001414062,16,0.001039063,0.001046875,0.001062500,0.001062500,0.001000000,0.001039063,16,0.000695312,0.000703125,0.000718750,0.000687500,0.000750000,0.000695312,16,0.000421875,0.000421875,0.000437500,0.000437500,0.000375000,0.000421875,16,0.000742188,0.000750000,0.000750000,0.000750000,0.000750000,0.000742188,16,0.001171875,0.001171875,0.001187500,0.001187500,0.001125000,0.001171875,16
1765343003.529294,2025-12-10 13:03:23,-0.000625000,-0.000500000,-0.000500000,-0.001000000,0.000000000,-0.000625000,16,0.000000000,0.000000000,0.000000000,0.000000000,0.000000000,0.000000000,16,0.001585938,0.001578125,0.001593750,0.001562500,0.001500000,0.001585938,16,0.001140625,0.001140625,0.001156250,0.001125000,0.001125000,0.001140625,16,0.000703125,0.000703125,0.000718750,0.000687500,0.000750000,0.000703125,16,0.000367188,0.000375000,0.000375000,0.000375000,0.000375000,0.000367188,16,0.000750000,0.000750000,0.000750000,0.000750000,0.000750000,0.000750000,16,0.001187500,0.001187500,0.001187500,0.001187500,0.001125000,0.001187500,16
1765343014.3725457,2025-12-10 13:03:34,-0.000625000,-0.000500000,-0.000500000,-0.001000000,0.000000000,-0.000625000,16,0.000000000,0.000000000,0.000000000,0.000000000,0.000000000,0.000000000,16,0.001617188,0.001625000,0.001625000,0.001625000,0.001625000,0.001617188,16,0.001210937,0.001218750,0.001218750,0.001187500,0.001125000,0.001210937,16,0.000710937,0.000718750,0.000718750,0.000687500,0.000750000,0.000710937,16,0.000414062,0.000406250,0.000406250,0.000375000,0.000375000,0.000414062,16,0.000765625,0.000765625,0.000750000,0.000750000,0.000750000,0.000765625,16,0.001289063,0.001296875,0.001312500,0.001312500,0.001375000,0.001289063,16
1765343025.2199988,2025-12-10 13:03:45,-0.000625000,-0.000500000,-0.000500000,-0.001000000,0.000000000,-0.000625000,16,0.000000000,0.000000000,0.000000000,0.000000000,0.000000000,0.000000000,16,0.001609375,0.001625000,0.001625000,0.001625000,0.001625000,0.001609375,16,0.001093750,0.001093750,0.001093750,0.001125000,0.001125000,0.001093750,16,0.000828125,0.000828125,0.000843750,0.000812500,0.000750000,0.000828125,16,0.000390625,0.000390625,0.000375000,0.000375000,0.000375000,0.000390625,16,0.000765625,0.000781250,0.000781250,0.000750000,0.000750000,0.000765625,16,0.001250000,0.001250000,0.001250000,0.001250000,0.001250000,0.001250000,16
1765343036.0653458,2025-12-10 13:03:56,-0.000500000,-0.000500000,-0.000500000,-0.001000000,0.000000000,-0.000500000,16,0.000000000,0.000000000,0.000000000,0.000000000,0.000000000,0.000000000,16,0.000960937,0.000968750,0.000968750,0.000937500,0.001000000,0.000960937,16,0.000031250,0.000046875,0.000031250,0.000062500,0.000000000,0.000031250,16,0.000070313,0.000062500,0.000062500,0.000062500,0.000000000,0.000070313,16,-0.000039063,-0.000031250,-0.000031250,-0.000062500,0.000000000,-0.000039063,16,0.000632813,0.000625000,0.000625000,0.000625000,0.000625000,0.000632813,16,0.001007813,0.001015625,0.001031250,0.001000000,0.001000000,0.001007813,16
1765343046.914281,2025-12-10 13:04:06,-0.000375000,-0.000500000,-0.000500000,0.000000000,0.000000000,-0.000375000,16,0.000250000,0.000250000,0.000500000,0.000000000,0.000000000,0.000250000,16,0.001507813,0.001500000,0.001500000,0.001500000,0.001500000,0.001507813,16,0.000898438,0.000906250,0.000906250,0.000875000,0.000875000,0.000898438,16,0.000242187,0.000234375,0.000218750,0.000250000,0.000250000,0.000242187,16,0.000070313,0.000078125,0.000062500,0.000062500,0.000000000,0.000070313,16,0.000695312,0.000687500,0.000687500,0.000687500,0.000750000,0.000695312,16,0.000968750,0.000968750,0.000968750,0.000937500,0.001000000,0.000968750,16
1765343057.761841,2025-12-10 13:04:17,-0.000625000,-0.000750000,-0.000500000,-0.001000000,0.000000000,-0.000625000,16,-0.000125000,-0.000250000,0.000000000,0.000000000,0.000000000,-0.000125000,16,0.001625000,0.001625000,0.001625000,0.001625000,0.001625000,0.001625000,16,0.000390625,0.000390625,0.000406250,0.000375000,0.000375000,0.000390625,16,0.000210937,0.000218750,0.000218750,0.000250000,0.000250000,0.000210937,16,0.000140625,0.000140625,0.000156250,0.000187500,0.000125000,0.000140625,16,0.000882813,0.000875000,0.000875000,0.000875000,0.000875000,0.000882813,16,0.001406250,0.001406250,0.001406250,0.001375000,0.001375000,0.001406250,16
1765343068.6086316,2025-12-10 13:04:28,-0.000500000,-0.000500000,-0.000500000,-0.001000000,0.000000000,-0.000500000,16,0.000125000,0.000250000,0.000000000,0.000000000,0.000000000,0.000125000,16,0.001656250,0.001656250,0.001656250,0.001687500,0.001625000,0.001656250,16,0.001195312,0.001187500,0.001187500,0.001187500,0.001250000,0.001195312,16,0.000000000,0.000000000,0.000000000,0.000000000,0.000000000,0.000000000,16,0.000062500,0.000062500,0.000062500,0.000062500,0.000000000,0.000062500,16,0.000718750,0.000718750,0.000718750,0.000750000,0.000625000,0.000718750,16,0.000914063,0.000906250,0.000906250,0.000937500,0.000875000,0.000914063,16
1765343079.454973,2025-12-10 13:04:39,-0.000375000,-0.000250000,-0.000500000,0.000000000,0.000000000,-0.000375000,16,0.000375000,0.000500000,0.000500000,0.000000000,0.000000000,0.000375000,16,0.001648437,0.001640625,0.001656250,0.001625000,0.001625000,0.001648437,16,0.000812500,0.000812500,0.000781250,0.000812500,0.000750000,0.000812500,16,0.000718750,0.000718750,0.000750000,0.000750000,0.000750000,0.000718750,16,0.000078125,0.000078125,0.000062500,0.000062500,0.000125000,0.000078125,16,0.000609375,0.000625000,0.000625000,0.000625000,0.000625000,0.000609375,16,0.001648437,0.001656250,0.001656250,0.001687500,0.001625000,0.001648437,16
1765343090.3012574,2025-12-10 13:04:50,-0.000500000,-0.000500000,-0.000500000,0.000000000,0.000000000,-0.000500000,16,0.000250000,0.000250000,0.000000000,0.000000000,0.000000000,0.000250000,16,0.002476563,0.002468750,0.002468750,0.002500000,0.002500000,0.002476563,16,0.000789063,0.000781250,0.000781250,0.000812500,0.000750000,0.000789063,16,0.001156250,0.001156250,0.001156250,0.001187500,0.001125000,0.001156250,16,0.000242187,0.000250000,0.000250000,0.000250000,0.000250000,0.000242187,16,0.000679688,0.000671875,0.000687500,0.000687500,0.000750000,0.000679688,16,0.001445312,0.001453125,0.001468750,0.001437500,0.001500000,0.001445312,16
1765343101.149759,2025-12-10 13:05:01,-0.000625000,-0.000500000,-0.000500000,-0.001000000,0.000000000,-0.000625000,16,0.000000000,0.000000000,0.000000000,0.000000000,0.000000000,0.000000000,16,0.002234375,0.002218750,0.002218750,0.002250000,0.002250000,0.002234375,16,0.000320313,0.000328125,0.000312500,0.000312500,0.000250000,0.000320313,16,0.000835937,0.000828125,0.000812500,0.000812500,0.000875000,0.000835937,16,0.000281250,0.000281250,0.000281250,0.000312500,0.000250000,0.000281250,16,0.000757813,0.000750000,0.000750000,0.000750000,0.000750000,0.000757813,16,0.001820313,0.001828125,0.001812500,0.001812500,0.001875000,0.001820313,16
1765343111.994383,2025-12-10 13:05:11,-0.000750000,-0.000750000,-0.000500000,-0.001000000,0.000000000,-0.000750000,16,-0.000125000,-0.000250000,0.000000000,0.000000000,0.000000000,-0.000125000,16,0.002570313,0.002578125,0.002562500,0.002562500,0.002625000,0.002570313,16,0.000851562,0.000859375,0.000843750,0.000875000,0.000875000,0.000851562,16,0.001531250,0.001531250,0.001531250,0.001562500,0.001500000,0.001531250,16,0.000398438,0.000390625,0.000375000,0.000375000,0.000375000,0.000398438,16,0.000539063,0.000546875,0.000562500,0.000500000,0.000500000,0.000539063,16,0.001343750,0.001343750,0.001343750,0.001312500,0.001375000,0.001343750,16
1765343122.841449,2025-12-10 13:05:22,-0.000625000,-0.000750000,-0.000500000,-0.001000000,0.000000000,-0.000625000,16,0.000000000,0.000000000,0.000000000,0.000000000,0.000000000,0.000000000,16,0.002328125,0.002328125,0.002343750,0.002312500,0.002375000,0.002328125,16,0.000554688,0.000562500,0.000562500,0.000562500,0.000625000,0.000554688,16,0.001015625,0.001015625,0.001031250,0.001000000,0.001000000,0.001015625,16,0.000250000,0.000265625,0.000250000,0.000250000,0.000250000,0.000250000,16,0.000726562,0.000718750,0.000718750,0.000687500,0.000750000,0.000726562,16,0.001648437,0.001656250,0.001656250,0.001687500,0.001625000,0.001648437,16
1765343133.6867957,2025-12-10 13:05:33,-0.000625000,-0.000500000,-0.000500000,-0.001000000,0.000000000,-0.000625000,16,0.000000000,0.000000000,0.000000000,0.000000000,0.000000000,0.000000000,16,0.002578125,0.002578125,0.002593750,0.002562500,0.002500000,0.002578125,16,0.000953125,0.000953125,0.000968750,0.000937500,0.001000000,0.000953125,16,0.001414062,0.001421875,0.001406250,0.001437500,0.001375000,0.001414062,16,0.000476562,0.000468750,0.000468750,0.000500000,0.000500000,0.000476562,16,0.000734375,0.000750000,0.000750000,0.000750000,0.000750000,0.000734375,16,0.001453125,0.001437500,0.001437500,0.001437500,0.001500000,0.001453125,16
1765343144.5305066,2025-12-10 13:05:44,-0.000750000,-0.000750000,-0.001000000,-0.001000000,0.000000000,-0.000750000,16,-0.000250000,-0.000250000,0.000000000,0.000000000,0.000000000,-0.000250000,16,0.002429687,0.002437500,0.002437500,0.002437500,0.002500000,0.002429687,16,0.000453125,0.000453125,0.000437500,0.000437500,0.000500000,0.000453125,16,0.001007813,0.001015625,0.001000000,0.001000000,0.001000000,0.001007813,16,0.000367188,0.000375000,0.000375000,0.000375000,0.000375000,0.000367188,16,0.000812500,0.000812500,0.000812500,0.000812500,0.000750000,0.000812500,16,0.001906250,0.001906250,0.001906250,0.001937500,0.001875000,0.001906250,16
1765343155.3759525,2025-12-10 13:05:55,-0.000625000,-0.000750000,-0.000500000,-0.001000000,0.000000000,-0.000625000,16,-0.000125000,0.000000000,0.000000000,0.000000000,0.000000000,-0.000125000,16,0.002734375,0.002734375,0.002750000,0.002750000,0.002750000,0.002734375,16,0.000914063,0.000921875,0.000906250,0.000937500,0.000875000,0.000914063,16,0.001234375,0.001234375,0.001218750,0.001250000,0.001250000,0.001234375,16,0.000476562,0.000484375,0.000468750,0.000500000,0.000500000,0.000476562,16,0.000812500,0.000812500,0.000812500,0.000812500,0.000875000,0.000812500,16,0.001804688,0.001796875,0.001812500,0.001812500,0.001750000,0.001804688,16
1765343166.221246,2025-12-10 13:06:06,-0.000625000,-0.000750000,-0.000500000,-0.001000000,0.000000000,-0.000625000,16,-0.000125000,0.000000000,0.000000000,0.000000000,0.000000000,-0.000125000,16,0.002109375,0.002125000,0.002125000,0.002125000,0.002125000,0.002109375,16,-0.000109375,-0.000109375,-0.000093750,-0.000125000,-0.000125000,-0.000109375,16,0.000828125,0.000812500,0.000812500,0.000812500,0.000875000,0.000828125,16,0.000179687,0.000171875,0.000187500,0.000187500,0.000125000,0.000179687,16,0.000468750,0.000468750,0.000468750,0.000500000,0.000500000,0.000468750,16,0.001062500,0.001078125,0.001062500,0.001062500,0.001125000,0.001062500,16
1765343177.0642228,2025-12-10 13:06:17,-0.000625000,-0.000750000,-0.000500000,-0.001000000,0.000000000,-0.000625000,16,0.000000000,0.000000000,0.000000000,0.000000000,0.000000000,0.000000000,16,0.002695313,0.002687500,0.002687500,0.002687500,0.002625000,0.002695313,16,0.000804688,0.000812500,0.000812500,0.000812500,0.000875000,0.000804688,16,0.000828125,0.000828125,0.000843750,0.000812500,0.000875000,0.000828125,16,0.000414062,0.000406250,0.000406250,0.000437500,0.000375000,0.000414062,16,0.000781250,0.000781250,0.000781250,0.000750000,0.000750000,0.000781250,16,0.001648437,0.001656250,0.001656250,0.001625000,0.001625000,0.001648437,16
1765343187.9119587,2025-12-10 13:06:27,-0.000625000,-0.000750000,-0.000500000,-0.001000000,0.000000000,-0.000625000,16,-0.000125000,0.000000000,0.000000000,0.000000000,0.000000000,-0.000125000,16,0.002953125,0.002953125,0.002937500,0.003000000,0.002875000,0.002953125,16,0.001601563,0.001609375,0.001593750,0.001562500,0.001500000,0.001601563,16,0.001101563,0.001093750,0.001093750,0.001062500,0.001125000,0.001101563,16,0.000476562,0.000468750,0.000468750,0.000500000,0.000500000,0.000476562,16,0.000843750,0.000843750,0.000843750,0.000812500,0.000875000,0.000843750,16,0.001507813,0.001500000,0.001500000,0.001500000,0.001500000,0.001507813,16
1765343198.7575557,2025-12-10 13:06:38,-0.000625000,-0.000750000,-0.000500000,-0.001000000,0.000000000,-0.000625000,16,0.000000000,0.000000000,0.000000000,0.000000000,0.000000000,0.000000000,16,0.003023438,0.003015625,0.003031250,0.003000000,0.003000000,0.003023438,16,0.001289063,0.001296875,0.001281250,0.001312500,0.001250000,0.001289063,16,0.001328125,0.001312500,0.001312500,0.001312500,0.001375000,0.001328125,16,0.000492188,0.000500000,0.000468750,0.000500000,0.000500000,0.000492188,16,0.000812500,0.000812500,0.000812500,0.000812500,0.000875000,0.000812500,16,0.001726563,0.001718750,0.001718750,0.001750000,0.001750000,0.001726563,16
1765343209.6036913,2025-12-10 13:06:49,-0.000500000,-0.000500000,-0.000500000,-0.001000000,0.000000000,-0.000500000,16,0.000250000,0.000250000,0.000000000,0.000000000,0.000000000,0.000250000,16,0.002718750,0.002718750,0.002718750,0.002687500,0.002750000,0.002718750,16,0.000890625,0.000890625,0.000875000,0.000875000,0.000875000,0.000890625,16,0.000593750,0.000593750,0.000593750,0.000562500,0.000625000,0.000593750,16,0.000101563,0.000093750,0.000093750,0.000062500,0.000125000,0.000101563,16,0.000671875,0.000671875,0.000687500,0.000687500,0.000625000,0.000671875,16,0.001195312,0.001187500,0.001218750,0.001187500,0.001250000,0.001195312,16
1765343220.44759,2025-12-10 13:07:00,-0.000500000,-0.000500000,-0.000500000,-0.001000000,0.000000000,-0.000500000,16,0.000125000,0.000000000,0.000000000,0.000000000,0.000000000,0.000125000,16,0.003343750,0.003359375,0.003343750,0.003375000,0.003250000,0.003343750,16,0.001335938,0.001343750,0.001343750,0.001312500,0.001375000,0.001335938,16,0.001023438,0.001015625,0.001031250,0.001000000,0.001000000,0.001023438,16,0.000421875,0.000421875,0.000437500,0.000437500,0.000375000,0.000421875,16,0.000750000,0.000765625,0.000750000,0.000750000,0.000750000,0.000750000,16,0.001671875,0.001687500,0.001687500,0.001687500,0.001625000,0.001671875,16
1765343231.2925537,2025-12-10 13:07:11,-0.000500000,-0.000500000,-0.000500000,0.000000000,0.000000000,-0.000500000,16,0.000000000,0.000000000,0.000000000,0.000000000,0.000000000,0.000000000,16,0.003585938,0.003578125,0.003593750,0.003562500,0.003500000,0.003585938,16,0.001000000,0.001000000,0.001000000,0.001000000,0.001000000,0.001000000,16,0.000875000,0.000875000,0.000843750,0.000875000,0.000875000,0.000875000,16,0.000304687,0.000296875,0.000281250,0.000312500,0.000250000,0.000304687,16,0.000687500,0.000687500,0.000687500,0.000687500,0.000625000,0.000687500,16,0.001523438,0.001515625,0.001531250,0.001500000,0.001500000,0.001523438,16
1765343242.13878,2025-12-10 13:07:22,-0.000500000,-0.000500000,-0.000500000,0.000000000,0.000000000,-0.000500000,16,0.000125000,0.000000000,0.000000000,0.000000000,0.000000000,0.000125000,16,0.003117188,0.003125000,0.003125000,0.003125000,0.003125000,0.003117188,16,0.001156250,0.001171875,0.001156250,0.001187500,0.001125000,0.001156250,16,0.000593750,0.000593750,0.000593750,0.000625000,0.000500000,0.000593750,16,0.000187500,0.000187500,0.000187500,0.000187500,0.000250000,0.000187500,16,0.000687500,0.000703125,0.000687500,0.000687500,0.000625000,0.000687500,16,0.001328125,0.001343750,0.001343750,0.001312500,0.001375000,0.001328125,16
1765343252.9867887,2025-12-10 13:07:32,-0.000625000,-0.000500000,-0.000500000,-0.001000000,0.000000000,-0.000625000,16,0.000000000,0.000000000,0.000000000,0.000000000,0.000000000,0.000000000,16,0.003054688,0.003062500,0.003062500,0.003062500,0.003125000,0.003054688,16,0.001578125,0.001593750,0.001593750,0.001625000,0.001625000,0.001578125,16,0.000656250,0.000656250,0.000656250,0.000625000,0.000625000,0.000656250,16,0.000242187,0.000250000,0.000250000,0.000250000,0.000250000,0.000242187,16,0.000820312,0.000812500,0.000812500,0.000812500,0.000875000,0.000820312,16,0.001375000,0.001375000,0.001375000,0.001375000,0.001375000,0.001375000,16
1765343263.8346455,2025-12-10 13:07:43,-0.000625000,-0.000500000,-0.000500000,-0.001000000,0.000000000,-0.000625000,16,0.000000000,0.000000000,0.000000000,0.000000000,0.000000000,0.000000000,16,0.003156250,0.003156250,0.003156250,0.003187500,0.003125000,0.003156250,16,0.002351562,0.002343750,0.002343750,0.002312500,0.002250000,0.002351562,16,0.001375000,0.001375000,0.001375000,0.001375000,0.001375000,0.001375000,16,0.000625000,0.000609375,0.000625000,0.000625000,0.000625000,0.000625000,16,0.000937500,0.000921875,0.000937500,0.000875000,0.000875000,0.000937500,16,0.001656250,0.001671875,0.001656250,0.001687500,0.001625000,0.001656250,16
1765343274.6820326,2025-12-10 13:07:54,-0.000625000,-0.000750000,-0.000500000,-0.001000000,0.000000000,-0.000625000,16,0.000250000,0.000250000,0.000500000,0.000000000,0.000000000,0.000250000,16,0.002171875,0.002171875,0.002156250,0.002187500,0.002125000,0.002171875,16,0.001273438,0.001265625,0.001250000,0.001250000,0.001250000,0.001273438,16,0.001179687,0.001187500,0.001187500,0.001187500,0.001125000,0.001179687,16,0.000656250,0.000656250,0.000656250,0.000687500,0.000625000,0.000656250,16,0.000851562,0.000859375,0.000843750,0.000875000,0.000875000,0.000851562,16,0.000953125,0.000953125,0.000968750,0.000937500,0.001000000,0.000953125,16
1765343285.5305614,2025-12-10 13:08:05,-0.000500000,-0.000500000,-0.000500000,0.000000000,0.000000000,-0.000500000,16,0.000625000,0.000750000,0.000500000,0.001000000,0.000000000,0.000625000,16,0.002289062,0.002281250,0.002250000,0.002250000,0.002250000,0.002289062,16,0.001226563,0.001218750,0.001218750,0.001187500,0.001125000,0.001226563,16,0.000859375,0.000859375,0.000843750,0.000812500,0.000875000,0.000859375,16,0.000335938,0.000343750,0.000343750,0.000312500,0.000375000,0.000335938,16,0.001421875,0.001421875,0.001437500,0.001375000,0.001375000,0.001421875,16,0.001593750,0.001593750,0.001625000,0.001562500,0.001625000,0.001593750,16
1765343296.3757417,2025-12-10 13:08:16,-0.000500000,-0.000500000,-0.000500000,-0.001000000,0.000000000,-0.000500000,16,0.000375000,0.000250000,0.000500000,0.000000000,0.000000000,0.000375000,16,0.002281250,0.002281250,0.002281250,0.002250000,0.002250000,0.002281250,16,0.001156250,0.001156250,0.001156250,0.001125000,0.001125000,0.001156250,16,0.001453125,0.001453125,0.001437500,0.001437500,0.001500000,0.001453125,16,0.000742188,0.000734375,0.000718750,0.000687500,0.000750000,0.000742188,16,0.001578125,0.001578125,0.001562500,0.001562500,0.001625000,0.001578125,16,0.002398437,0.002390625,0.002375000,0.002375000,0.002375000,0.002398437,16
1765343307.223272,2025-12-10 13:08:27,-0.000625000,-0.000750000,-0.000500000,-0.001000000,0.000000000,-0.000625000,16,0.000125000,0.000000000,0.000000000,0.000000000,0.000000000,0.000125000,16,0.002023438,0.002015625,0.002031250,0.002000000,0.002000000,0.002023438,16,0.001085938,0.001078125,0.001093750,0.001062500,0.001125000,0.001085938,16,0.001625000,0.001625000,0.001625000,0.001625000,0.001625000,0.001625000,16,0.000882813,0.000890625,0.000875000,0.000875000,0.000875000,0.000882813,16,0.001437500,0.001437500,0.001437500,0.001437500,0.001375000,0.001437500,16,0.002335937,0.002343750,0.002343750,0.002312500,0.002375000,0.002335937,16
1765343318.0689902,2025-12-10 13:08:38,-0.000625000,-0.000750000,-0.000500000,-0.001000000,0.000000000,-0.000625000,16,0.000125000,0.000000000,0.000000000,0.000000000,0.000000000,0.000125000,16,0.001726563,0.001734375,0.001718750,0.001750000,0.001750000,0.001726563,16,0.000929688,0.000921875,0.000906250,0.000875000,0.000875000,0.000929688,16,0.001789063,0.001781250,0.001781250,0.001750000,0.001750000,0.001789063,16,0.000914063,0.000921875,0.000906250,0.000875000,0.000875000,0.000914063,16,0.001093750,0.001078125,0.001062500,0.001062500,0.001125000,0.001093750,16,0.001890625,0.001890625,0.001875000,0.001875000,0.001875000,0.001890625,16
1765343328.915993,2025-12-10 13:08:48,-0.000875000,-0.000750000,-0.001000000,-0.001000000,0.000000000,-0.000875000,16,0.000000000,0.000000000,0.000000000,0.000000000,0.000000000,0.000000000,16,0.002031250,0.002031250,0.002031250,0.002000000,0.002000000,0.002031250,16,0.001187500,0.001187500,0.001187500,0.001187500,0.001250000,0.001187500,16,0.001859375,0.001843750,0.001843750,0.001812500,0.001750000,0.001859375,16,0.001195312,0.001203125,0.001187500,0.001187500,0.001250000,0.001195312,16,0.001578125,0.001578125,0.001562500,0.001562500,0.001500000,0.001578125,16,0.002726563,0.002718750,0.002718750,0.002750000,0.002750000,0.002726563,16
1765343339.7609003,2025-12-10 13:08:59,-0.000750000,-0.000750000,-0.000500000,-0.001000000,0.000000000,-0.000750000,16,0.000125000,0.000250000,0.000000000,0.000000000,0.000000000,0.000125000,16,0.001546875,0.001546875,0.001531250,0.001562500,0.001500000,0.001546875,16,0.000140625,0.000140625,0.000156250,0.000125000,0.000125000,0.000140625,16,0.001132812,0.001140625,0.001156250,0.001125000,0.001125000,0.001132812,16,0.000750000,0.000750000,0.000750000,0.000750000,0.000750000,0.000750000,16,0.001523438,0.001515625,0.001500000,0.001500000,0.001500000,0.001523438,16,0.002710938,0.002718750,0.002718750,0.002750000,0.002750000,0.002710938,16
1765343350.6071515,2025-12-10 13:09:10,-0.000750000,-0.000750000,-0.001000000,-0.001000000,0.000000000,-0.000750000,16,-0.000125000,-0.000250000,0.000000000,0.000000000,0.000000000,-0.000125000,16,0.001648437,0.001656250,0.001656250,0.001687500,0.001625000,0.001648437,16,0.000812500,0.000812500,0.000812500,0.000812500,0.000875000,0.000812500,16,0.001367188,0.001359375,0.001375000,0.001375000,0.001375000,0.001367188,16,0.001023438,0.001015625,0.001031250,0.001062500,0.001000000,0.001023438,16,0.001835938,0.001828125,0.001843750,0.001812500,0.001875000,0.001835938,16,0.002164063,0.002171875,0.002156250,0.002187500,0.002125000,0.002164063,16
1765343361.4508922,2025-12-10 13:09:21,-0.001000000,-0.001000000,-0.001000000,-0.001000000,0.000000000,-0.001000000,16,-0.000625000,-0.000750000,-0.000500000,-0.001000000,0.000000000,-0.000625000,16,0.002007813,0.002000000,0.002000000,0.002000000,0.002000000,0.002007813,16,0.001789063,0.001796875,0.001781250,0.001812500,0.001750000,0.001789063,16,0.001875000,0.001875000,0.001875000,0.001875000,0.001875000,0.001875000,16,0.001476563,0.001484375,0.001468750,0.001500000,0.001500000,0.001476563,16,0.003179688,0.003171875,0.003187500,0.003187500,0.003125000,0.003179688,16,0.001882812,0.001890625,0.001875000,0.001875000,0.001875000,0.001882812,16
1765343372.295705,2025-12-10 13:09:32,-0.001125000,-0.001250000,-0.001000000,-0.001000000,0.000000000,-0.001125000,16,-0.000500000,-0.000500000,-0.000500000,0.000000000,0.000000000,-0.000500000,16,0.001968750,0.001968750,0.001968750,0.002000000,0.002000000,0.001968750,16,0.001789063,0.001796875,0.001781250,0.001812500,0.001750000,0.001789063,16,0.001507813,0.001500000,0.001500000,0.001500000,0.001500000,0.001507813,16,0.001304688,0.001296875,0.001281250,0.001312500,0.001250000,0.001304688,16,0.002265625,0.002265625,0.002281250,0.002250000,0.002250000,0.002265625,16,0.002031250,0.002031250,0.002062500,0.002062500,0.002000000,0.002031250,16
1765343383.1411166,2025-12-10 13:09:43,-0.001000000,-0.001000000,-0.001000000,-0.001000000,0.000000000,-0.001000000,16,-0.000125000,0.000000000,0.000000000,0.000000000,0.000000000,-0.000125000,16,0.001882812,0.001890625,0.001875000,0.001875000,0.001875000,0.001882812,16,0.001531250,0.001531250,0.001531250,0.001562500,0.001500000,0.001531250,16,0.001312500,0.001312500,0.001312500,0.001312500,0.001250000,0.001312500,16,0.001054688,0.001046875,0.001062500,0.001062500,0.001000000,0.001054688,16,0.002101563,0.002109375,0.002093750,0.002125000,0.002125000,0.002101563,16,0.001750000,0.001734375,0.001718750,0.001750000,0.001750000,0.001750000,16
1765343393.9878924,2025-12-10 13:09:53,-0.001125000,-0.001000000,-0.001000000,-0.001000000,-0.002000000,-0.001125000,16,-0.000375000,-0.000500000,-0.000500000,0.000000000,0.000000000,-0.000375000,16,0.001875000,0.001859375,0.001843750,0.001812500,0.001875000,0.001875000,16,0.001359375,0.001343750,0.001343750,0.001375000,0.001250000,0.001359375,16,0.001343750,0.001328125,0.001312500,0.001312500,0.001250000,0.001343750,16,0.000898438,0.000890625,0.000875000,0.000875000,0.000875000,0.000898438,16,0.002039063,0.002031250,0.002031250,0.002062500,0.002000000,0.002039063,16,0.002148438,0.002140625,0.002156250,0.002125000,0.002125000,0.002148438,16
1765343404.8310735,2025-12-10 13:10:04,-0.001125000,-0.001000000,-0.001000000,-0.001000000,0.000000000,-0.001125000,16,-0.000250000,-0.000250000,-0.000500000,0.000000000,0.000000000,-0.000250000,16,0.001750000,0.001750000,0.001750000,0.001750000,0.001750000,0.001750000,16,0.001171875,0.001156250,0.001156250,0.001125000,0.001125000,0.001171875,16,0.001445312,0.001437500,0.001437500,0.001437500,0.001375000,0.001445312,16,0.001210937,0.001218750,0.001187500,0.001187500,0.001250000,0.001210937,16,0.001992188,0.001984375,0.001968750,0.002000000,0.002000000,0.001992188,16,0.001531250,0.001531250,0.001531250,0.001562500,0.001500000,0.001531250,16
1765343415.6757345,2025-12-10 13:10:15,-0.000750000,-0.000750000,-0.001000000,-0.001000000,0.000000000,-0.000750000,16,0.000375000,0.000500000,0.000500000,0.000000000,0.000000000,0.000375000,16,0.001507813,0.001515625,0.001500000,0.001500000,0.001500000,0.001507813,16,0.000187500,0.000171875,0.000156250,0.000187500,0.000125000,0.000187500,16,0.001734375,0.001734375,0.001718750,0.001750000,0.001750000,0.001734375,16,0.000546875,0.000546875,0.000531250,0.000500000,0.000500000,0.000546875,16,0.000890625,0.000890625,0.000875000,0.000875000,0.000875000,0.000890625,16,0.001218750,0.001203125,0.001187500,0.001187500,0.001125000,0.001218750,16
1765343426.5197494,2025-12-10 13:10:26,-0.001125000,-0.001250000,-0.001000000,-0.001000000,-0.002000000,-0.001125000,16,-0.000125000,0.000000000,0.000000000,0.000000000,0.000000000,-0.000125000,16,0.001906250,0.001921875,0.001937500,0.001937500,0.001875000,0.001906250,16,0.001218750,0.001234375,0.001250000,0.001250000,0.001250000,0.001218750,16,0.001835938,0.001828125,0.001843750,0.001812500,0.001750000,0.001835938,16,0.001218750,0.001234375,0.001218750,0.001250000,0.001250000,0.001218750,16,0.001851563,0.001859375,0.001875000,0.001875000,0.001875000,0.001851563,16,0.003085938,0.003093750,0.003093750,0.003062500,0.003000000,0.003085938,16
1765343437.3655539,2025-12-10 13:10:37,-0.001125000,-0.001000000,-0.001000000,-0.001000000,0.000000000,-0.001125000,16,0.000000000,0.000000000,0.000000000,0.000000000,0.000000000,0.000000000,16,0.001570313,0.001562500,0.001562500,0.001562500,0.001500000,0.001570313,16,0.000546875,0.000562500,0.000531250,0.000562500,0.000625000,0.000546875,16,0.001585938,0.001593750,0.001593750,0.001562500,0.001625000,0.001585938,16,0.001140625,0.001140625,0.001156250,0.001125000,0.001125000,0.001140625,16,0.001765625,0.001781250,0.001750000,0.001750000,0.001750000,0.001765625,16,0.003437500,0.003421875,0.003437500,0.003437500,0.003375000,0.003437500,16
1765343448.212263,2025-12-10 13:10:48,-0.001125000,-0.001000000,-0.001000000,-0.001000000,-0.002000000,-0.001125000,16,0.000000000,0.000000000,0.000000000,0.000000000,0.000000000,0.000000000,16,0.001687500,0.001687500,0.001687500,0.001687500,0.001750000,0.001687500,16,0.001125000,0.001125000,0.001125000,0.001125000,0.001125000,0.001125000,16,0.002195313,0.002187500,0.002187500,0.002187500,0.002125000,0.002195313,16,0.001398437,0.001406250,0.001406250,0.001375000,0.001375000,0.001398437,16,0.001679687,0.001671875,0.001687500,0.001687500,0.001750000,0.001679687,16,0.003265625,0.003265625,0.003281250,0.003250000,0.003250000,0.003265625,16
1765343459.0612545,2025-12-10 13:10:59,-0.001000000,-0.001000000,-0.001000000,-0.001000000,-0.002000000,-0.001000000,16,0.000125000,0.000000000,0.000000000,0.000000000,0.000000000,0.000125000,16,0.001375000,0.001375000,0.001375000,0.001375000,0.001375000,0.001375000,16,0.000335938,0.000343750,0.000343750,0.000375000,0.000375000,0.000335938,16,0.001039063,0.001046875,0.001031250,0.001062500,0.001125000,0.001039063,16,0.000859375,0.000859375,0.000875000,0.000875000,0.000875000,0.000859375,16,0.001679687,0.001671875,0.001687500,0.001687500,0.001750000,0.001679687,16,0.002750000,0.002750000,0.002750000,0.002750000,0.002750000,0.002750000,16
1765343469.9075732,2025-12-10 13:11:09,-0.001125000,-0.001250000,-0.001000000,-0.001000000,0.000000000,-0.001125000,16,-0.000125000,-0.000250000,0.000000000,0.000000000,0.000000000,-0.000125000,16,0.001898437,0.001906250,0.001906250,0.001875000,0.001875000,0.001898437,16,0.001132812,0.001140625,0.001156250,0.001125000,0.001125000,0.001132812,16,0.001984375,0.002000000,0.002000000,0.002000000,0.002000000,0.001984375,16,0.001578125,0.001578125,0.001562500,0.001562500,0.001500000,0.001578125,16,0.001945312,0.001937500,0.001937500,0.001937500,0.002000000,0.001945312,16,0.003132813,0.003140625,0.003125000,0.003125000,0.003125000,0.003132813,16
1765343480.7547832,2025-12-10 13:11:20,-0.001250000,-0.001250000,-0.001000000,-0.001000000,-0.002000000,-0.001250000,16,-0.000375000,-0.000500000,-0.000500000,0.000000000,0.000000000,-0.000375000,16,0.002046875,0.002046875,0.002062500,0.002062500,0.002000000,0.002046875,16,0.001609375,0.001609375,0.001625000,0.001625000,0.001625000,0.001609375,16,0.002500000,0.002500000,0.002500000,0.002500000,0.002500000,0.002500000,16,0.001882812,0.001875000,0.001906250,0.001875000,0.001875000,0.001882812,16,0.002046875,0.002062500,0.002062500,0.002062500,0.002000000,0.002046875,16,0.003296875,0.003312500,0.003312500,0.003312500,0.003375000,0.003296875,16
1765343491.6013463,2025-12-10 13:11:31,-0.001125000,-0.001000000,-0.001000000,-0.001000000,-0.002000000,-0.001125000,16,-0.000250000,-0.000250000,0.000000000,0.000000000,0.000000000,-0.000250000,16,0.001125000,0.001125000,0.001125000,0.001125000,0.001125000,0.001125000,16,0.000312500,0.000312500,0.000312500,0.000312500,0.000250000,0.000312500,16,0.002070313,0.002078125,0.002093750,0.002062500,0.002125000,0.002070313,16,0.001015625,0.001015625,0.001031250,0.001000000,0.001000000,0.001015625,16,0.001171875,0.001171875,0.001187500,0.001187500,0.001250000,0.001171875,16,0.001804688,0.001812500,0.001812500,0.001812500,0.001875000,0.001804688,16
1765343502.4482613,2025-12-10 13:11:42,-0.001125000,-0.001250000,-0.001000000,-0.001000000,-0.002000000,-0.001125000,16,-0.000125000,0.000000000,0.000000000,0.000000000,0.000000000,-0.000125000,16,0.001257813,0.001265625,0.001281250,0.001250000,0.001250000,0.001257813,16,0.000468750,0.000468750,0.000500000,0.000500000,0.000500000,0.000468750,16,0.001273438,0.001281250,0.001281250,0.001312500,0.001250000,0.001273438,16,0.001023438,0.001031250,0.001031250,0.001062500,0.001000000,0.001023438,16,0.001773438,0.001765625,0.001781250,0.001812500,0.001750000,0.001773438,16,0.002820312,0.002828125,0.002843750,0.002812500,0.002875000,0.002820312,16
1765343513.2958958,2025-12-10 13:11:53,-0.001250000,-0.001250000,-0.001000000,-0.001000000,-0.002000000,-0.001250000,16,-0.000375000,-0.000250000,-0.000500000,0.000000000,0.000000000,-0.000375000,16,0.001718750,0.001718750,0.001718750,0.001687500,0.001750000,0.001718750,16,0.000625000,0.000625000,0.000625000,0.000625000,0.000625000,0.000625000,16,0.001500000,0.001500000,0.001500000,0.001500000,0.001500000,0.001500000,16,0.001242188,0.001234375,0.001218750,0.001250000,0.001250000,0.001242188,16,0.001937500,0.001937500,0.001937500,0.001937500,0.002000000,0.001937500,16,0.003171875,0.003187500,0.003187500,0.003187500,0.003250000,0.003171875,16
1765343524.142438,2025-12-10 13:12:04,-0.001250000,-0.001250000,-0.001500000,-0.001000000,-0.002000000,-0.001250000,16,-0.000375000,-0.000500000,-0.000500000,0.000000000,0.000000000,-0.000375000,16,0.001921875,0.001921875,0.001906250,0.001875000,0.001875000,0.001921875,16,0.001429687,0.001437500,0.001437500,0.001437500,0.001500000,0.001429687,16,0.002500000,0.002500000,0.002500000,0.002500000,0.002500000,0.002500000,16,0.001734375,0.001734375,0.001718750,0.001750000,0.001750000,0.001734375,16,0.002015625,0.002015625,0.002000000,0.002000000,0.002000000,0.002015625,16,0.003265625,0.003265625,0.003281250,0.003250000,0.003250000,0.003265625,16
1765343534.9889476,2025-12-10 13:12:14,-0.001000000,-0.001000000,-0.001000000,-0.001000000,0.000000000,-0.001000000,16,0.000000000,0.000000000,0.000000000,0.000000000,0.000000000,0.000000000,16,0.001578125,0.001578125,0.001562500,0.001562500,0.001625000,0.001578125,16,0.001078125,0.001078125,0.001062500,0.001062500,0.001125000,0.001078125,16,0.001687500,0.001687500,0.001687500,0.001687500,0.001625000,0.001687500,16,0.001320313,0.001312500,0.001312500,0.001312500,0.001375000,0.001320313,16,0.001640625,0.001640625,0.001625000,0.001625000,0.001625000,0.001640625,16,0.003304687,0.003312500,0.003312500,0.003312500,0.003375000,0.003304687,16
1765343545.8350143,2025-12-10 13:12:25,-0.001000000,-0.001000000,-0.001000000,-0.001000000,0.000000000,-0.001000000,16,0.000125000,0.000000000,0.000000000,0.000000000,0.000000000,0.000125000,16,0.001679687,0.001687500,0.001687500,0.001687500,0.001625000,0.001679687,16,0.001085938,0.001078125,0.001093750,0.001062500,0.001125000,0.001085938,16,0.002250000,0.002250000,0.002250000,0.002250000,0.002250000,0.002250000,16,0.001578125,0.001578125,0.001562500,0.001562500,0.001500000,0.001578125,16,0.001718750,0.001718750,0.001718750,0.001750000,0.001750000,0.001718750,16,0.003773437,0.003765625,0.003781250,0.003750000,0.003750000,0.003773437,16
1765343556.6815252,2025-12-10 13:12:36,-0.000750000,-0.000750000,-0.000500000,-0.001000000,0.000000000,-0.000750000,16,0.000125000,0.000250000,0.000000000,0.000000000,0.000000000,0.000125000,16,0.001320313,0.001328125,0.001312500,0.001312500,0.001375000,0.001320313,16,0.000742188,0.000750000,0.000750000,0.000750000,0.000750000,0.000742188,16,0.000726562,0.000718750,0.000718750,0.000687500,0.000750000,0.000726562,16,0.000773438,0.000765625,0.000781250,0.000812500,0.000750000,0.000773438,16,0.001789063,0.001796875,0.001781250,0.001750000,0.001750000,0.001789063,16,0.001898437,0.001906250,0.001875000,0.001937500,0.001875000,0.001898437,16
1765343567.524558,2025-12-10 13:12:47,-0.000875000,-0.001000000,-0.001000000,-0.001000000,0.000000000,-0.000875000,16,0.000250000,0.000250000,0.000500000,0.000000000,0.000000000,0.000250000,16,0.001960938,0.001968750,0.001968750,0.002000000,0.002000000,0.001960938,16,0.001023438,0.001015625,0.001031250,0.001000000,0.001000000,0.001023438,16,0.001789063,0.001781250,0.001781250,0.001812500,0.001750000,0.001789063,16,0.001773438,0.001765625,0.001750000,0.001750000,0.001750000,0.001773438,16,0.002492188,0.002484375,0.002500000,0.002500000,0.002500000,0.002492188,16,0.002312500,0.002312500,0.002312500,0.002312500,0.002375000,0.002312500,16
1765343578.3705583,2025-12-10 13:12:58,-0.001125000,-0.001000000,-0.001000000,-0.001000000,-0.002000000,-0.001125000,16,-0.000250000,-0.000250000,-0.000500000,0.000000000,0.000000000,-0.000250000,16,0.001617188,0.001625000,0.001593750,0.001625000,0.001625000,0.001617188,16,0.000468750,0.000468750,0.000468750,0.000500000,0.000500000,0.000468750,16,0.000890625,0.000890625,0.000875000,0.000937500,0.000875000,0.000890625,16,0.001523438,0.001515625,0.001531250,0.001500000,0.001500000,0.001523438,16,0.002250000,0.002250000,0.002250000,0.002250000,0.002250000,0.002250000,16,0.002507813,0.002500000,0.002500000,0.002500000,0.002500000,0.002507813,16
1765343589.2153246,2025-12-10 13:13:09,-0.001375000,-0.001250000,-0.001500000,-0.001000000,-0.002000000,-0.001375000,16,-0.000750000,-0.000750000,-0.001000000,-0.001000000,0.000000000,-0.000750000,16,0.002078125,0.002078125,0.002093750,0.002062500,0.002125000,0.002078125,16,0.001179687,0.001187500,0.001187500,0.001187500,0.001125000,0.001179687,16,0.001789063,0.001796875,0.001781250,0.001812500,0.001750000,0.001789063,16,0.001898437,0.001890625,0.001906250,0.001875000,0.001875000,0.001898437,16,0.002492188,0.002484375,0.002500000,0.002500000,0.002500000,0.002492188,16,0.002757812,0.002765625,0.002781250,0.002750000,0.002750000,0.002757812,16
1765343600.0610168,2025-12-10 13:13:20,-0.001125000,-0.001000000,-0.001000000,-0.001000000,-0.002000000,-0.001125000,16,-0.000250000,-0.000250000,0.000000000,0.000000000,0.000000000,-0.000250000,16,0.001937500,0.001937500,0.001906250,0.001937500,0.001875000,0.001937500,16,0.001265625,0.001265625,0.001250000,0.001250000,0.001250000,0.001265625,16,0.001601563,0.001609375,0.001593750,0.001625000,0.001625000,0.001601563,16,0.001710938,0.001718750,0.001718750,0.001687500,0.001750000,0.001710938,16,0.002179688,0.002171875,0.002156250,0.002125000,0.002125000,0.002179688,16,0.001968750,0.001968750,0.001968750,0.002000000,0.002000000,0.001968750,16
1765343610.9057057,2025-12-10 13:13:30,-0.001125000,-0.001250000,-0.001000000,-0.001000000,-0.002000000,-0.001125000,16,-0.000500000,-0.000500000,-0.000500000,0.000000000,0.000000000,-0.000500000,16,0.001953125,0.001968750,0.001968750,0.002000000,0.002000000,0.001953125,16,0.001210937,0.001203125,0.001218750,0.001187500,0.001125000,0.001210937,16,0.001718750,0.001718750,0.001718750,0.001687500,0.001750000,0.001718750,16,0.001835938,0.001828125,0.001812500,0.001812500,0.001750000,0.001835938,16,0.002179688,0.002171875,0.002187500,0.002187500,0.002125000,0.002179688,16,0.002531250,0.002531250,0.002531250,0.002562500,0.002500000,0.002531250,16
1765343621.7488353,2025-12-10 13:13:41,-0.001125000,-0.001000000,-0.001000000,-0.001000000,-0.002000000,-0.001125000,16,-0.000375000,-0.000500000,-0.000500000,0.000000000,0.000000000,-0.000375000,16,0.001835938,0.001843750,0.001843750,0.001812500,0.001875000,0.001835938,16,0.001156250,0.001156250,0.001156250,0.001125000,0.001125000,0.001156250,16,0.001812500,0.001812500,0.001812500,0.001812500,0.001750000,0.001812500,16,0.001796875,0.001796875,0.001781250,0.001812500,0.001750000,0.001796875,16,0.002117188,0.002109375,0.002125000,0.002125000,0.002125000,0.002117188,16,0.002421875,0.002421875,0.002406250,0.002375000,0.002375000,0.002421875,16
1765343632.5946207,2025-12-10 13:13:52,-0.000875000,-0.000750000,-0.001000000,-0.001000000,0.000000000,-0.000875000,16,0.000000000,0.000000000,0.000000000,0.000000000,0.000000000,0.000000000,16,0.001734375,0.001734375,0.001750000,0.001687500,0.001750000,0.001734375,16,0.000750000,0.000750000,0.000750000,0.000750000,0.000750000,0.000750000,16,0.001007813,0.001015625,0.001031250,0.001000000,0.001000000,0.001007813,16,0.001726563,0.001734375,0.001750000,0.001750000,0.001750000,0.001726563,16,0.001796875,0.001796875,0.001781250,0.001812500,0.001750000,0.001796875,16,0.002250000,0.002250000,0.002250000,0.002250000,0.002250000,0.002250000,16
1765343643.440304,2025-12-10 13:14:03,-0.000625000,-0.000750000,-0.000500000,-0.001000000,0.000000000,-0.000625000,16,0.000500000,0.000500000,0.000500000,0.000000000,0.000000000,0.000500000,16,0.001812500,0.001796875,0.001812500,0.001812500,0.001750000,0.001812500,16,0.000179687,0.000171875,0.000156250,0.000187500,0.000125000,0.000179687,16,0.000992188,0.000984375,0.000968750,0.000937500,0.001000000,0.000992188,16,0.001757813,0.001765625,0.001750000,0.001750000,0.001750000,0.001757813,16,0.001773438,0.001765625,0.001750000,0.001750000,0.001750000,0.001773438,16,0.002125000,0.002109375,0.002093750,0.002125000,0.002125000,0.002125000,16
1765343654.285385,2025-12-10 13:14:14,-0.000625000,-0.000750000,-0.000500000,-0.001000000,0.000000000,-0.000625000,16,0.000000000,0.000000000,0.000000000,0.000000000,0.000000000,0.000000000,16,0.001101563,0.001093750,0.001062500,0.001062500,0.001125000,0.001101563,16,-0.000625000,-0.000625000,-0.000625000,-0.000625000,-0.000625000,-0.000625000,16,0.000414062,0.000421875,0.000437500,0.000437500,0.000375000,0.000414062,16,0.001656250,0.001640625,0.001625000,0.001625000,0.001625000,0.001656250,16,0.001703125,0.001687500,0.001718750,0.001687500,0.001750000,0.001703125,16,0.002835937,0.002828125,0.002812500,0.002812500,0.002750000,0.002835937,16
1765343665.1294646,2025-12-10 13:14:25,-0.000750000,-0.000750000,-0.001000000,-0.001000000,0.000000000,-0.000750000,16,0.000000000,0.000000000,0.000000000,0.000000000,0.000000000,0.000000000,16,0.001812500,0.001812500,0.001812500,0.001812500,0.001750000,0.001812500,16,0.000703125,0.000703125,0.000718750,0.000750000,0.000750000,0.000703125,16,0.001507813,0.001515625,0.001500000,0.001500000,0.001500000,0.001507813,16,0.001734375,0.001734375,0.001750000,0.001750000,0.001750000,0.001734375,16,0.001898437,0.001906250,0.001906250,0.001937500,0.001875000,0.001898437,16,0.002429687,0.002437500,0.002437500,0.002437500,0.002500000,0.002429687,16
1765343675.9775836,2025-12-10 13:14:35,-0.001000000,-0.001000000,-0.001000000,-0.001000000,-0.002000000,-0.001000000,16,-0.000375000,-0.000250000,-0.000500000,0.000000000,0.000000000,-0.000375000,16,0.001398437,0.001406250,0.001406250,0.001437500,0.001375000,0.001398437,16,0.000460938,0.000468750,0.000468750,0.000500000,0.000500000,0.000460938,16,0.001375000,0.001375000,0.001375000,0.001375000,0.001375000,0.001375000,16,0.001453125,0.001468750,0.001468750,0.001437500,0.001500000,0.001453125,16,0.001812500,0.001812500,0.001812500,0.001812500,0.001875000,0.001812500,16,0.002101563,0.002109375,0.002093750,0.002125000,0.002125000,0.002101563,16
1765343686.8254287,2025-12-10 13:14:46,-0.001125000,-0.001000000,-0.001000000,-0.001000000,-0.002000000,-0.001125000,16,-0.000375000,-0.000500000,-0.000500000,0.000000000,0.000000000,-0.000375000,16,0.001835938,0.001828125,0.001812500,0.001812500,0.001875000,0.001835938,16,0.001070313,0.001062500,0.001062500,0.001062500,0.001000000,0.001070313,16,0.001695312,0.001703125,0.001687500,0.001687500,0.001750000,0.001695312,16,0.001726563,0.001734375,0.001718750,0.001687500,0.001625000,0.001726563,16,0.001960938,0.001968750,0.001968750,0.001937500,0.001875000,0.001960938,16,0.002187500,0.002203125,0.002218750,0.002187500,0.002125000,0.002187500,16
1765343697.6700106,2025-12-10 13:14:57,-0.001000000,-0.001000000,-0.001000000,-0.001000000,0.000000000,-0.001000000,16,-0.000375000,-0.000250000,-0.000500000,0.000000000,0.000000000,-0.000375000,16,0.001617188,0.001609375,0.001625000,0.001625000,0.001625000,0.001617188,16,0.001023438,0.001031250,0.001031250,0.001000000,0.001000000,0.001023438,16,0.001054688,0.001062500,0.001062500,0.001062500,0.001125000,0.001054688,16,0.001304688,0.001296875,0.001312500,0.001312500,0.001250000,0.001304688,16,0.001835938,0.001843750,0.001843750,0.001875000,0.001875000,0.001835938,16,0.001960938,0.001968750,0.001968750,0.002000000,0.002000000,0.001960938,16
1765343708.515725,2025-12-10 13:15:08,-0.001000000,-0.001000000,-0.001000000,-0.001000000,0.000000000,-0.001000000,16,-0.000500000,-0.000500000,-0.000500000,0.000000000,0.000000000,-0.000500000,16,0.001312500,0.001312500,0.001312500,0.001312500,0.001250000,0.001312500,16,0.000593750,0.000593750,0.000593750,0.000562500,0.000625000,0.000593750,16,0.001078125,0.001078125,0.001062500,0.001062500,0.001125000,0.001078125,16,0.001078125,0.001062500,0.001062500,0.001062500,0.001125000,0.001078125,16,0.001914062,0.001906250,0.001906250,0.001937500,0.002000000,0.001914062,16,0.002078125,0.002078125,0.002093750,0.002125000,0.002000000,0.002078125,16
1765343719.363353,2025-12-10 13:15:19,-0.001125000,-0.001000000,-0.001000000,-0.001000000,0.000000000,-0.001125000,16,-0.000375000,-0.000500000,-0.000500000,0.000000000,0.000000000,-0.000375000,16,0.001664062,0.001656250,0.001656250,0.001687500,0.001625000,0.001664062,16,0.000906250,0.000921875,0.000906250,0.000937500,0.000875000,0.000906250,16,0.001203125,0.001203125,0.001218750,0.001187500,0.001250000,0.001203125,16,0.001093750,0.001093750,0.001093750,0.001062500,0.001125000,0.001093750,16,0.001828125,0.001828125,0.001843750,0.001812500,0.001750000,0.001828125,16,0.002148438,0.002140625,0.002156250,0.002187500,0.002125000,0.002148438,16
1765343730.2110016,2025-12-10 13:15:30,-0.001125000,-0.001250000,-0.001000000,-0.001000000,-0.002000000,-0.001125000,16,-0.000500000,-0.000500000,-0.000500000,0.000000000,0.000000000,-0.000500000,16,0.001781250,0.001781250,0.001781250,0.001750000,0.001750000,0.001781250,16,0.000859375,0.000859375,0.000875000,0.000875000,0.000875000,0.000859375,16,0.001265625,0.001265625,0.001281250,0.001250000,0.001250000,0.001265625,16,0.001226563,0.001234375,0.001218750,0.001187500,0.001250000,0.001226563,16,0.001875000,0.001890625,0.001875000,0.001875000,0.001875000,0.001875000,16,0.002289062,0.002296875,0.002312500,0.002312500,0.002250000,0.002289062,16
1765343741.0555315,2025-12-10 13:15:41,-0.001000000,-0.001000000,-0.001000000,-0.001000000,-0.002000000,-0.001000000,16,-0.000250000,-0.000250000,0.000000000,0.000000000,0.000000000,-0.000250000,16,0.001562500,0.001562500,0.001562500,0.001562500,0.001625000,0.001562500,16,0.000867188,0.000859375,0.000875000,0.000875000,0.000875000,0.000867188,16,0.001312500,0.001312500,0.001312500,0.001312500,0.001250000,0.001312500,16,0.001148437,0.001140625,0.001125000,0.001125000,0.001125000,0.001148437,16,0.001734375,0.001734375,0.001750000,0.001750000,0.001750000,0.001734375,16,0.001960938,0.001953125,0.001968750,0.001937500,0.001875000,0.001960938,16
1765343751.9007633,2025-12-10 13:15:51,-0.000875000,-0.001000000,-0.001000000,-0.001000000,0.000000000,-0.000875000,16,0.000000000,0.000000000,0.000000000,0.000000000,0.000000000,0.000000000,16,0.001750000,0.001750000,0.001750000,0.001750000,0.001750000,0.001750000,16,0.000992188,0.000984375,0.000968750,0.001000000,0.001000000,0.000992188,16,0.001296875,0.001296875,0.001312500,0.001312500,0.001250000,0.001296875,16,0.001078125,0.001078125,0.001093750,0.001062500,0.001125000,0.001078125,16,0.001742188,0.001734375,0.001750000,0.001750000,0.001750000,0.001742188,16,0.002125000,0.002109375,0.002125000,0.002125000,0.002125000,0.002125000,16
1765343762.7482755,2025-12-10 13:16:02,-0.001000000,-0.001000000,-0.001000000,-0.001000000,-0.002000000,-0.001000000,16,-0.000375000,-0.000250000,-0.000500000,0.000000000,0.000000000,-0.000375000,16,0.001703125,0.001703125,0.001718750,0.001687500,0.001750000,0.001703125,16,0.000664063,0.000671875,0.000656250,0.000625000,0.000625000,0.000664063,16,0.001320313,0.001312500,0.001312500,0.001312500,0.001250000,0.001320313,16,0.001218750,0.001218750,0.001218750,0.001187500,0.001250000,0.001218750,16,0.001679687,0.001671875,0.001687500,0.001687500,0.001750000,0.001679687,16,0.002179688,0.002171875,0.002187500,0.002187500,0.002125000,0.002179688,16
1765343773.595387,2025-12-10 13:16:13,-0.001125000,-0.001000000,-0.001000000,-0.001000000,-0.002000000,-0.001125000,16,-0.000125000,-0.000250000,0.000000000,0.000000000,0.000000000,-0.000125000,16,0.001359375,0.001359375,0.001375000,0.001375000,0.001375000,0.001359375,16,0.000429688,0.000437500,0.000437500,0.000437500,0.000500000,0.000429688,16,0.000945312,0.000937500,0.000937500,0.000937500,0.000875000,0.000945312,16,0.000851562,0.000843750,0.000843750,0.000812500,0.000875000,0.000851562,16,0.001617188,0.001609375,0.001625000,0.001625000,0.001625000,0.001617188,16,0.001945312,0.001937500,0.001937500,0.001937500,0.002000000,0.001945312,16
1765343784.4405496,2025-12-10 13:16:24,-0.001000000,-0.001000000,-0.001000000,-0.001000000,-0.002000000,-0.001000000,16,-0.000250000,-0.000250000,-0.000500000,0.000000000,0.000000000,-0.000250000,16,0.001648437,0.001656250,0.001656250,0.001625000,0.001625000,0.001648437,16,0.000773438,0.000781250,0.000781250,0.000750000,0.000750000,0.000773438,16,0.001054688,0.001046875,0.001062500,0.001062500,0.001000000,0.001054688,16,0.001132812,0.001140625,0.001125000,0.001125000,0.001125000,0.001132812,16,0.001742188,0.001734375,0.001750000,0.001750000,0.001750000,0.001742188,16,0.001976563,0.001984375,0.002000000,0.002000000,0.002000000,0.001976563,16
1765343795.2868016,2025-12-10 13:16:35,-0.001000000,-0.001000000,-0.001000000,-0.001000000,0.000000000,-0.001000000,16,-0.000250000,-0.000250000,-0.000500000,0.000000000,0.000000000,-0.000250000,16,0.001867188,0.001859375,0.001875000,0.001875000,0.001875000,0.001867188,16,0.000640625,0.000640625,0.000625000,0.000625000,0.000625000,0.000640625,16,0.001359375,0.001359375,0.001375000,0.001375000,0.001375000,0.001359375,16,0.001437500,0.001437500,0.001437500,0.001437500,0.001375000,0.001437500,16,0.001804688,0.001812500,0.001812500,0.001812500,0.001875000,0.001804688,16,0.002562500,0.002562500,0.002562500,0.002562500,0.002625000,0.002562500,16
1765343806.1324236,2025-12-10 13:16:46,-0.001000000,-0.001000000,-0.001000000,-0.001000000,0.000000000,-0.001000000,16,-0.000375000,-0.000500000,-0.000500000,0.000000000,0.000000000,-0.000375000,16,0.001414062,0.001421875,0.001406250,0.001375000,0.001375000,0.001414062,16,0.000437500,0.000437500,0.000437500,0.000437500,0.000375000,0.000437500,16,0.001203125,0.001203125,0.001187500,0.001187500,0.001250000,0.001203125,16,0.001171875,0.001171875,0.001156250,0.001187500,0.001125000,0.001171875,16,0.001750000,0.001750000,0.001750000,0.001750000,0.001750000,0.001750000,16,0.002414062,0.002406250,0.002406250,0.002375000,0.002375000,0.002414062,16
1765343816.9785187,2025-12-10 13:16:56,-0.001000000,-0.001000000,-0.001000000,-0.001000000,-0.002000000,-0.001000000,16,-0.000250000,-0.000250000,-0.000500000,0.000000000,0.000000000,-0.000250000,16,0.001570313,0.001578125,0.001562500,0.001562500,0.001625000,0.001570313,16,0.000226563,0.000234375,0.000218750,0.000187500,0.000250000,0.000226563,16,0.001445312,0.001437500,0.001437500,0.001437500,0.001375000,0.001445312,16,0.001273438,0.001265625,0.001281250,0.001250000,0.001250000,0.001273438,16,0.001664062,0.001671875,0.001656250,0.001625000,0.001625000,0.001664062,16,0.002710938,0.002703125,0.002718750,0.002750000,0.002750000,0.002710938,16
1765343827.822669,2025-12-10 13:17:07,-0.000875000,-0.001000000,-0.001000000,-0.001000000,0.000000000,-0.000875000,16,-0.000250000,-0.000250000,0.000000000,0.000000000,0.000000000,-0.000250000,16,0.001890625,0.001890625,0.001875000,0.001875000,0.001875000,0.001890625,16,-0.000234375,-0.000234375,-0.000250000,-0.000250000,-0.000250000,-0.000234375,16,0.001132812,0.001140625,0.001125000,0.001125000,0.001125000,0.001132812,16,0.001289063,0.001281250,0.001281250,0.001250000,0.001250000,0.001289063,16,0.001742188,0.001734375,0.001750000,0.001750000,0.001750000,0.001742188,16,0.003640625,0.003656250,0.003656250,0.003687500,0.003625000,0.003640625,16
1765343838.6671333,2025-12-10 13:17:18,-0.000875000,-0.000750000,-0.001000000,-0.001000000,0.000000000,-0.000875000,16,-0.000250000,-0.000250000,0.000000000,0.000000000,0.000000000,-0.000250000,16,0.002093750,0.002093750,0.002093750,0.002125000,0.002125000,0.002093750,16,0.000164063,0.000171875,0.000156250,0.000187500,0.000125000,0.000164063,16,0.001984375,0.002000000,0.002000000,0.002000000,0.002000000,0.001984375,16,0.001718750,0.001718750,0.001718750,0.001687500,0.001750000,0.001718750,16,0.001656250,0.001671875,0.001656250,0.001625000,0.001625000,0.001656250,16,0.003531250,0.003531250,0.003531250,0.003562500,0.003500000,0.003531250,16
1765343849.5142322,2025-12-10 13:17:29,-0.000750000,-0.000750000,-0.001000000,-0.001000000,0.000000000,-0.000750000,16,0.000000000,0.000000000,0.000000000,0.000000000,0.000000000,0.000000000,16,0.001625000,0.001625000,0.001625000,0.001625000,0.001625000,0.001625000,16,-0.000476562,-0.000468750,-0.000468750,-0.000437500,-0.000500000,-0.000476562,16,0.002179688,0.002187500,0.002156250,0.002187500,0.002125000,0.002179688,16,0.001382812,0.001375000,0.001375000,0.001375000,0.001375000,0.001382812,16,0.001140625,0.001140625,0.001125000,0.001125000,0.001125000,0.001140625,16,0.002671875,0.002656250,0.002656250,0.002625000,0.002625000,0.002671875,16
1765343860.3562748,2025-12-10 13:17:40,-0.000875000,-0.001000000,-0.001000000,-0.001000000,0.000000000,-0.000875000,16,0.000000000,0.000000000,0.000000000,0.000000000,0.000000000,0.000000000,16,0.001851563,0.001859375,0.001843750,0.001875000,0.001750000,0.001851563,16,0.000078125,0.000078125,0.000093750,0.000062500,0.000125000,0.000078125,16,0.001898437,0.001906250,0.001906250,0.001875000,0.001875000,0.001898437,16,0.001375000,0.001375000,0.001375000,0.001375000,0.001375000,0.001375000,16,0.001335938,0.001328125,0.001343750,0.001375000,0.001375000,0.001335938,16,0.002726563,0.002734375,0.002750000,0.002750000,0.002750000,0.002726563,16
1765343871.2016711,2025-12-10 13:17:51,-0.001125000,-0.001000000,-0.001000000,-0.001000000,-0.002000000,-0.001125000,16,-0.000375000,-0.000500000,-0.000500000,0.000000000,0.000000000,-0.000375000,16,0.002242188,0.002234375,0.002250000,0.002250000,0.002250000,0.002242188,16,0.000625000,0.000625000,0.000625000,0.000625000,0.000625000,0.000625000,16,0.002671875,0.002671875,0.002687500,0.002687500,0.002625000,0.002671875,16,0.002023438,0.002015625,0.002031250,0.002000000,0.002000000,0.002023438,16,0.001687500,0.001687500,0.001687500,0.001687500,0.001750000,0.001687500,16,0.003226563,0.003234375,0.003218750,0.003250000,0.003250000,0.003226563,16
1765343882.0454645,2025-12-10 13:18:02,-0.001000000,-0.001000000,-0.001000000,-0.001000000,-0.002000000,-0.001000000,16,-0.000250000,-0.000250000,0.000000000,0.000000000,0.000000000,-0.000250000,16,0.002132813,0.002125000,0.002125000,0.002125000,0.002125000,0.002132813,16,0.000687500,0.000687500,0.000687500,0.000687500,0.000750000,0.000687500,16,0.002335937,0.002328125,0.002343750,0.002312500,0.002375000,0.002335937,16,0.001960938,0.001968750,0.001968750,0.002000000,0.002000000,0.001960938,16,0.001679687,0.001671875,0.001687500,0.001687500,0.001625000,0.001679687,16,0.003140625,0.003140625,0.003156250,0.003125000,0.003125000,0.003140625,16
1765343892.8935213,2025-12-10 13:18:12,-0.000750000,-0.000750000,-0.001000000,-0.001000000,0.000000000,-0.000750000,16,0.000000000,0.000000000,0.000000000,0.000000000,0.000000000,0.000000000,16,0.001953125,0.001953125,0.001937500,0.001937500,0.002000000,0.001953125,16,0.000320313,0.000328125,0.000312500,0.000312500,0.000375000,0.000320313,16,0.002187500,0.002187500,0.002187500,0.002187500,0.002250000,0.002187500,16,0.001835938,0.001843750,0.001812500,0.001875000,0.001750000,0.001835938,16,0.001304688,0.001296875,0.001312500,0.001312500,0.001250000,0.001304688,16,0.002640625,0.002640625,0.002625000,0.002625000,0.002625000,0.002640625,16
1765343903.7396843,2025-12-10 13:18:23,-0.001000000,-0.001000000,-0.001000000,-0.001000000,0.000000000,-0.001000000,16,-0.000250000,-0.000250000,0.000000000,0.000000000,0.000000000,-0.000250000,16,0.002015625,0.002015625,0.002000000,0.002000000,0.002000000,0.002015625,16,0.000906250,0.000906250,0.000906250,0.000875000,0.000875000,0.000906250,16,0.002195313,0.002187500,0.002187500,0.002187500,0.002125000,0.002195313,16,0.001750000,0.001750000,0.001750000,0.001750000,0.001750000,0.001750000,16,0.001539063,0.001546875,0.001562500,0.001562500,0.001500000,0.001539063,16,0.002531250,0.002531250,0.002562500,0.002562500,0.002500000,0.002531250,16
1765343914.5856895,2025-12-10 13:18:34,-0.000750000,-0.000750000,-0.001000000,-0.001000000,0.000000000,-0.000750000,16,0.000125000,0.000250000,0.000000000,0.000000000,0.000000000,0.000125000,16,0.001851563,0.001843750,0.001843750,0.001812500,0.001875000,0.001851563,16,0.001007813,0.001000000,0.001000000,0.001000000,0.001000000,0.001007813,16,0.001414062,0.001406250,0.001406250,0.001375000,0.001375000,0.001414062,16,0.001468750,0.001468750,0.001468750,0.001437500,0.001500000,0.001468750,16,0.001437500,0.001437500,0.001437500,0.001437500,0.001375000,0.001437500,16,0.001656250,0.001640625,0.001656250,0.001625000,0.001625000,0.001656250,16
1765343925.431608,2025-12-10 13:18:45,-0.000750000,-0.000750000,-0.000500000,-0.001000000,0.000000000,-0.000750000,16,0.000250000,0.000250000,0.000500000,0.000000000,0.000000000,0.000250000,16,0.002015625,0.002015625,0.002000000,0.002000000,0.002000000,0.002015625,16,0.001164062,0.001171875,0.001156250,0.001187500,0.001125000,0.001164062,16,0.001609375,0.001609375,0.001593750,0.001562500,0.001625000,0.001609375,16,0.001460937,0.001468750,0.001468750,0.001437500,0.001375000,0.001460937,16,0.001492188,0.001484375,0.001468750,0.001500000,0.001500000,0.001492188,16,0.001617188,0.001625000,0.001625000,0.001625000,0.001625000,0.001617188,16
1765343936.2783754,2025-12-10 13:18:56,-0.001125000,-0.001250000,-0.001000000,-0.001000000,-0.002000000,-0.001125000,16,-0.000375000,-0.000250000,-0.000500000,0.000000000,0.000000000,-0.000375000,16,0.002117188,0.002109375,0.002093750,0.002125000,0.002000000,0.002117188,16,0.001359375,0.001359375,0.001343750,0.001312500,0.001375000,0.001359375,16,0.001828125,0.001812500,0.001812500,0.001812500,0.001750000,0.001828125,16,0.001617188,0.001609375,0.001593750,0.001625000,0.001625000,0.001617188,16,0.001687500,0.001687500,0.001687500,0.001687500,0.001625000,0.001687500,16,0.002234375,0.002234375,0.002218750,0.002250000,0.002250000,0.002234375,16
1765343947.1256611,2025-12-10 13:19:07,-0.001250000,-0.001250000,-0.001000000,-0.001000000,-0.002000000,-0.001250000,16,-0.000625000,-0.000500000,-0.000500000,-0.001000000,0.000000000,-0.000625000,16,0.002039063,0.002046875,0.002031250,0.002062500,0.002000000,0.002039063,16,0.001359375,0.001359375,0.001343750,0.001375000,0.001375000,0.001359375,16,0.002085938,0.002093750,0.002093750,0.002062500,0.002125000,0.002085938,16,0.001890625,0.001906250,0.001906250,0.001875000,0.001875000,0.001890625,16,0.001710938,0.001703125,0.001718750,0.001687500,0.001750000,0.001710938,16,0.002257812,0.002250000,0.002250000,0.002250000,0.002250000,0.002257812,16
1765343957.9741752,2025-12-10 13:19:17,-0.001000000,-0.001000000,-0.001000000,-0.001000000,0.000000000,-0.001000000,16,-0.000250000,-0.000250000,-0.000500000,0.000000000,0.000000000,-0.000250000,16,0.001734375,0.001734375,0.001750000,0.001750000,0.001750000,0.001734375,16,0.001140625,0.001140625,0.001156250,0.001125000,0.001125000,0.001140625,16,0.001695312,0.001703125,0.001687500,0.001687500,0.001625000,0.001695312,16,0.001500000,0.001484375,0.001500000,0.001500000,0.001500000,0.001500000,16,0.001484375,0.001484375,0.001468750,0.001500000,0.001500000,0.001484375,16,0.001835938,0.001828125,0.001812500,0.001812500,0.001875000,0.001835938,16
1765343968.8200626,2025-12-10 13:19:28,-0.000750000,-0.000750000,-0.000500000,-0.001000000,0.000000000,-0.000750000,16,0.000000000,0.000000000,0.000000000,0.000000000,0.000000000,0.000000000,16,0.001250000,0.001234375,0.001250000,0.001250000,0.001250000,0.001250000,16,0.000507813,0.000500000,0.000500000,0.000500000,0.000500000,0.000507813,16,0.000039063,0.000031250,0.000031250,0.000000000,0.000000000,0.000039063,16,0.000335938,0.000328125,0.000312500,0.000312500,0.000250000,0.000335938,16,0.001203125,0.001203125,0.001187500,0.001187500,0.001250000,0.001203125,16,0.001039063,0.001031250,0.001062500,0.001062500,0.001000000,0.001039063,16
1765343979.6679468,2025-12-10 13:19:39,-0.001000000,-0.001000000,-0.001000000,-0.001000000,0.000000000,-0.001000000,16,-0.000375000,-0.000250000,-0.000500000,0.000000000,0.000000000,-0.000375000,16,0.001835938,0.001843750,0.001843750,0.001875000,0.001875000,0.001835938,16,0.000992188,0.000984375,0.001000000,0.001000000,0.001000000,0.000992188,16,0.001367188,0.001375000,0.001375000,0.001375000,0.001375000,0.001367188,16,0.001343750,0.001343750,0.001343750,0.001312500,0.001375000,0.001343750,16,0.001500000,0.001500000,0.001500000,0.001500000,0.001500000,0.001500000,16,0.001812500,0.001828125,0.001812500,0.001812500,0.001875000,0.001812500,16
1765343990.5129676,2025-12-10 13:19:50,-0.001000000,-0.001000000,-0.001000000,-0.001000000,-0.002000000,-0.001000000,16,-0.000250000,-0.000250000,0.000000000,0.000000000,0.000000000,-0.000250000,16,0.001632812,0.001625000,0.001625000,0.001625000,0.001625000,0.001632812,16,0.000921875,0.000937500,0.000937500,0.000937500,0.001000000,0.000921875,16,0.000890625,0.000875000,0.000875000,0.000875000,0.000875000,0.000890625,16,0.000882813,0.000890625,0.000875000,0.000875000,0.000875000,0.000882813,16,0.001445312,0.001453125,0.001468750,0.001437500,0.001500000,0.001445312,16,0.001531250,0.001531250,0.001531250,0.001562500,0.001500000,0.001531250,16
1765344001.3604243,2025-12-10 13:20:01,-0.000875000,-0.001000000,-0.001000000,-0.001000000,0.000000000,-0.000875000,16,-0.000250000,-0.000250000,0.000000000,0.000000000,0.000000000,-0.000250000,16,0.001437500,0.001437500,0.001437500,0.001437500,0.001375000,0.001437500,16,0.000320313,0.000312500,0.000312500,0.000312500,0.000250000,0.000320313,16,0.000421875,0.000406250,0.000406250,0.000375000,0.000375000,0.000421875,16,0.000515625,0.000500000,0.000500000,0.000500000,0.000500000,0.000515625,16,0.001304688,0.001296875,0.001281250,0.001312500,0.001375000,0.001304688,16,0.001515625,0.001515625,0.001500000,0.001500000,0.001500000,0.001515625,16
1765344012.2064779,2025-12-10 13:20:12,-0.000375000,-0.000250000,-0.000500000,0.000000000,0.000000000,-0.000375000,16,0.000625000,0.000500000,0.000500000,0.001000000,0.000000000,0.000625000,16,0.001515625,0.001515625,0.001531250,0.001562500,0.001500000,0.001515625,16,0.000812500,0.000812500,0.000812500,0.000812500,0.000875000,0.000812500,16,0.000140625,0.000140625,0.000156250,0.000125000,0.000125000,0.000140625,16,0.000210937,0.000203125,0.000218750,0.000187500,0.000250000,0.000210937,16,0.001125000,0.001125000,0.001125000,0.001125000,0.001125000,0.001125000,16,0.001109375,0.001109375,0.001125000,0.001125000,0.001125000,0.001109375,16
1765344023.051852,2025-12-10 13:20:23,-0.000500000,-0.000500000,-0.000500000,0.000000000,0.000000000,-0.000500000,16,0.000500000,0.000500000,0.000500000,0.001000000,0.000000000,0.000500000,16,0.001304688,0.001312500,0.001312500,0.001312500,0.001375000,0.001304688,16,0.000765625,0.000765625,0.000781250,0.000750000,0.000750000,0.000765625,16,-0.000046875,-0.000046875,-0.000062500,-0.000062500,0.000000000,-0.000046875,16,0.000320313,0.000328125,0.000312500,0.000312500,0.000375000,0.000320313,16,0.001210937,0.001218750,0.001218750,0.001250000,0.001250000,0.001210937,16,0.000921875,0.000921875,0.000937500,0.000937500,0.000875000,0.000921875,16
1765344033.8975482,2025-12-10 13:20:33,-0.000875000,-0.000750000,-0.001000000,-0.001000000,0.000000000,-0.000875000,16,0.000000000,0.000000000,0.000000000,0.000000000,0.000000000,0.000000000,16,0.001578125,0.001578125,0.001593750,0.001562500,0.001500000,0.001578125,16,0.000718750,0.000718750,0.000718750,0.000750000,0.000750000,0.000718750,16,0.000156250,0.000156250,0.000156250,0.000187500,0.000125000,0.000156250,16,0.000414062,0.000406250,0.000406250,0.000437500,0.000375000,0.000414062,16,0.001296875,0.001296875,0.001312500,0.001312500,0.001375000,0.001296875,16,0.001296875,0.001312500,0.001312500,0.001312500,0.001375000,0.001296875,16
1765344044.7415724,2025-12-10 13:20:44,-0.000625000,-0.000750000,-0.000500000,-0.001000000,0.000000000,-0.000625000,16,0.000125000,0.000250000,0.000000000,0.000000000,0.000000000,0.000125000,16,0.001773438,0.001765625,0.001781250,0.001750000,0.001750000,0.001773438,16,0.000796875,0.000796875,0.000812500,0.000812500,0.000750000,0.000796875,16,0.000320313,0.000312500,0.000281250,0.000250000,0.000250000,0.000320313,16,0.000593750,0.000578125,0.000562500,0.000562500,0.000500000,0.000593750,16,0.001195312,0.001203125,0.001187500,0.001187500,0.001125000,0.001195312,16,0.000859375,0.000859375,0.000875000,0.000875000,0.000875000,0.000859375,16
1765344055.5868769,2025-12-10 13:20:55,-0.000500000,-0.000500000,-0.000500000,0.000000000,0.000000000,-0.000500000,16,0.000500000,0.000500000,0.000500000,0.000000000,0.000000000,0.000500000,16,0.001992188,0.001984375,0.002000000,0.002000000,0.002000000,0.001992188,16,-0.000054688,-0.000046875,-0.000062500,0.000000000,0.000000000,-0.000054688,16,0.000148437,0.000156250,0.000156250,0.000187500,0.000125000,0.000148437,16,0.000093750,0.000093750,0.000093750,0.000125000,0.000125000,0.000093750,16,0.000937500,0.000937500,0.000937500,0.000875000,0.000875000,0.000937500,16,0.000476562,0.000468750,0.000468750,0.000500000,0.000500000,0.000476562,16
1765344066.433738,2025-12-10 13:21:06,-0.000750000,-0.000750000,-0.001000000,-0.001000000,0.000000000,-0.000750000,16,-0.000125000,0.000000000,0.000000000,0.000000000,0.000000000,-0.000125000,16,0.001890625,0.001890625,0.001875000,0.001875000,0.001875000,0.001890625,16,0.000460938,0.000453125,0.000468750,0.000437500,0.000500000,0.000460938,16,0.000757813,0.000765625,0.000750000,0.000750000,0.000750000,0.000757813,16,0.000656250,0.000656250,0.000687500,0.000687500,0.000625000,0.000656250,16,0.001289063,0.001296875,0.001281250,0.001312500,0.001250000,0.001289063,16,0.001281250,0.001281250,0.001312500,0.001312500,0.001250000,0.001281250,16
1765344077.2777264,2025-12-10 13:21:17,-0.000750000,-0.000750000,-0.001000000,-0.001000000,0.000000000,-0.000750000,16,-0.000125000,-0.000250000,0.000000000,0.000000000,0.000000000,-0.000125000,16,0.001609375,0.001609375,0.001593750,0.001625000,0.001625000,0.001609375,16,0.000757813,0.000765625,0.000781250,0.000750000,0.000750000,0.000757813,16,0.000976562,0.000984375,0.000968750,0.001000000,0.001000000,0.000976562,16,0.000843750,0.000843750,0.000843750,0.000875000,0.000875000,0.000843750,16,0.001257813,0.001250000,0.001250000,0.001250000,0.001250000,0.001257813,16,0.001265625,0.001265625,0.001250000,0.001250000,0.001250000,0.001265625,16
1765344088.1236928,2025-12-10 13:21:28,-0.000875000,-0.000750000,-0.001000000,-0.001000000,0.000000000,-0.000875000,16,-0.000250000,-0.000250000,-0.000500000,0.000000000,0.000000000,-0.000250000,16,0.001664062,0.001656250,0.001656250,0.001687500,0.001625000,0.001664062,16,0.001273438,0.001281250,0.001281250,0.001250000,0.001250000,0.001273438,16,0.001218750,0.001218750,0.001218750,0.001187500,0.001250000,0.001218750,16,0.000859375,0.000859375,0.000843750,0.000875000,0.000875000,0.000859375,16,0.001234375,0.001218750,0.001250000,0.001250000,0.001250000,0.001234375,16,0.001445312,0.001437500,0.001468750,0.001437500,0.001375000,0.001445312,16
1765344098.9692497,2025-12-10 13:21:38,-0.000750000,-0.000750000,-0.001000000,-0.001000000,0.000000000,-0.000750000,16,-0.000250000,-0.000250000,-0.000500000,0.000000000,0.000000000,-0.000250000,16,0.001210937,0.001218750,0.001218750,0.001187500,0.001125000,0.001210937,16,0.000828125,0.000828125,0.000812500,0.000812500,0.000875000,0.000828125,16,0.001062500,0.001062500,0.001062500,0.001062500,0.001000000,0.001062500,16,0.000703125,0.000703125,0.000718750,0.000687500,0.000750000,0.000703125,16,0.001101563,0.001109375,0.001093750,0.001125000,0.001125000,0.001101563,16,0.001015625,0.001015625,0.001031250,0.001000000,0.001000000,0.001015625,16
1765344109.8148577,2025-12-10 13:21:49,-0.000750000,-0.000750000,-0.000500000,-0.001000000,0.000000000,-0.000750000,16,0.000000000,0.000000000,0.000000000,0.000000000,0.000000000,0.000000000,16,0.001304688,0.001296875,0.001312500,0.001312500,0.001250000,0.001304688,16,0.000984375,0.000984375,0.000968750,0.001000000,0.001000000,0.000984375,16,0.000703125,0.000703125,0.000687500,0.000687500,0.000625000,0.000703125,16,0.000476562,0.000484375,0.000468750,0.000500000,0.000500000,0.000476562,16,0.000984375,0.000968750,0.000968750,0.001000000,0.001000000,0.000984375,16,0.000812500,0.000812500,0.000812500,0.000812500,0.000750000,0.000812500,16
1765344120.6625195,2025-12-10 13:22:00,-0.000625000,-0.000750000,-0.000500000,-0.001000000,0.000000000,-0.000625000,16,0.000000000,0.000000000,0.000000000,0.000000000,0.000000000,0.000000000,16,0.001242188,0.001250000,0.001250000,0.001250000,0.001250000,0.001242188,16,0.000859375,0.000875000,0.000875000,0.000875000,0.000875000,0.000859375,16,0.000250000,0.000250000,0.000281250,0.000250000,0.000250000,0.000250000,16,0.000187500,0.000187500,0.000187500,0.000187500,0.000125000,0.000187500,16,0.000906250,0.000906250,0.000906250,0.000875000,0.000875000,0.000906250,16,0.000562500,0.000562500,0.000562500,0.000562500,0.000625000,0.000562500,16
1765344131.5075884,2025-12-10 13:22:11,-0.000750000,-0.000750000,-0.001000000,-0.001000000,0.000000000,-0.000750000,16,-0.000125000,-0.000250000,0.000000000,0.000000000,0.000000000,-0.000125000,16,0.001648437,0.001640625,0.001625000,0.001625000,0.001625000,0.001648437,16,0.001304688,0.001312500,0.001312500,0.001312500,0.001375000,0.001304688,16,0.001210937,0.001218750,0.001218750,0.001187500,0.001250000,0.001210937,16,0.000750000,0.000750000,0.000750000,0.000750000,0.000750000,0.000750000,16,0.001062500,0.001062500,0.001062500,0.001062500,0.001000000,0.001062500,16,0.001007813,0.001000000,0.001000000,0.001000000,0.001000000,0.001007813,16
1765344142.3515892,2025-12-10 13:22:22,-0.000875000,-0.000750000,-0.001000000,-0.001000000,0.000000000,-0.000875000,16,-0.000250000,-0.000250000,0.000000000,0.000000000,0.000000000,-0.000250000,16,0.001531250,0.001531250,0.001531250,0.001562500,0.001500000,0.001531250,16,0.001296875,0.001296875,0.001281250,0.001312500,0.001375000,0.001296875,16,0.001226563,0.001234375,0.001218750,0.001250000,0.001250000,0.001226563,16,0.000906250,0.000906250,0.000906250,0.000875000,0.000875000,0.000906250,16,0.001117188,0.001125000,0.001125000,0.001125000,0.001125000,0.001117188,16,0.001250000,0.001250000,0.001250000,0.001250000,0.001250000,0.001250000,16
1765344153.1986542,2025-12-10 13:22:33,-0.000875000,-0.000750000,-0.001000000,-0.001000000,0.000000000,-0.000875000,16,-0.000375000,-0.000500000,-0.000500000,0.000000000,0.000000000,-0.000375000,16,0.001257813,0.001265625,0.001250000,0.001250000,0.001250000,0.001257813,16,0.000953125,0.000953125,0.000968750,0.000937500,0.000875000,0.000953125,16,0.001218750,0.001218750,0.001218750,0.001187500,0.001250000,0.001218750,16,0.000851562,0.000859375,0.000843750,0.000875000,0.000875000,0.000851562,16,0.001101563,0.001109375,0.001125000,0.001125000,0.001125000,0.001101563,16,0.001078125,0.001078125,0.001062500,0.001062500,0.001125000,0.001078125,16
1765344164.0466695,2025-12-10 13:22:44,-0.000875000,-0.001000000,-0.001000000,-0.001000000,0.000000000,-0.000875000,16,-0.000375000,-0.000250000,-0.000500000,0.000000000,0.000000000,-0.000375000,16,0.001429687,0.001421875,0.001406250,0.001437500,0.001375000,0.001429687,16,0.000976562,0.000984375,0.000968750,0.001000000,0.001000000,0.000976562,16,0.001117188,0.001125000,0.001125000,0.001125000,0.001125000,0.001117188,16,0.000718750,0.000718750,0.000718750,0.000687500,0.000750000,0.000718750,16,0.001031250,0.001046875,0.001062500,0.001062500,0.001000000,0.001031250,16,0.001093750,0.001093750,0.001093750,0.001062500,0.001125000,0.001093750,16
1765344174.8943675,2025-12-10 13:22:54,-0.000750000,-0.000750000,-0.000500000,-0.001000000,0.000000000,-0.000750000,16,-0.000125000,-0.000250000,0.000000000,0.000000000,0.000000000,-0.000125000,16,0.001281250,0.001281250,0.001281250,0.001250000,0.001250000,0.001281250,16,0.000843750,0.000859375,0.000843750,0.000875000,0.000875000,0.000843750,16,0.000976562,0.000968750,0.000968750,0.000937500,0.001000000,0.000976562,16,0.000609375,0.000625000,0.000625000,0.000625000,0.000625000,0.000609375,16,0.000867188,0.000875000,0.000875000,0.000875000,0.000875000,0.000867188,16,0.000781250,0.000796875,0.000812500,0.000812500,0.000750000,0.000781250,16
1765344185.7416377,2025-12-10 13:23:05,-0.000875000,-0.000750000,-0.001000000,-0.001000000,0.000000000,-0.000875000,16,-0.000375000,-0.000500000,-0.000500000,0.000000000,0.000000000,-0.000375000,16,0.001265625,0.001265625,0.001281250,0.001250000,0.001250000,0.001265625,16,0.000875000,0.000859375,0.000875000,0.000875000,0.000875000,0.000875000,16,0.001257813,0.001265625,0.001250000,0.001250000,0.001250000,0.001257813,16,0.000882813,0.000890625,0.000875000,0.000875000,0.000875000,0.000882813,16,0.001031250,0.001031250,0.001031250,0.001000000,0.001000000,0.001031250,16,0.001117188,0.001109375,0.001093750,0.001125000,0.001125000,0.001117188,16
1765344196.5885127,2025-12-10 13:23:16,-0.000875000,-0.000750000,-0.001000000,-0.001000000,0.000000000,-0.000875000,16,-0.000375000,-0.000250000,-0.000500000,0.000000000,0.000000000,-0.000375000,16,0.001273438,0.001281250,0.001281250,0.001250000,0.001250000,0.001273438,16,0.000945312,0.000937500,0.000937500,0.000937500,0.001000000,0.000945312,16,0.001187500,0.001187500,0.001187500,0.001187500,0.001125000,0.001187500,16,0.000843750,0.000843750,0.000812500,0.000812500,0.000750000,0.000843750,16,0.001031250,0.001031250,0.001031250,0.001062500,0.001000000,0.001031250,16,0.001242188,0.001250000,0.001250000,0.001250000,0.001250000,0.001242188,16
1765344207.4369583,2025-12-10 13:23:27,-0.000750000,-0.000750000,-0.001000000,-0.001000000,0.000000000,-0.000750000,16,-0.000250000,-0.000250000,-0.000500000,0.000000000,0.000000000,-0.000250000,16,0.001164062,0.001156250,0.001156250,0.001125000,0.001125000,0.001164062,16,0.000687500,0.000687500,0.000687500,0.000687500,0.000625000,0.000687500,16,0.000960937,0.000953125,0.000968750,0.000937500,0.001000000,0.000960937,16,0.000656250,0.000656250,0.000656250,0.000625000,0.000625000,0.000656250,16,0.000937500,0.000937500,0.000937500,0.000937500,0.001000000,0.000937500,16,0.000976562,0.000968750,0.000968750,0.000937500,0.001000000,0.000976562,16
1765344218.2814736,2025-12-10 13:23:38,-0.000750000,-0.000750000,-0.001000000,-0.001000000,0.000000000,-0.000750000,16,-0.000250000,-0.000250000,-0.000500000,0.000000000,0.000000000,-0.000250000,16,0.001203125,0.001203125,0.001187500,0.001187500,0.001250000,0.001203125,16,0.000898438,0.000906250,0.000875000,0.000875000,0.000875000,0.000898438,16,0.001078125,0.001078125,0.001062500,0.001062500,0.001125000,0.001078125,16,0.000750000,0.000750000,0.000781250,0.000750000,0.000750000,0.000750000,16,0.000945312,0.000937500,0.000937500,0.000937500,0.000875000,0.000945312,16,0.001000000,0.001000000,0.001000000,0.001000000,0.001000000,0.001000000,16
1765344229.1283302,2025-12-10 13:23:49,-0.000750000,-0.000750000,-0.000500000,-0.001000000,0.000000000,-0.000750000,16,-0.000250000,-0.000250000,0.000000000,0.000000000,0.000000000,-0.000250000,16,0.001054688,0.001062500,0.001062500,0.001062500,0.001125000,0.001054688,16,0.000625000,0.000625000,0.000625000,0.000625000,0.000625000,0.000625000,16,0.000523438,0.000531250,0.000531250,0.000562500,0.000500000,0.000523438,16,0.000390625,0.000390625,0.000406250,0.000375000,0.000375000,0.000390625,16,0.000921875,0.000921875,0.000906250,0.000937500,0.000875000,0.000921875,16,0.000976562,0.000968750,0.000968750,0.001000000,0.001000000,0.000976562,16
1765344239.973693,2025-12-10 13:23:59,-0.000750000,-0.000750000,-0.001000000,-0.001000000,0.000000000,-0.000750000,16,-0.000375000,-0.000500000,-0.000500000,0.000000000,0.000000000,-0.000375000,16,0.001085938,0.001078125,0.001062500,0.001062500,0.001000000,0.001085938,16,0.000601562,0.000593750,0.000593750,0.000562500,0.000625000,0.000601562,16,0.000726562,0.000718750,0.000718750,0.000687500,0.000750000,0.000726562,16,0.000578125,0.000578125,0.000593750,0.000562500,0.000625000,0.000578125,16,0.001000000,0.001000000,0.001000000,0.001000000,0.001000000,0.001000000,16,0.001171875,0.001171875,0.001187500,0.001187500,0.001250000,0.001171875,16
1765344250.8189652,2025-12-10 13:24:10,-0.000750000,-0.000750000,-0.001000000,-0.001000000,0.000000000,-0.000750000,16,-0.000500000,-0.000500000,-0.000500000,0.000000000,0.000000000,-0.000500000,16,0.001148437,0.001140625,0.001156250,0.001125000,0.001125000,0.001148437,16,0.000828125,0.000828125,0.000812500,0.000812500,0.000875000,0.000828125,16,0.001062500,0.001062500,0.001062500,0.001062500,0.001125000,0.001062500,16,0.000812500,0.000812500,0.000812500,0.000812500,0.000750000,0.000812500,16,0.001007813,0.001015625,0.001000000,0.001000000,0.001000000,0.001007813,16,0.001195312,0.001187500,0.001218750,0.001187500,0.001250000,0.001195312,16
1765344261.664852,2025-12-10 13:24:21,-0.000625000,-0.000500000,-0.000500000,-0.001000000,0.000000000,-0.000625000,16,0.000000000,0.000000000,0.000000000,0.000000000,0.000000000,0.000000000,16,0.000921875,0.000921875,0.000937500,0.000937500,0.000875000,0.000921875,16,0.000703125,0.000703125,0.000718750,0.000687500,0.000750000,0.000703125,16,0.000445313,0.000453125,0.000437500,0.000500000,0.000375000,0.000445313,16,0.000281250,0.000281250,0.000281250,0.000312500,0.000250000,0.000281250,16,0.000789063,0.000796875,0.000781250,0.000812500,0.000750000,0.000789063,16,0.000609375,0.000609375,0.000593750,0.000625000,0.000625000,0.000609375,16
1765344272.510191,2025-12-10 13:24:32,-0.000625000,-0.000500000,-0.000500000,-0.001000000,0.000000000,-0.000625000,16,-0.000125000,-0.000250000,0.000000000,0.000000000,0.000000000,-0.000125000,16,0.000804688,0.000796875,0.000812500,0.000812500,0.000875000,0.000804688,16,0.000507813,0.000515625,0.000500000,0.000500000,0.000500000,0.000507813,16,-0.000117187,-0.000109375,-0.000125000,-0.000125000,-0.000125000,-0.000117187,16,-0.000031250,-0.000031250,-0.000031250,0.000000000,0.000000000,-0.000031250,16,0.000750000,0.000750000,0.000750000,0.000750000,0.000750000,0.000750000,16,0.000640625,0.000640625,0.000656250,0.000625000,0.000625000,0.000640625,16
1765344283.3556287,2025-12-10 13:24:43,-0.000625000,-0.000750000,-0.000500000,-0.001000000,0.000000000,-0.000625000,16,-0.000250000,-0.000250000,0.000000000,0.000000000,0.000000000,-0.000250000,16,0.001070313,0.001062500,0.001062500,0.001062500,0.001125000,0.001070313,16,0.000656250,0.000671875,0.000656250,0.000687500,0.000625000,0.000656250,16,0.000609375,0.000593750,0.000593750,0.000625000,0.000625000,0.000609375,16,0.000421875,0.000421875,0.000437500,0.000437500,0.000375000,0.000421875,16,0.000812500,0.000812500,0.000812500,0.000812500,0.000750000,0.000812500,16,0.000710937,0.000718750,0.000718750,0.000687500,0.000625000,0.000710937,16
1765344294.200705,2025-12-10 13:24:54,-0.000750000,-0.000750000,-0.001000000,-0.001000000,0.000000000,-0.000750000,16,-0.000250000,-0.000250000,0.000000000,0.000000000,0.000000000,-0.000250000,16,0.001085938,0.001093750,0.001093750,0.001062500,0.001125000,0.001085938,16,0.000820312,0.000812500,0.000812500,0.000812500,0.000750000,0.000820312,16,0.000890625,0.000890625,0.000875000,0.000875000,0.000875000,0.000890625,16,0.000664063,0.000656250,0.000656250,0.000687500,0.000625000,0.000664063,16,0.000867188,0.000859375,0.000875000,0.000875000,0.000875000,0.000867188,16,0.000851562,0.000859375,0.000843750,0.000875000,0.000875000,0.000851562,16
1765344305.047473,2025-12-10 13:25:05,-0.000625000,-0.000750000,-0.000500000,-0.001000000,0.000000000,-0.000625000,16,-0.000125000,-0.000250000,0.000000000,0.000000000,0.000000000,-0.000125000,16,0.000992188,0.001000000,0.001000000,0.001000000,0.001000000,0.000992188,16,0.000734375,0.000734375,0.000718750,0.000687500,0.000750000,0.000734375,16,0.000718750,0.000718750,0.000718750,0.000687500,0.000750000,0.000718750,16,0.000585937,0.000593750,0.000593750,0.000562500,0.000500000,0.000585937,16,0.000828125,0.000843750,0.000843750,0.000812500,0.000875000,0.000828125,16,0.000867188,0.000859375,0.000875000,0.000812500,0.000875000,0.000867188,16
1765344315.8918638,2025-12-10 13:25:15,-0.000750000,-0.000750000,-0.001000000,-0.001000000,0.000000000,-0.000750000,16,-0.000375000,-0.000250000,-0.000500000,0.000000000,0.000000000,-0.000375000,16,0.001031250,0.001031250,0.001031250,0.001062500,0.001000000,0.001031250,16,0.000828125,0.000828125,0.000843750,0.000812500,0.000875000,0.000828125,16,0.000968750,0.000968750,0.000968750,0.000937500,0.001000000,0.000968750,16,0.000726562,0.000734375,0.000718750,0.000750000,0.000750000,0.000726562,16,0.000875000,0.000875000,0.000875000,0.000875000,0.000875000,0.000875000,16,0.001015625,0.001015625,0.001031250,0.001000000,0.001000000,0.001015625,16
1765344326.7367117,2025-12-10 13:25:26,-0.000625000,-0.000500000,-0.000500000,-0.001000000,0.000000000,-0.000625000,16,-0.000125000,0.000000000,0.000000000,0.000000000,0.000000000,-0.000125000,16,0.000890625,0.000906250,0.000875000,0.000875000,0.000875000,0.000890625,16,0.000695312,0.000687500,0.000687500,0.000687500,0.000750000,0.000695312,16,0.000703125,0.000703125,0.000718750,0.000687500,0.000750000,0.000703125,16,0.000484375,0.000484375,0.000500000,0.000500000,0.000500000,0.000484375,16,0.000742188,0.000734375,0.000718750,0.000750000,0.000750000,0.000742188,16,0.000757813,0.000750000,0.000781250,0.000750000,0.000750000,0.000757813,16
1765344337.5854983,2025-12-10 13:25:37,-0.000625000,-0.000500000,-0.000500000,-0.001000000,0.000000000,-0.000625000,16,-0.000125000,-0.000250000,0.000000000,0.000000000,0.000000000,-0.000125000,16,0.000882813,0.000890625,0.000875000,0.000875000,0.000875000,0.000882813,16,0.000554688,0.000562500,0.000562500,0.000562500,0.000500000,0.000554688,16,0.000476562,0.000484375,0.000468750,0.000500000,0.000500000,0.000476562,16,0.000343750,0.000328125,0.000343750,0.000312500,0.000375000,0.000343750,16,0.000757813,0.000750000,0.000750000,0.000750000,0.000750000,0.000757813,16,0.000867188,0.000859375,0.000843750,0.000875000,0.000875000,0.000867188,16
1765344348.4316216,2025-12-10 13:25:48,-0.000625000,-0.000750000,-0.000500000,-0.001000000,0.000000000,-0.000625000,16,-0.000125000,-0.000250000,0.000000000,0.000000000,0.000000000,-0.000125000,16,0.001039063,0.001031250,0.001031250,0.001062500,0.001000000,0.001039063,16,0.000640625,0.000640625,0.000625000,0.000687500,0.000625000,0.000640625,16,0.000750000,0.000750000,0.000750000,0.000750000,0.000750000,0.000750000,16,0.000562500,0.000562500,0.000562500,0.000562500,0.000500000,0.000562500,16,0.000765625,0.000765625,0.000781250,0.000750000,0.000750000,0.000765625,16,0.000929688,0.000921875,0.000937500,0.000937500,0.000875000,0.000929688,16
1765344359.2754557,2025-12-10 13:25:59,-0.000625000,-0.000750000,-0.000500000,-0.001000000,0.000000000,-0.000625000,16,-0.000375000,-0.000250000,-0.000500000,0.000000000,0.000000000,-0.000375000,16,0.000726562,0.000734375,0.000750000,0.000687500,0.000750000,0.000726562,16,0.000304687,0.000312500,0.000312500,0.000312500,0.000375000,0.000304687,16,0.000476562,0.000484375,0.000500000,0.000500000,0.000500000,0.000476562,16,0.000367188,0.000375000,0.000375000,0.000375000,0.000375000,0.000367188,16,0.000789063,0.000796875,0.000781250,0.000750000,0.000750000,0.000789063,16,0.000976562,0.000968750,0.000968750,0.000937500,0.001000000,0.000976562,16
1765344370.1202853,2025-12-10 13:26:10,-0.000625000,-0.000750000,-0.000500000,-0.001000000,0.000000000,-0.000625000,16,-0.000375000,-0.000250000,-0.000500000,0.000000000,0.000000000,-0.000375000,16,0.000757813,0.000750000,0.000750000,0.000750000,0.000750000,0.000757813,16,0.000335938,0.000328125,0.000343750,0.000375000,0.000375000,0.000335938,16,0.000812500,0.000812500,0.000812500,0.000812500,0.000875000,0.000812500,16,0.000531250,0.000531250,0.000531250,0.000500000,0.000500000,0.000531250,16,0.000765625,0.000781250,0.000750000,0.000750000,0.000750000,0.000765625,16,0.000546875,0.000562500,0.000531250,0.000562500,0.000500000,0.000546875,16
1765344380.966108,2025-12-10 13:26:20,-0.000625000,-0.000750000,-0.000500000,-0.001000000,0.000000000,-0.000625000,16,-0.000125000,-0.000250000,0.000000000,0.000000000,0.000000000,-0.000125000,16,0.000914063,0.000906250,0.000906250,0.000875000,0.000875000,0.000914063,16,0.000578125,0.000562500,0.000562500,0.000562500,0.000625000,0.000578125,16,0.000570312,0.000562500,0.000562500,0.000562500,0.000625000,0.000570312,16,0.000375000,0.000375000,0.000375000,0.000375000,0.000375000,0.000375000,16,0.000726562,0.000734375,0.000718750,0.000687500,0.000750000,0.000726562,16,0.000757813,0.000750000,0.000750000,0.000750000,0.000750000,0.000757813,16
1765344391.8130941,2025-12-10 13:26:31,-0.000625000,-0.000500000,-0.000500000,-0.001000000,0.000000000,-0.000625000,16,-0.000125000,-0.000250000,0.000000000,0.000000000,0.000000000,-0.000125000,16,0.000820312,0.000812500,0.000812500,0.000812500,0.000750000,0.000820312,16,0.000351562,0.000359375,0.000343750,0.000375000,0.000375000,0.000351562,16,0.000335938,0.000328125,0.000343750,0.000312500,0.000375000,0.000335938,16,0.000179687,0.000171875,0.000156250,0.000187500,0.000250000,0.000179687,16,0.000687500,0.000687500,0.000687500,0.000687500,0.000625000,0.000687500,16,0.000687500,0.000687500,0.000687500,0.000687500,0.000750000,0.000687500,16
1765344402.6621003,2025-12-10 13:26:42,-0.000500000,-0.000500000,-0.000500000,0.000000000,0.000000000,-0.000500000,16,0.000125000,0.000000000,0.000000000,0.000000000,0.000000000,0.000125000,16,0.000820312,0.000812500,0.000812500,0.000812500,0.000750000,0.000820312,16,0.000390625,0.000390625,0.000375000,0.000375000,0.000375000,0.000390625,16,0.000460938,0.000468750,0.000468750,0.000437500,0.000375000,0.000460938,16,0.000257813,0.000265625,0.000250000,0.000250000,0.000250000,0.000257813,16,0.000585937,0.000578125,0.000593750,0.000562500,0.000625000,0.000585937,16,0.000515625,0.000515625,0.000500000,0.000500000,0.000500000,0.000515625,16
1765344413.508546,2025-12-10 13:26:53,-0.000375000,-0.000500000,-0.000500000,0.000000000,0.000000000,-0.000375000,16,0.000125000,0.000250000,0.000000000,0.000000000,0.000000000,0.000125000,16,0.000781250,0.000781250,0.000781250,0.000812500,0.000750000,0.000781250,16,0.000437500,0.000437500,0.000437500,0.000437500,0.000375000,0.000437500,16,0.000398438,0.000390625,0.000406250,0.000375000,0.000375000,0.000398438,16,0.000320313,0.000312500,0.000312500,0.000312500,0.000250000,0.000320313,16,0.000609375,0.000609375,0.000593750,0.000562500,0.000625000,0.000609375,16,0.000492188,0.000484375,0.000468750,0.000437500,0.000375000,0.000492188,16
1765344424.3560107,2025-12-10 13:27:04,-0.000375000,-0.000250000,-0.000500000,0.000000000,0.000000000,-0.000375000,16,0.000125000,0.000250000,0.000000000,0.000000000,0.000000000,0.000125000,16,0.000781250,0.000781250,0.000781250,0.000750000,0.000750000,0.000781250,16,0.000492188,0.000484375,0.000468750,0.000500000,0.000500000,0.000492188,16,0.000320313,0.000328125,0.000343750,0.000375000,0.000375000,0.000320313,16,0.000281250,0.000281250,0.000281250,0.000250000,0.000250000,0.000281250,16,0.000593750,0.000593750,0.000593750,0.000562500,0.000625000,0.000593750,16,0.000460938,0.000453125,0.000468750,0.000437500,0.000500000,0.000460938,16
1765344435.201118,2025-12-10 13:27:15,-0.000625000,-0.000750000,-0.000500000,-0.001000000,0.000000000,-0.000625000,16,-0.000250000,-0.000250000,0.000000000,0.000000000,0.000000000,-0.000250000,16,0.000937500,0.000937500,0.000937500,0.000937500,0.000875000,0.000937500,16,0.000750000,0.000750000,0.000750000,0.000750000,0.000750000,0.000750000,16,0.000867188,0.000875000,0.000875000,0.000875000,0.000875000,0.000867188,16,0.000617188,0.000625000,0.000625000,0.000625000,0.000625000,0.000617188,16,0.000757813,0.000765625,0.000750000,0.000750000,0.000750000,0.000757813,16,0.000820312,0.000812500,0.000812500,0.000812500,0.000875000,0.000820312,16
1765344446.046206,2025-12-10 13:27:26,-0.000500000,-0.000500000,-0.000500000,0.000000000,0.000000000,-0.000500000,16,0.000125000,0.000250000,0.000000000,0.000000000,0.000000000,0.000125000,16,0.000820312,0.000828125,0.000812500,0.000812500,0.000750000,0.000820312,16,0.000429688,0.000421875,0.000437500,0.000437500,0.000375000,0.000429688,16,0.000242187,0.000250000,0.000218750,0.000250000,0.000250000,0.000242187,16,0.000156250,0.000156250,0.000156250,0.000125000,0.000125000,0.000156250,16,0.000687500,0.000687500,0.000687500,0.000687500,0.000625000,0.000687500,16,0.000656250,0.000640625,0.000656250,0.000687500,0.000625000,0.000656250,16
1765344456.8912811,2025-12-10 13:27:36,-0.000500000,-0.000500000,-0.000500000,0.000000000,0.000000000,-0.000500000,16,-0.000125000,0.000000000,0.000000000,0.000000000,0.000000000,-0.000125000,16,0.000898438,0.000906250,0.000906250,0.000875000,0.000875000,0.000898438,16,0.000625000,0.000625000,0.000625000,0.000625000,0.000625000,0.000625000,16,0.000773438,0.000781250,0.000781250,0.000750000,0.000750000,0.000773438,16,0.000484375,0.000484375,0.000500000,0.000500000,0.000500000,0.000484375,16,0.000664063,0.000671875,0.000656250,0.000687500,0.000625000,0.000664063,16,0.000593750,0.000593750,0.000593750,0.000562500,0.000500000,0.000593750,16
1765344467.7358387,2025-12-10 13:27:47,-0.000625000,-0.000750000,-0.000500000,-0.001000000,0.000000000,-0.000625000,16,-0.000250000,-0.000250000,0.000000000,0.000000000,0.000000000,-0.000250000,16,0.000945312,0.000953125,0.000937500,0.000937500,0.001000000,0.000945312,16,0.000687500,0.000703125,0.000687500,0.000687500,0.000625000,0.000687500,16,0.000898438,0.000890625,0.000906250,0.000937500,0.000875000,0.000898438,16,0.000625000,0.000625000,0.000625000,0.000625000,0.000625000,0.000625000,16,0.000773438,0.000765625,0.000750000,0.000750000,0.000750000,0.000773438,16,0.000867188,0.000859375,0.000875000,0.000875000,0.000875000,0.000867188,16
1765344478.582191,2025-12-10 13:27:58,-0.000625000,-0.000500000,-0.000500000,-0.001000000,0.000000000,-0.000625000,16,-0.000125000,-0.000250000,0.000000000,0.000000000,0.000000000,-0.000125000,16,0.000898438,0.000906250,0.000906250,0.000875000,0.000875000,0.000898438,16,0.000656250,0.000656250,0.000625000,0.000687500,0.000625000,0.000656250,16,0.000843750,0.000843750,0.000843750,0.000812500,0.000875000,0.000843750,16,0.000585937,0.000578125,0.000562500,0.000562500,0.000625000,0.000585937,16,0.000734375,0.000734375,0.000750000,0.000750000,0.000750000,0.000734375,16,0.000867188,0.000859375,0.000875000,0.000875000,0.000875000,0.000867188,16
1765344489.426382,2025-12-10 13:28:09,-0.000500000,-0.000500000,-0.000500000,0.000000000,0.000000000,-0.000500000,16,-0.000125000,-0.000250000,0.000000000,0.000000000,0.000000000,-0.000125000,16,0.000789063,0.000796875,0.000781250,0.000750000,0.000750000,0.000789063,16,0.000531250,0.000531250,0.000531250,0.000562500,0.000500000,0.000531250,16,0.000765625,0.000765625,0.000750000,0.000750000,0.000750000,0.000765625,16,0.000429688,0.000437500,0.000437500,0.000437500,0.000375000,0.000429688,16,0.000593750,0.000593750,0.000593750,0.000562500,0.000625000,0.000593750,16,0.000609375,0.000609375,0.000593750,0.000625000,0.000625000,0.000609375,16
1765344500.2700129,2025-12-10 13:28:20,-0.000375000,-0.000500000,-0.000500000,0.000000000,0.000000000,-0.000375000,16,0.000000000,0.000000000,0.000000000,0.000000000,0.000000000,0.000000000,16,0.000742188,0.000750000,0.000750000,0.000750000,0.000750000,0.000742188,16,0.000414062,0.000421875,0.000437500,0.000437500,0.000375000,0.000414062,16,0.000484375,0.000500000,0.000500000,0.000500000,0.000500000,0.000484375,16,0.000296875,0.000296875,0.000312500,0.000312500,0.000250000,0.000296875,16,0.000585937,0.000578125,0.000593750,0.000562500,0.000625000,0.000585937,16,0.000671875,0.000671875,0.000656250,0.000687500,0.000625000,0.000671875,16
1765344511.1165128,2025-12-10 13:28:31,-0.000375000,-0.000500000,-0.000500000,0.000000000,0.000000000,-0.000375000,16,0.000000000,0.000000000,0.000000000,0.000000000,0.000000000,0.000000000,16,0.000640625,0.000640625,0.000625000,0.000625000,0.000625000,0.000640625,16,0.000320313,0.000015625,0.000250000,0.000125000,0.000250000,0.000320313,16,0.000203125,0.000203125,0.000187500,0.000187500,0.000125000,0.000203125,16,0.000109375,0.000109375,0.000093750,0.000125000,0.000125000,0.000109375,16,0.000585937,0.000593750,0.000593750,0.000562500,0.000625000,0.000585937,16,0.000390625,0.000390625,0.000406250,0.000375000,0.000375000,0.000390625,16
1765344521.9609613,2025-12-10 13:28:41,-0.000500000,-0.000500000,-0.000500000,0.000000000,0.000000000,-0.000500000,16,0.000000000,0.000000000,0.000000000,0.000000000,0.000000000,0.000000000,16,0.000835937,0.000828125,0.000843750,0.000812500,0.000875000,0.000835937,16,0.000375000,0.000375000,0.000375000,0.000375000,0.000375000,0.000375000,16,0.000695312,0.000703125,0.000687500,0.000687500,0.000625000,0.000695312,16,0.000398438,0.000390625,0.000375000,0.000375000,0.000375000,0.000398438,16,0.000617188,0.000609375,0.000625000,0.000625000,0.000625000,0.000617188,16,0.000562500,0.000578125,0.000562500,0.000562500,0.000500000,0.000562500,16
1765344532.8034403,2025-12-10 13:28:52,-0.000625000,-0.000500000,-0.000500000,-0.001000000,0.000000000,-0.000625000,16,-0.000125000,-0.000250000,0.000000000,0.000000000,0.000000000,-0.000125000,16,0.000937500,0.000937500,0.000937500,0.000937500,0.001000000,0.000937500,16,0.000656250,0.000671875,0.000656250,0.000625000,0.000625000,0.000656250,16,0.000835937,0.000828125,0.000812500,0.000812500,0.000750000,0.000835937,16,0.000562500,0.000562500,0.000531250,0.000562500,0.000500000,0.000562500,16,0.000718750,0.000734375,0.000718750,0.000687500,0.000750000,0.000718750,16,0.000851562,0.000843750,0.000843750,0.000812500,0.000875000,0.000851562,16
1765344543.6466553,2025-12-10 13:29:03,-0.000375000,-0.000500000,-0.000500000,0.000000000,0.000000000,-0.000375000,16,0.000125000,0.000000000,0.000000000,0.000000000,0.000000000,0.000125000,16,0.000820312,0.000812500,0.000812500,0.000812500,0.000750000,0.000820312,16,0.000414062,0.000406250,0.000406250,0.000437500,0.000375000,0.000414062,16,0.000710937,0.000703125,0.000718750,0.000750000,0.000625000,0.000710937,16,0.000312500,0.000328125,0.000312500,0.000312500,0.000375000,0.000312500,16,0.000546875,0.000546875,0.000531250,0.000562500,0.000500000,0.000546875,16,0.000546875,0.000546875,0.000531250,0.000562500,0.000625000,0.000546875,16
1765344554.4920354,2025-12-10 13:29:14,-0.000500000,-0.000500000,-0.000500000,0.000000000,0.000000000,-0.000500000,16,0.000000000,0.000000000,0.000000000,0.000000000,0.000000000,0.000000000,16,0.000796875,0.000781250,0.000781250,0.000812500,0.000750000,0.000796875,16,0.000343750,0.000343750,0.000343750,0.000312500,0.000375000,0.000343750,16,0.000609375,0.000609375,0.000625000,0.000625000,0.000625000,0.000609375,16,0.000359375,0.000359375,0.000343750,0.000375000,0.000375000,0.000359375,16,0.000601562,0.000609375,0.000593750,0.000625000,0.000625000,0.000601562,16,0.000570312,0.000578125,0.000562500,0.000562500,0.000625000,0.000570312,16
1765344565.3379874,2025-12-10 13:29:25,-0.000500000,-0.000500000,-0.000500000,-0.001000000,0.000000000,-0.000500000,16,-0.000125000,0.000000000,0.000000000,0.000000000,0.000000000,-0.000125000,16,0.000757813,0.000750000,0.000750000,0.000750000,0.000750000,0.000757813,16,0.000289062,0.000296875,0.000281250,0.000312500,0.000375000,0.000289062,16,0.000546875,0.000546875,0.000531250,0.000562500,0.000500000,0.000546875,16,0.000406250,0.000406250,0.000406250,0.000375000,0.000375000,0.000406250,16,0.000617188,0.000625000,0.000593750,0.000625000,0.000625000,0.000617188,16,0.000726562,0.000718750,0.000718750,0.000687500,0.000750000,0.000726562,16
1765344576.1843472,2025-12-10 13:29:36,-0.000500000,-0.000500000,-0.000500000,-0.001000000,0.000000000,-0.000500000,16,-0.000125000,-0.000250000,0.000000000,0.000000000,0.000000000,-0.000125000,16,0.000843750,0.000843750,0.000843750,0.000812500,0.000875000,0.000843750,16,0.000539063,0.000531250,0.000531250,0.000500000,0.000500000,0.000539063,16,0.000687500,0.000687500,0.000687500,0.000687500,0.000625000,0.000687500,16,0.000484375,0.000484375,0.000468750,0.000500000,0.000500000,0.000484375,16,0.000617188,0.000625000,0.000625000,0.000625000,0.000625000,0.000617188,16,0.000750000,0.000750000,0.000750000,0.000750000,0.000750000,0.000750000,16
1765344587.0275707,2025-12-10 13:29:47,-0.000500000,-0.000500000,-0.000500000,-0.001000000,0.000000000,-0.000500000,16,-0.000125000,-0.000250000,0.000000000,0.000000000,0.000000000,-0.000125000,16,0.000812500,0.000812500,0.000812500,0.000812500,0.000875000,0.000812500,16,0.000554688,0.000546875,0.000531250,0.000562500,0.000500000,0.000554688,16,0.000796875,0.000796875,0.000781250,0.000812500,0.000750000,0.000796875,16,0.000562500,0.000562500,0.000593750,0.000562500,0.000625000,0.000562500,16,0.000609375,0.000609375,0.000625000,0.000625000,0.000625000,0.000609375,16,0.000750000,0.000750000,0.000750000,0.000750000,0.000750000,0.000750000,16
1765344597.8745792,2025-12-10 13:29:57,-0.000500000,-0.000500000,-0.000500000,-0.001000000,0.000000000,-0.000500000,16,-0.000125000,-0.000250000,0.000000000,0.000000000,0.000000000,-0.000125000,16,0.000781250,0.000781250,0.000781250,0.000812500,0.000750000,0.000781250,16,0.000578125,0.000578125,0.000562500,0.000562500,0.000625000,0.000578125,16,0.000843750,0.000843750,0.000812500,0.000812500,0.000750000,0.000843750,16,0.000570312,0.000562500,0.000562500,0.000562500,0.000625000,0.000570312,16,0.000562500,0.000578125,0.000562500,0.000562500,0.000625000,0.000562500,16,0.000726562,0.000734375,0.000718750,0.000750000,0.000750000,0.000726562,16
1765344608.718835,2025-12-10 13:30:08,-0.000375000,-0.000500000,-0.000500000,0.000000000,0.000000000,-0.000375000,16,0.000000000,0.000000000,0.000000000,0.000000000,0.000000000,0.000000000,16,0.000718750,0.000718750,0.000718750,0.000750000,0.000750000,0.000718750,16,0.000445313,0.000453125,0.000437500,0.000437500,0.000375000,0.000445313,16,0.000617188,0.000625000,0.000625000,0.000625000,0.000625000,0.000617188,16,0.000359375,0.000359375,0.000375000,0.000375000,0.000375000,0.000359375,16,0.000492188,0.000484375,0.000500000,0.000437500,0.000500000,0.000492188,16,0.000570312,0.000578125,0.000562500,0.000562500,0.000500000,0.000570312,16
1765344619.5693307,2025-12-10 13:30:19,-0.000500000,-0.000500000,-0.000500000,-0.001000000,0.000000000,-0.000500000,16,-0.000125000,0.000000000,0.000000000,0.000000000,0.000000000,-0.000125000,16,0.000765625,0.000750000,0.000750000,0.000750000,0.000750000,0.000765625,16,0.000546875,0.000546875,0.000531250,0.000562500,0.000500000,0.000546875,16,0.000812500,0.000812500,0.000812500,0.000812500,0.000750000,0.000812500,16,0.000539063,0.000531250,0.000531250,0.000500000,0.000500000,0.000539063,16,0.000531250,0.000515625,0.000531250,0.000562500,0.000500000,0.000531250,16,0.000625000,0.000640625,0.000625000,0.000625000,0.000625000,0.000625000,16
1765344630.417937,2025-12-10 13:30:30,-0.000500000,-0.000500000,-0.000500000,0.000000000,0.000000000,-0.000500000,16,-0.000125000,-0.000250000,0.000000000,0.000000000,0.000000000,-0.000125000,16,0.000656250,0.000656250,0.000656250,0.000687500,0.000625000,0.000656250,16,0.000453125,0.000453125,0.000437500,0.000437500,0.000375000,0.000453125,16,0.000710937,0.000703125,0.000687500,0.000687500,0.000750000,0.000710937,16,0.000468750,0.000468750,0.000468750,0.000437500,0.000500000,0.000468750,16,0.000515625,0.000515625,0.000500000,0.000500000,0.000500000,0.000515625,16,0.000640625,0.000640625,0.000656250,0.000625000,0.000625000,0.000640625,16
1765344641.2636526,2025-12-10 13:30:41,-0.000500000,-0.000500000,-0.000500000,0.000000000,0.000000000,-0.000500000,16,0.000000000,0.000000000,0.000000000,0.000000000,0.000000000,0.000000000,16,0.000671875,0.000671875,0.000687500,0.000687500,0.000750000,0.000671875,16,0.000484375,0.000500000,0.000468750,0.000500000,0.000500000,0.000484375,16,0.000687500,0.000687500,0.000687500,0.000687500,0.000625000,0.000687500,16,0.000453125,0.000453125,0.000437500,0.000437500,0.000500000,0.000453125,16,0.000445313,0.000437500,0.000437500,0.000437500,0.000375000,0.000445313,16,0.000507813,0.000515625,0.000500000,0.000500000,0.000500000,0.000507813,16
1765344652.1113696,2025-12-10 13:30:52,-0.000375000,-0.000500000,-0.000500000,0.000000000,0.000000000,-0.000375000,16,0.000000000,0.000000000,0.000000000,0.000000000,0.000000000,0.000000000,16,0.000601562,0.000609375,0.000593750,0.000625000,0.000625000,0.000601562,16,0.000343750,0.000343750,0.000343750,0.000375000,0.000375000,0.000343750,16,0.000312500,0.000312500,0.000312500,0.000312500,0.000250000,0.000312500,16,0.000226563,0.000234375,0.000218750,0.000250000,0.000250000,0.000226563,16,0.000453125,0.000453125,0.000468750,0.000437500,0.000375000,0.000453125,16,0.000523438,0.000531250,0.000531250,0.000562500,0.000500000,0.000523438,16
1765344662.9564106,2025-12-10 13:31:02,-0.000250000,-0.000250000,-0.000500000,0.000000000,0.000000000,-0.000250000,16,0.000250000,0.000250000,0.000500000,0.000000000,0.000000000,0.000250000,16,0.000703125,0.000703125,0.000687500,0.000687500,0.000750000,0.000703125,16,0.000398438,0.000390625,0.000406250,0.000375000,0.000375000,0.000398438,16,0.000445313,0.000437500,0.000437500,0.000437500,0.000375000,0.000445313,16,0.000234375,0.000234375,0.000218750,0.000250000,0.000250000,0.000234375,16,0.000414062,0.000406250,0.000375000,0.000375000,0.000375000,0.000414062,16,0.000382813,0.000390625,0.000375000,0.000375000,0.000375000,0.000382813,16
1765344673.8007362,2025-12-10 13:31:13,-0.000375000,-0.000250000,-0.000500000,0.000000000,0.000000000,-0.000375000,16,0.000125000,0.000250000,0.000000000,0.000000000,0.000000000,0.000125000,16,0.000656250,0.000656250,0.000656250,0.000625000,0.000625000,0.000656250,16,0.000460938,0.000453125,0.000437500,0.000437500,0.000500000,0.000460938,16,0.000335938,0.000328125,0.000312500,0.000312500,0.000375000,0.000335938,16,0.000242187,0.000234375,0.000218750,0.000187500,0.000250000,0.000242187,16,0.000429688,0.000437500,0.000437500,0.000437500,0.000375000,0.000429688,16,0.000312500,0.000312500,0.000312500,0.000312500,0.000250000,0.000312500,16
1765344684.6460755,2025-12-10 13:31:24,-0.000375000,-0.000250000,-0.000500000,0.000000000,0.000000000,-0.000375000,16,0.000125000,0.000000000,0.000000000,0.000000000,0.000000000,0.000125000,16,0.000632813,0.000625000,0.000625000,0.000625000,0.000625000,0.000632813,16,0.000398438,0.000406250,0.000406250,0.000375000,0.000375000,0.000398438,16,0.000273438,0.000281250,0.000281250,0.000250000,0.000250000,0.000273438,16,0.000148437,0.000156250,0.000156250,0.000125000,0.000125000,0.000148437,16,0.000468750,0.000468750,0.000468750,0.000500000,0.000500000,0.000468750,16,0.000257813,0.000265625,0.000281250,0.000250000,0.000250000,0.000257813,16
1765344695.4919515,2025-12-10 13:31:35,-0.000375000,-0.000250000,-0.000500000,0.000000000,0.000000000,-0.000375000,16,0.000125000,0.000000000,0.000000000,0.000000000,0.000000000,0.000125000,16,0.000671875,0.000671875,0.000656250,0.000687500,0.000750000,0.000671875,16,0.000414062,0.000421875,0.000406250,0.000375000,0.000375000,0.000414062,16,0.000148437,0.000156250,0.000156250,0.000125000,0.000125000,0.000148437,16,0.000164063,0.000171875,0.000156250,0.000187500,0.000250000,0.000164063,16,0.000507813,0.000500000,0.000500000,0.000500000,0.000500000,0.000507813,16,0.000210937,0.000218750,0.000218750,0.000187500,0.000250000,0.000210937,16
1765344706.3360467,2025-12-10 13:31:46,-0.000375000,-0.000500000,-0.000500000,0.000000000,0.000000000,-0.000375000,16,0.000125000,0.000000000,0.000000000,0.000000000,0.000000000,0.000125000,16,0.000773438,0.000765625,0.000781250,0.000750000,0.000750000,0.000773438,16,0.000460938,0.000453125,0.000468750,0.000437500,0.000500000,0.000460938,16,0.000421875,0.000421875,0.000437500,0.000375000,0.000375000,0.000421875,16,0.000257813,0.000265625,0.000281250,0.000250000,0.000250000,0.000257813,16,0.000523438,0.000531250,0.000531250,0.000562500,0.000500000,0.000523438,16,0.000453125,0.000453125,0.000468750,0.000437500,0.000500000,0.000453125,16
1765344717.183293,2025-12-10 13:31:57,-0.000375000,-0.000500000,-0.000500000,0.000000000,0.000000000,-0.000375000,16,0.000000000,0.000000000,0.000000000,0.000000000,0.000000000,0.000000000,16,0.000726562,0.000734375,0.000718750,0.000750000,0.000750000,0.000726562,16,0.000460938,0.000453125,0.000468750,0.000437500,0.000500000,0.000460938,16,0.000601562,0.000593750,0.000593750,0.000562500,0.000625000,0.000601562,16,0.000398438,0.000390625,0.000406250,0.000375000,0.000375000,0.000398438,16,0.000539063,0.000546875,0.000531250,0.000562500,0.000500000,0.000539063,16,0.000398438,0.000390625,0.000406250,0.000375000,0.000375000,0.000398438,16
1765344728.028338,2025-12-10 13:32:08,-0.000375000,-0.000250000,-0.000500000,0.000000000,0.000000000,-0.000375000,16,0.000125000,0.000000000,0.000000000,0.000000000,0.000000000,0.000125000,16,0.000726562,0.000734375,0.000718750,0.000750000,0.000750000,0.000726562,16,0.000445313,0.000437500,0.000437500,0.000437500,0.000375000,0.000445313,16,0.000562500,0.000562500,0.000562500,0.000562500,0.000500000,0.000562500,16,0.000328125,0.000328125,0.000343750,0.000312500,0.000375000,0.000328125,16,0.000500000,0.000500000,0.000500000,0.000500000,0.000500000,0.000500000,16,0.000390625,0.000390625,0.000406250,0.000375000,0.000375000,0.000390625,16
1765344738.8720398,2025-12-10 13:32:18,-0.000375000,-0.000500000,-0.000500000,0.000000000,0.000000000,-0.000375000,16,0.000000000,0.000000000,0.000000000,0.000000000,0.000000000,0.000000000,16,0.000773438,0.000765625,0.000781250,0.000750000,0.000750000,0.000773438,16,0.000312500,0.000421875,0.000406250,0.000437500,0.000375000,0.000312500,16,0.000570312,0.000578125,0.000562500,0.000562500,0.000625000,0.000570312,16,0.000382813,0.000375000,0.000375000,0.000375000,0.000375000,0.000382813,16,0.000515625,0.000515625,0.000500000,0.000500000,0.000500000,0.000515625,16,0.000507813,0.000531250,0.000500000,0.000500000,0.000500000,0.000507813,16
1765344749.7185805,2025-12-10 13:32:29,-0.000375000,-0.000250000,-0.000500000,0.000000000,0.000000000,-0.000375000,16,0.000000000,0.000000000,0.000000000,0.000000000,0.000000000,0.000000000,16,0.000726562,0.000718750,0.000718750,0.000687500,0.000750000,0.000726562,16,0.000367188,0.000359375,0.000375000,0.000375000,0.000375000,0.000367188,16,0.000562500,0.000562500,0.000562500,0.000562500,0.000500000,0.000562500,16,0.000367188,0.000359375,0.000375000,0.000375000,0.000375000,0.000367188,16,0.000484375,0.000484375,0.000500000,0.000500000,0.000500000,0.000484375,16,0.000523438,0.000515625,0.000531250,0.000500000,0.000500000,0.000523438,16
1765344760.5646353,2025-12-10 13:32:40,-0.000375000,-0.000500000,-0.000500000,0.000000000,0.000000000,-0.000375000,16,0.000000000,0.000000000,0.000000000,0.000000000,0.000000000,0.000000000,16,0.000703125,0.000703125,0.000687500,0.000687500,0.000750000,0.000703125,16,0.000398438,0.000406250,0.000406250,0.000375000,0.000375000,0.000398438,16,0.000593750,0.000609375,0.000593750,0.000625000,0.000625000,0.000593750,16,0.000375000,0.000375000,0.000375000,0.000375000,0.000375000,0.000375000,16,0.000484375,0.000484375,0.000468750,0.000500000,0.000500000,0.000484375,16,0.000492188,0.000484375,0.000500000,0.000500000,0.000500000,0.000492188,16
1765344771.410738,2025-12-10 13:32:51,-0.000375000,-0.000500000,-0.000500000,0.000000000,0.000000000,-0.000375000,16,-0.000125000,0.000000000,0.000000000,0.000000000,0.000000000,-0.000125000,16,0.000710937,0.000703125,0.000718750,0.000687500,0.000750000,0.000710937,16,0.000515625,0.000515625,0.000531250,0.000562500,0.000500000,0.000515625,16,0.000632813,0.000640625,0.000625000,0.000625000,0.000625000,0.000632813,16,0.000429688,0.000421875,0.000437500,0.000437500,0.000375000,0.000429688,16,0.000507813,0.000515625,0.000500000,0.000500000,0.000500000,0.000507813,16,0.000531250,0.000531250,0.000531250,0.000500000,0.000500000,0.000531250,16
1765344782.254792,2025-12-10 13:33:02,-0.000375000,-0.000500000,-0.000500000,0.000000000,0.000000000,-0.000375000,16,-0.000125000,-0.000250000,0.000000000,0.000000000,0.000000000,-0.000125000,16,0.000742188,0.000734375,0.000718750,0.000750000,0.000750000,0.000742188,16,0.000570312,0.000562500,0.000562500,0.000562500,0.000500000,0.000570312,16,0.000710937,0.000703125,0.000718750,0.000687500,0.000625000,0.000710937,16,0.000460938,0.000453125,0.000468750,0.000437500,0.000500000,0.000460938,16,0.000507813,0.000500000,0.000500000,0.000500000,0.000500000,0.000507813,16,0.000585937,0.000609375,0.000593750,0.000625000,0.000625000,0.000585937,16
1765344793.1001737,2025-12-10 13:33:13,-0.000375000,-0.000500000,-0.000500000,0.000000000,0.000000000,-0.000375000,16,0.000000000,0.000000000,0.000000000,0.000000000,0.000000000,0.000000000,16,0.000625000,0.000625000,0.000625000,0.000625000,0.000625000,0.000625000,16,0.000304687,0.000312500,0.000312500,0.000312500,0.000250000,0.000304687,16,0.000375000,0.000390625,0.000406250,0.000375000,0.000375000,0.000375000,16,0.000273438,0.000265625,0.000281250,0.000312500,0.000250000,0.000273438,16,0.000406250,0.000406250,0.000406250,0.000375000,0.000375000,0.000406250,16,0.000375000,0.000375000,0.000375000,0.000375000,0.000375000,0.000375000,16
1765344803.9463506,2025-12-10 13:33:23,-0.000250000,-0.000250000,0.000000000,0.000000000,0.000000000,-0.000250000,16,0.000250000,0.000250000,0.000500000,0.000000000,0.000000000,0.000250000,16,0.000562500,0.000578125,0.000562500,0.000562500,0.000625000,0.000562500,16,0.000281250,0.000296875,0.000281250,0.000312500,0.000250000,0.000281250,16,0.000070313,0.000078125,0.000093750,0.000062500,0.000125000,0.000070313,16,0.000140625,0.000140625,0.000156250,0.000125000,0.000125000,0.000140625,16,0.000367188,0.000359375,0.000343750,0.000375000,0.000375000,0.000367188,16,0.000265625,0.000265625,0.000281250,0.000312500,0.000250000,0.000265625,16
1765344814.7918456,2025-12-10 13:33:34,-0.000375000,-0.000500000,-0.000500000,0.000000000,0.000000000,-0.000375000,16,0.000000000,0.000000000,0.000000000,0.000000000,0.000000000,0.000000000,16,0.000695312,0.000687500,0.000687500,0.000687500,0.000625000,0.000695312,16,0.000015625,0.000015625,0.000062500,0.000250000,0.000250000,0.000015625,16,0.000500000,0.000500000,0.000500000,0.000500000,0.000500000,0.000500000,16,0.000320313,0.000312500,0.000312500,0.000312500,0.000375000,0.000320313,16,0.000429688,0.000437500,0.000437500,0.000437500,0.000375000,0.000429688,16,0.000304687,0.000312500,0.000312500,0.000312500,0.000250000,0.000304687,16
1765344825.6396732,2025-12-10 13:33:45,-0.000250000,-0.000250000,-0.000500000,0.000000000,0.000000000,-0.000250000,16,0.000125000,0.000000000,0.000000000,0.000000000,0.000000000,0.000125000,16,0.000648438,0.000640625,0.000625000,0.000625000,0.000625000,0.000648438,16,0.000273438,0.000281250,0.000281250,0.000312500,0.000250000,0.000273438,16,0.000429688,0.000437500,0.000437500,0.000437500,0.000500000,0.000429688,16,0.000273438,0.000265625,0.000250000,0.000250000,0.000250000,0.000273438,16,0.000398438,0.000406250,0.000406250,0.000375000,0.000375000,0.000398438,16,0.000343750,0.000343750,0.000343750,0.000375000,0.000375000,0.000343750,16
1765344836.487125,2025-12-10 13:33:56,-0.000375000,-0.000500000,-0.000500000,0.000000000,0.000000000,-0.000375000,16,0.000000000,0.000000000,0.000000000,0.000000000,0.000000000,0.000000000,16,0.000648438,0.000640625,0.000625000,0.000625000,0.000625000,0.000648438,16,0.000382813,0.000390625,0.000375000,0.000375000,0.000375000,0.000382813,16,0.000523438,0.000515625,0.000531250,0.000500000,0.000500000,0.000523438,16,0.000375000,0.000375000,0.000375000,0.000375000,0.000375000,0.000375000,16,0.000437500,0.000437500,0.000437500,0.000437500,0.000500000,0.000437500,16,0.000476562,0.000484375,0.000468750,0.000500000,0.000500000,0.000476562,16
1765344847.3371046,2025-12-10 13:34:07,-0.000250000,-0.000250000,0.000000000,0.000000000,0.000000000,-0.000250000,16,0.000125000,0.000000000,0.000000000,0.000000000,0.000000000,0.000125000,16,0.000523438,0.000515625,0.000531250,0.000500000,0.000500000,0.000523438,16,0.000242187,0.000250000,0.000250000,0.000250000,0.000250000,0.000242187,16,0.000304687,0.000296875,0.000312500,0.000312500,0.000375000,0.000304687,16,0.000226563,0.000234375,0.000218750,0.000250000,0.000250000,0.000226563,16,0.000351562,0.000343750,0.000343750,0.000375000,0.000375000,0.000351562,16,0.000242187,0.000234375,0.000250000,0.000250000,0.000250000,0.000242187,16
1765344858.1848226,2025-12-10 13:34:18,-0.000250000,-0.000250000,-0.000500000,0.000000000,0.000000000,-0.000250000,16,0.000000000,0.000000000,0.000000000,0.000000000,0.000000000,0.000000000,16,0.000585937,0.000593750,0.000593750,0.000625000,0.000625000,0.000585937,16,0.000375000,0.000390625,0.000375000,0.000375000,0.000375000,0.000375000,16,0.000257813,0.000265625,0.000250000,0.000250000,0.000250000,0.000257813,16,0.000210937,0.000203125,0.000218750,0.000250000,0.000250000,0.000210937,16,0.000398438,0.000406250,0.000406250,0.000375000,0.000375000,0.000398438,16,0.000273438,0.000250000,0.000281250,0.000250000,0.000250000,0.000273438,16
1765344869.0314643,2025-12-10 13:34:29,-0.000125000,-0.000250000,0.000000000,0.000000000,0.000000000,-0.000125000,16,0.000250000,0.000250000,0.000500000,0.000000000,0.000000000,0.000250000,16,0.000632813,0.000640625,0.000625000,0.000625000,0.000625000,0.000632813,16,0.000281250,0.000281250,0.000281250,0.000312500,0.000250000,0.000281250,16,0.000289062,0.000281250,0.000281250,0.000312500,0.000250000,0.000289062,16,0.000195313,0.000187500,0.000187500,0.000187500,0.000250000,0.000195313,16,0.000320313,0.000328125,0.000312500,0.000312500,0.000250000,0.000320313,16,0.000179687,0.000171875,0.000187500,0.000187500,0.000250000,0.000179687,16
1765344879.8809946,2025-12-10 13:34:39,-0.000125000,-0.000250000,0.000000000,0.000000000,0.000000000,-0.000125000,16,0.000375000,0.000500000,0.000500000,0.000000000,0.000000000,0.000375000,16,0.000640625,0.000640625,0.000656250,0.000625000,0.000625000,0.000640625,16,0.000406250,0.000406250,0.000406250,0.000375000,0.000375000,0.000406250,16,0.000179687,0.000171875,0.000187500,0.000187500,0.000250000,0.000179687,16,0.000125000,0.000125000,0.000125000,0.000125000,0.000125000,0.000125000,16,0.000406250,0.000406250,0.000406250,0.000437500,0.000375000,0.000406250,16,0.000234375,0.000234375,0.000250000,0.000250000,0.000250000,0.000234375,16
1765344890.7247126,2025-12-10 13:34:50,-0.000250000,-0.000250000,-0.000500000,0.000000000,0.000000000,-0.000250000,16,0.000125000,0.000000000,0.000000000,0.000000000,0.000000000,0.000125000,16,0.000648438,0.000640625,0.000625000,0.000625000,0.000625000,0.000648438,16,0.000437500,0.000437500,0.000437500,0.000437500,0.000500000,0.000437500,16,0.000382813,0.000390625,0.000375000,0.000375000,0.000375000,0.000382813,16,0.000273438,0.000265625,0.000281250,0.000250000,0.000250000,0.000273438,16,0.000406250,0.000390625,0.000406250,0.000375000,0.000375000,0.000406250,16,0.000289062,0.000281250,0.000281250,0.000312500,0.000250000,0.000289062,16
1765344901.570668,2025-12-10 13:35:01,-0.000375000,-0.000500000,-0.000500000,0.000000000,0.000000000,-0.000375000,16,0.000000000,0.000000000,0.000000000,0.000000000,0.000000000,0.000000000,16,0.000648438,0.000640625,0.000656250,0.000625000,0.000750000,0.000648438,16,0.000429688,0.000421875,0.000437500,0.000437500,0.000375000,0.000429688,16,0.000414062,0.000406250,0.000406250,0.000375000,0.000375000,0.000414062,16,0.000257813,0.000250000,0.000250000,0.000250000,0.000250000,0.000257813,16,0.000476562,0.000468750,0.000468750,0.000500000,0.000500000,0.000476562,16,0.000429688,0.000421875,0.000437500,0.000437500,0.000375000,0.000429688,16
1765344912.4184356,2025-12-10 13:35:12,-0.000375000,-0.000250000,-0.000500000,0.000000000,0.000000000,-0.000375000,16,0.000000000,0.000000000,0.000000000,0.000000000,0.000000000,0.000000000,16,0.000609375,0.000609375,0.000625000,0.000625000,0.000625000,0.000609375,16,0.000296875,0.000296875,0.000281250,0.000250000,0.000375000,0.000296875,16,0.000382813,0.000375000,0.000375000,0.000375000,0.000375000,0.000382813,16,0.000164063,0.000156250,0.000156250,0.000125000,0.000125000,0.000164063,16,0.000390625,0.000390625,0.000375000,0.000375000,0.000375000,0.000390625,16,0.000265625,0.000265625,0.000250000,0.000250000,0.000250000,0.000265625,16
1765344923.2621555,2025-12-10 13:35:23,-0.000250000,-0.000250000,0.000000000,0.000000000,0.000000000,-0.000250000,16,0.000125000,0.000250000,0.000000000,0.000000000,0.000000000,0.000125000,16,0.000585937,0.000578125,0.000593750,0.000562500,0.000500000,0.000585937,16,0.000398438,0.000390625,0.000406250,0.000375000,0.000375000,0.000398438,16,0.000359375,0.000359375,0.000343750,0.000375000,0.000375000,0.000359375,16,0.000257813,0.000250000,0.000250000,0.000250000,0.000250000,0.000257813,16,0.000351562,0.000359375,0.000343750,0.000375000,0.000375000,0.000351562,16,0.000195313,0.000203125,0.000187500,0.000187500,0.000125000,0.000195313,16
1765344934.1091034,2025-12-10 13:35:34,-0.000250000,-0.000250000,0.000000000,0.000000000,0.000000000,-0.000250000,16,0.000125000,0.000250000,0.000000000,0.000000000,0.000000000,0.000125000,16,0.000578125,0.000562500,0.000562500,0.000562500,0.000500000,0.000578125,16,0.000320313,0.000328125,0.000312500,0.000312500,0.000375000,0.000320313,16,0.000187500,0.000187500,0.000187500,0.000187500,0.000125000,0.000187500,16,0.000109375,0.000109375,0.000093750,0.000125000,0.000125000,0.000109375,16,0.000367188,0.000359375,0.000375000,0.000375000,0.000375000,0.000367188,16,0.000195313,0.000187500,0.000187500,0.000187500,0.000125000,0.000195313,16
1765344944.9539385,2025-12-10 13:35:44,-0.000375000,-0.000500000,-0.000500000,0.000000000,0.000000000,-0.000375000,16,0.000000000,0.000000000,0.000000000,0.000000000,0.000000000,0.000000000,16,0.000640625,0.000640625,0.000656250,0.000687500,0.000625000,0.000640625,16,0.000476562,0.000468750,0.000468750,0.000500000,0.000500000,0.000476562,16,0.000445313,0.000437500,0.000437500,0.000500000,0.000500000,0.000445313,16,0.000320313,0.000328125,0.000312500,0.000312500,0.000250000,0.000320313,16,0.000453125,0.000468750,0.000437500,0.000437500,0.000500000,0.000453125,16,0.000414062,0.000421875,0.000406250,0.000375000,0.000375000,0.000414062,16
1765344955.8007436,2025-12-10 13:35:55,-0.000375000,-0.000500000,-0.000500000,0.000000000,0.000000000,-0.000375000,16,-0.000125000,0.000000000,0.000000000,0.000000000,0.000000000,-0.000125000,16,0.000632813,0.000640625,0.000656250,0.000625000,0.000625000,0.000632813,16,0.000414062,0.000406250,0.000406250,0.000437500,0.000375000,0.000414062,16,0.000468750,0.000468750,0.000468750,0.000500000,0.000500000,0.000468750,16,0.000359375,0.000359375,0.000343750,0.000375000,0.000375000,0.000359375,16,0.000492188,0.000484375,0.000500000,0.000500000,0.000500000,0.000492188,16,0.000539063,0.000546875,0.000531250,0.000562500,0.000500000,0.000539063,16
1765344966.6471972,2025-12-10 13:36:06,-0.000375000,-0.000250000,-0.000500000,0.000000000,0.000000000,-0.000375000,16,0.000000000,0.000000000,0.000000000,0.000000000,0.000000000,0.000000000,16,0.000578125,0.000578125,0.000593750,0.000562500,0.000625000,0.000578125,16,0.000375000,0.000375000,0.000375000,0.000375000,0.000375000,0.000375000,16,0.000460938,0.000468750,0.000468750,0.000500000,0.000500000,0.000460938,16,0.000320313,0.000312500,0.000312500,0.000312500,0.000375000,0.000320313,16,0.000460938,0.000453125,0.000468750,0.000437500,0.000500000,0.000460938,16,0.000468750,0.000468750,0.000468750,0.000500000,0.000500000,0.000468750,16
1765344977.4945831,2025-12-10 13:36:17,-0.000250000,-0.000250000,0.000000000,0.000000000,0.000000000,-0.000250000,16,0.000000000,0.000000000,0.000000000,0.000000000,0.000000000,0.000000000,16,0.000507813,0.000515625,0.000531250,0.000500000,0.000500000,0.000507813,16,0.000171875,0.000171875,0.000156250,0.000187500,0.000125000,0.000171875,16,0.000304687,0.000312500,0.000312500,0.000312500,0.000250000,0.000304687,16,0.000132813,0.000140625,0.000156250,0.000125000,0.000125000,0.000132813,16,0.000367188,0.000375000,0.000375000,0.000375000,0.000375000,0.000367188,16,0.000367188,0.000359375,0.000375000,0.000312500,0.000375000,0.000367188,16
1765344988.3398225,2025-12-10 13:36:28,-0.000250000,-0.000250000,-0.000500000,0.000000000,0.000000000,-0.000250000,16,0.000000000,0.000000000,0.000000000,0.000000000,0.000000000,0.000000000,16,0.000578125,0.000578125,0.000562500,0.000562500,0.000500000,0.000578125,16,0.000265625,0.000265625,0.000281250,0.000250000,0.000250000,0.000265625,16,0.000460938,0.000468750,0.000468750,0.000437500,0.000500000,0.000460938,16,0.000289062,0.000296875,0.000312500,0.000312500,0.000375000,0.000289062,16,0.000382813,0.000390625,0.000375000,0.000375000,0.000375000,0.000382813,16,0.000304687,0.000312500,0.000312500,0.000312500,0.000375000,0.000304687,16
1765344999.1835086,2025-12-10 13:36:39,-0.000250000,-0.000250000,-0.000500000,0.000000000,0.000000000,-0.000250000,16,0.000000000,0.000000000,0.000000000,0.000000000,0.000000000,0.000000000,16,0.000484375,0.000500000,0.000500000,0.000500000,0.000500000,0.000484375,16,0.000289062,0.000296875,0.000281250,0.000250000,0.000250000,0.000289062,16,0.000406250,0.000421875,0.000406250,0.000375000,0.000375000,0.000406250,16,0.000234375,0.000234375,0.000218750,0.000187500,0.000250000,0.000234375,16,0.000375000,0.000375000,0.000375000,0.000375000,0.000375000,0.000375000,16,0.000359375,0.000359375,0.000343750,0.000375000,0.000375000,0.000359375,16
1765345010.0287826,2025-12-10 13:36:50,-0.000375000,-0.000250000,-0.000500000,0.000000000,0.000000000,-0.000375000,16,0.000000000,0.000000000,0.000000000,0.000000000,0.000000000,0.000000000,16,0.000507813,0.000515625,0.000500000,0.000500000,0.000500000,0.000507813,16,0.000296875,0.000312500,0.000312500,0.000312500,0.000250000,0.000296875,16,0.000429688,0.000437500,0.000437500,0.000437500,0.000375000,0.000429688,16,0.000312500,0.000312500,0.000312500,0.000312500,0.000375000,0.000312500,16,0.000414062,0.000406250,0.000406250,0.000375000,0.000375000,0.000414062,16,0.000437500,0.000437500,0.000437500,0.000437500,0.000500000,0.000437500,16
1765345020.8749654,2025-12-10 13:37:00,-0.000375000,-0.000500000,-0.000500000,0.000000000,0.000000000,-0.000375000,16,-0.000125000,-0.000250000,0.000000000,0.000000000,0.000000000,-0.000125000,16,0.000515625,0.000515625,0.000531250,0.000562500,0.000500000,0.000515625,16,0.000328125,0.000328125,0.000312500,0.000312500,0.000250000,0.000328125,16,0.000562500,0.000562500,0.000562500,0.000562500,0.000500000,0.000562500,16,0.000281250,0.000296875,0.000281250,0.000312500,0.000250000,0.000281250,16,0.000359375,0.000359375,0.000375000,0.000375000,0.000375000,0.000359375,16,0.000304687,0.000312500,0.000312500,0.000312500,0.000250000,0.000304687,16
1765345031.720294,2025-12-10 13:37:11,-0.000250000,-0.000250000,-0.000500000,0.000000000,0.000000000,-0.000250000,16,0.000000000,0.000000000,0.000000000,0.000000000,0.000000000,0.000000000,16,0.000500000,0.000500000,0.000500000,0.000500000,0.000500000,0.000500000,16,0.000296875,0.000296875,0.000312500,0.000312500,0.000250000,0.000296875,16,0.000484375,0.000484375,0.000468750,0.000500000,0.000500000,0.000484375,16,0.000304687,0.000296875,0.000281250,0.000312500,0.000375000,0.000304687,16,0.000398438,0.000390625,0.000375000,0.000437500,0.000375000,0.000398438,16,0.000468750,0.000468750,0.000468750,0.000500000,0.000500000,0.000468750,16
1765345042.5663877,2025-12-10 13:37:22,-0.000375000,-0.000500000,-0.000500000,0.000000000,0.000000000,-0.000375000,16,-0.000125000,-0.000250000,0.000000000,0.000000000,0.000000000,-0.000125000,16,0.000492188,0.000500000,0.000500000,0.000500000,0.000500000,0.000492188,16,0.000328125,0.000328125,0.000312500,0.000312500,0.000375000,0.000328125,16,0.000531250,0.000531250,0.000531250,0.000500000,0.000500000,0.000531250,16,0.000375000,0.000375000,0.000375000,0.000375000,0.000375000,0.000375000,16,0.000429688,0.000421875,0.000437500,0.000437500,0.000375000,0.000429688,16,0.000515625,0.000515625,0.000531250,0.000500000,0.000500000,0.000515625,16
1765345053.411908,2025-12-10 13:37:33,-0.000375000,-0.000250000,-0.000500000,0.000000000,0.000000000,-0.000375000,16,0.000000000,0.000000000,0.000000000,0.000000000,0.000000000,0.000000000,16,0.000367188,0.000359375,0.000375000,0.000375000,0.000375000,0.000367188,16,0.000218750,0.000218750,0.000218750,0.000250000,0.000250000,0.000218750,16,0.000429688,0.000421875,0.000406250,0.000437500,0.000375000,0.000429688,16,0.000289062,0.000281250,0.000281250,0.000250000,0.000250000,0.000289062,16,0.000335938,0.000328125,0.000343750,0.000312500,0.000375000,0.000335938,16,0.000375000,0.000375000,0.000375000,0.000375000,0.000500000,0.000375000,16
1765345064.2597575,2025-12-10 13:37:44,-0.000250000,-0.000250000,0.000000000,0.000000000,0.000000000,-0.000250000,16,0.000125000,0.000000000,0.000000000,0.000000000,0.000000000,0.000125000,16,0.000398438,0.000390625,0.000375000,0.000375000,0.000500000,0.000398438,16,0.000156250,0.000171875,0.000156250,0.000125000,0.000250000,0.000156250,16,0.000187500,0.000187500,0.000187500,0.000187500,0.000250000,0.000187500,16,0.000132813,0.000125000,0.000125000,0.000187500,0.000125000,0.000132813,16,0.000304687,0.000312500,0.000312500,0.000312500,0.000375000,0.000304687,16,0.000210937,0.000203125,0.000218750,0.000187500,0.000250000,0.000210937,16
1765345075.1067636,2025-12-10 13:37:55,-0.000375000,-0.000500000,-0.000500000,0.000000000,0.000000000,-0.000375000,16,-0.000125000,0.000000000,0.000000000,0.000000000,0.000000000,-0.000125000,16,0.000484375,0.000484375,0.000500000,0.000500000,0.000500000,0.000484375,16,0.000328125,0.000328125,0.000312500,0.000312500,0.000375000,0.000328125,16,0.000484375,0.000484375,0.000500000,0.000500000,0.000500000,0.000484375,16,0.000351562,0.000359375,0.000343750,0.000375000,0.000375000,0.000351562,16,0.000429688,0.000421875,0.000437500,0.000437500,0.000375000,0.000429688,16,0.000468750,0.000468750,0.000468750,0.000437500,0.000500000,0.000468750,16
1765345085.9552789,2025-12-10 13:38:05,-0.000375000,-0.000250000,-0.000500000,0.000000000,0.000000000,-0.000375000,16,0.000000000,0.000000000,0.000000000,0.000000000,0.000000000,0.000000000,16,0.000476562,0.000468750,0.000468750,0.000437500,0.000500000,0.000476562,16,0.000296875,0.000296875,0.000312500,0.000312500,0.000375000,0.000296875,16,0.000312500,0.000328125,0.000312500,0.000312500,0.000250000,0.000312500,16,0.000257813,0.000265625,0.000250000,0.000250000,0.000250000,0.000257813,16,0.000406250,0.000406250,0.000406250,0.000375000,0.000375000,0.000406250,16,0.000375000,0.000390625,0.000375000,0.000375000,0.000375000,0.000375000,16
1765345096.802178,2025-12-10 13:38:16,-0.000375000,-0.000500000,-0.000500000,0.000000000,0.000000000,-0.000375000,16,-0.000125000,0.000000000,0.000000000,0.000000000,0.000000000,-0.000125000,16,0.000437500,0.000437500,0.000437500,0.000437500,0.000375000,0.000437500,16,0.000226563,0.000218750,0.000250000,0.000187500,0.000250000,0.000226563,16,0.000492188,0.000500000,0.000500000,0.000500000,0.000500000,0.000492188,16,0.000359375,0.000359375,0.000375000,0.000375000,0.000375000,0.000359375,16,0.000421875,0.000421875,0.000406250,0.000437500,0.000375000,0.000421875,16,0.000398438,0.000390625,0.000406250,0.000375000,0.000500000,0.000398438,16
1765345107.648334,2025-12-10 13:38:27,-0.000375000,-0.000500000,-0.000500000,0.000000000,0.000000000,-0.000375000,16,-0.000125000,0.000000000,0.000000000,0.000000000,0.000000000,-0.000125000,16,0.000421875,0.000421875,0.000437500,0.000437500,0.000375000,0.000421875,16,0.000257813,0.000265625,0.000250000,0.000250000,0.000250000,0.000257813,16,0.000476562,0.000484375,0.000468750,0.000437500,0.000500000,0.000476562,16,0.000312500,0.000312500,0.000312500,0.000312500,0.000250000,0.000312500,16,0.000406250,0.000406250,0.000406250,0.000375000,0.000500000,0.000406250,16,0.000421875,0.000421875,0.000406250,0.000437500,0.000375000,0.000421875,16
1765345118.4937978,2025-12-10 13:38:38,-0.000375000,-0.000500000,-0.000500000,0.000000000,0.000000000,-0.000375000,16,-0.000125000,0.000000000,0.000000000,0.000000000,0.000000000,-0.000125000,16,0.000328125,0.000328125,0.000312500,0.000312500,0.000375000,0.000328125,16,0.000007813,0.000000000,0.000000000,0.000000000,0.000000000,0.000007813,16,0.000187500,0.000187500,0.000187500,0.000187500,0.000125000,0.000187500,16,0.000140625,0.000140625,0.000125000,0.000125000,0.000125000,0.000140625,16,0.000398438,0.000406250,0.000406250,0.000375000,0.000375000,0.000398438,16,0.000460938,0.000468750,0.000437500,0.000500000,0.000375000,0.000460938,16
1765345129.3399644,2025-12-10 13:38:49,-0.000375000,-0.000500000,-0.000500000,-0.001000000,0.000000000,-0.000375000,16,-0.000125000,-0.000250000,0.000000000,0.000000000,0.000000000,-0.000125000,16,0.000468750,0.000453125,0.000468750,0.000437500,0.000500000,0.000468750,16,0.000265625,0.000265625,0.000281250,0.000312500,0.000250000,0.000265625,16,0.000382813,0.000390625,0.000375000,0.000375000,0.000375000,0.000382813,16,0.000296875,0.000296875,0.000312500,0.000312500,0.000375000,0.000296875,16,0.000460938,0.000468750,0.000468750,0.000500000,0.000500000,0.000460938,16,0.000500000,0.000500000,0.000500000,0.000500000,0.000500000,0.000500000,16
1765345140.1845481,2025-12-10 13:39:00,-0.000500000,-0.000500000,-0.000500000,-0.001000000,0.000000000,-0.000500000,16,-0.000125000,-0.000250000,0.000000000,0.000000000,0.000000000,-0.000125000,16,0.000476562,0.000468750,0.000468750,0.000500000,0.000500000,0.000476562,16,0.000328125,0.000328125,0.000312500,0.000312500,0.000375000,0.000328125,16,0.000500000,0.000500000,0.000500000,0.000500000,0.000500000,0.000500000,16,0.000367188,0.000359375,0.000375000,0.000375000,0.000375000,0.000367188,16,0.000507813,0.000500000,0.000500000,0.000500000,0.000500000,0.000507813,16,0.000546875,0.000546875,0.000531250,0.000562500,0.000500000,0.000546875,16
1765345151.0318842,2025-12-10 13:39:11,-0.000375000,-0.000500000,-0.000500000,0.000000000,0.000000000,-0.000375000,16,-0.000125000,0.000000000,0.000000000,0.000000000,0.000000000,-0.000125000,16,0.000421875,0.000421875,0.000406250,0.000437500,0.000500000,0.000421875,16,0.000242187,0.000234375,0.000250000,0.000250000,0.000250000,0.000242187,16,0.000437500,0.000437500,0.000437500,0.000437500,0.000375000,0.000437500,16,0.000328125,0.000328125,0.000312500,0.000375000,0.000375000,0.000328125,16,0.000484375,0.000484375,0.000468750,0.000500000,0.000500000,0.000484375,16,0.000460938,0.000468750,0.000468750,0.000500000,0.000500000,0.000460938,16
1765345161.8757906,2025-12-10 13:39:21,-0.000500000,-0.000500000,-0.000500000,0.000000000,0.000000000,-0.000500000,16,-0.000125000,-0.000250000,0.000000000,0.000000000,0.000000000,-0.000125000,16,0.000265625,0.000265625,0.000281250,0.000250000,0.000250000,0.000265625,16,-0.000085937,-0.000078125,-0.000093750,-0.000062500,0.000000000,-0.000085937,16,0.000109375,0.000109375,0.000125000,0.000125000,0.000125000,0.000109375,16,0.000156250,0.000156250,0.000156250,0.000187500,0.000125000,0.000156250,16,0.000492188,0.000484375,0.000500000,0.000500000,0.000500000,0.000492188,16,0.000531250,0.000531250,0.000531250,0.000562500,0.000500000,0.000531250,16
1765345172.7211344,2025-12-10 13:39:32,-0.000375000,-0.000500000,-0.000500000,0.000000000,0.000000000,-0.000375000,16,-0.000125000,-0.000250000,0.000000000,0.000000000,0.000000000,-0.000125000,16,0.000421875,0.000421875,0.000437500,0.000375000,0.000375000,0.000421875,16,0.000257813,0.000265625,0.000250000,0.000250000,0.000250000,0.000257813,16,0.000296875,0.000296875,0.000281250,0.000312500,0.000250000,0.000296875,16,0.000242187,0.000250000,0.000250000,0.000250000,0.000250000,0.000242187,16,0.000515625,0.000515625,0.000531250,0.000500000,0.000500000,0.000515625,16,0.000476562,0.000468750,0.000468750,0.000437500,0.000500000,0.000476562,16
1765345183.5657616,2025-12-10 13:39:43,-0.000500000,-0.000500000,-0.000500000,-0.001000000,0.000000000,-0.000500000,16,-0.000250000,-0.000250000,0.000000000,0.000000000,0.000000000,-0.000250000,16,0.000445313,0.000453125,0.000437500,0.000437500,0.000500000,0.000445313,16,0.000265625,0.000281250,0.000281250,0.000250000,0.000250000,0.000265625,16,0.000406250,0.000406250,0.000406250,0.000437500,0.000375000,0.000406250,16,0.000335938,0.000328125,0.000312500,0.000312500,0.000375000,0.000335938,16,0.000562500,0.000578125,0.000562500,0.000562500,0.000500000,0.000562500,16,0.000609375,0.000609375,0.000625000,0.000562500,0.000625000,0.000609375,16
1765345194.4085555,2025-12-10 13:39:54,-0.000375000,-0.000500000,-0.000500000,0.000000000,0.000000000,-0.000375000,16,-0.000125000,0.000000000,0.000000000,0.000000000,0.000000000,-0.000125000,16,0.000382813,0.000390625,0.000375000,0.000375000,0.000375000,0.000382813,16,0.000156250,0.000156250,0.000156250,0.000125000,0.000125000,0.000156250,16,0.000203125,0.000203125,0.000218750,0.000187500,0.000125000,0.000203125,16,0.000210937,0.000203125,0.000218750,0.000187500,0.000250000,0.000210937,16,0.000468750,0.000468750,0.000468750,0.000500000,0.000500000,0.000468750,16,0.000359375,0.000359375,0.000375000,0.000375000,0.000375000,0.000359375,16
1765345205.2513309,2025-12-10 13:40:05,-0.000500000,-0.000500000,-0.000500000,0.000000000,0.000000000,-0.000500000,16,-0.000125000,-0.000250000,0.000000000,0.000000000,0.000000000,-0.000125000,16,0.000226563,0.000234375,0.000218750,0.000250000,0.000250000,0.000226563,16,-0.000093750,-0.000109375,-0.000093750,-0.000062500,-0.000125000,-0.000093750,16,0.000101563,0.000093750,0.000093750,0.000125000,0.000125000,0.000101563,16,0.000109375,0.000109375,0.000093750,0.000125000,0.000125000,0.000109375,16,0.000507813,0.000515625,0.000531250,0.000500000,0.000500000,0.000507813,16,0.000468750,0.000484375,0.000468750,0.000437500,0.000500000,0.000468750,16
1765345216.0957189,2025-12-10 13:40:16,-0.000500000,-0.000500000,-0.000500000,0.000000000,0.000000000,-0.000500000,16,-0.000125000,0.000000000,0.000000000,0.000000000,0.000000000,-0.000125000,16,0.000429688,0.000437500,0.000437500,0.000437500,0.000375000,0.000429688,16,0.000218750,0.000218750,0.000218750,0.000187500,0.000250000,0.000218750,16,0.000328125,0.000312500,0.000312500,0.000312500,0.000250000,0.000328125,16,0.000296875,0.000296875,0.000281250,0.000312500,0.000250000,0.000296875,16,0.000523438,0.000531250,0.000531250,0.000500000,0.000500000,0.000523438,16,0.000492188,0.000484375,0.000468750,0.000500000,0.000375000,0.000492188,16
1765345226.9391375,2025-12-10 13:40:26,-0.000500000,-0.000500000,-0.000500000,-0.001000000,0.000000000,-0.000500000,16,-0.000125000,-0.000250000,0.000000000,0.000000000,0.000000000,-0.000125000,16,0.000351562,0.000359375,0.000343750,0.000375000,0.000375000,0.000351562,16,0.000093750,0.000093750,0.000093750,0.000125000,0.000125000,0.000093750,16,0.000203125,0.000203125,0.000187500,0.000187500,0.000250000,0.000203125,16,0.000218750,0.000218750,0.000218750,0.000187500,0.000250000,0.000218750,16,0.000546875,0.000546875,0.000562500,0.000562500,0.000625000,0.000546875,16,0.000546875,0.000546875,0.000562500,0.000562500,0.000500000,0.000546875,16
1765345237.7841618,2025-12-10 13:40:37,-0.000375000,-0.000500000,-0.000500000,0.000000000,0.000000000,-0.000375000,16,-0.000125000,0.000000000,0.000000000,0.000000000,0.000000000,-0.000125000,16,0.000359375,0.000359375,0.000343750,0.000375000,0.000375000,0.000359375,16,0.000117187,0.000109375,0.000093750,0.000125000,0.000125000,0.000117187,16,0.000109375,0.000093750,0.000093750,0.000062500,0.000125000,0.000109375,16,0.000156250,0.000156250,0.000156250,0.000187500,0.000125000,0.000156250,16,0.000507813,0.000515625,0.000500000,0.000500000,0.000500000,0.000507813,16,0.000367188,0.000375000,0.000375000,0.000375000,0.000375000,0.000367188,16
1765345248.6313581,2025-12-10 13:40:48,-0.000375000,-0.000500000,-0.000500000,0.000000000,0.000000000,-0.000375000,16,0.000000000,0.000000000,0.000000000,0.000000000,0.000000000,0.000000000,16,0.000296875,0.000296875,0.000281250,0.000312500,0.000250000,0.000296875,16,-0.000218750,-0.000218750,-0.000218750,-0.000187500,-0.000250000,-0.000218750,16,-0.000093750,-0.000093750,-0.000093750,-0.000125000,-0.000125000,-0.000093750,16,-0.000015625,-0.000015625,0.000000000,0.000000000,0.000000000,-0.000015625,16,0.000492188,0.000484375,0.000500000,0.000500000,0.000500000,0.000492188,16,0.000406250,0.000406250,0.000406250,0.000375000,0.000375000,0.000406250,16
1765345259.4788032,2025-12-10 13:40:59,-0.000500000,-0.000500000,-0.000500000,0.000000000,0.000000000,-0.000500000,16,-0.000250000,-0.000250000,0.000000000,0.000000000,0.000000000,-0.000250000,16,0.000414062,0.000421875,0.000406250,0.000375000,0.000375000,0.000414062,16,0.000203125,0.000203125,0.000218750,0.000187500,0.000250000,0.000203125,16,0.000328125,0.000328125,0.000312500,0.000312500,0.000375000,0.000328125,16,0.000328125,0.000328125,0.000343750,0.000312500,0.000250000,0.000328125,16,0.000570312,0.000562500,0.000562500,0.000562500,0.000625000,0.000570312,16,0.000445313,0.000453125,0.000437500,0.000437500,0.000375000,0.000445313,16
1765345270.32456,2025-12-10 13:41:10,-0.000500000,-0.000500000,-0.000500000,0.000000000,0.000000000,-0.000500000,16,-0.000125000,-0.000250000,0.000000000,0.000000000,0.000000000,-0.000125000,16,0.000421875,0.000421875,0.000406250,0.000375000,0.000375000,0.000421875,16,0.000171875,0.000171875,0.000156250,0.000187500,0.000125000,0.000171875,16,0.000250000,0.000250000,0.000250000,0.000250000,0.000250000,0.000250000,16,0.000242187,0.000250000,0.000250000,0.000250000,0.000250000,0.000242187,16,0.000507813,0.000515625,0.000500000,0.000500000,0.000500000,0.000507813,16,0.000398438,0.000406250,0.000406250,0.000437500,0.000375000,0.000398438,16
1765345281.1703289,2025-12-10 13:41:21,-0.000375000,-0.000500000,-0.000500000,0.000000000,0.000000000,-0.000375000,16,-0.000125000,0.000000000,0.000000000,0.000000000,0.000000000,-0.000125000,16,0.000343750,0.000343750,0.000343750,0.000312500,0.000375000,0.000343750,16,0.000023438,0.000046875,0.000031250,0.000062500,0.000000000,0.000023438,16,0.000015625,0.000015625,0.000031250,0.000000000,0.000000000,0.000015625,16,0.000070313,0.000078125,0.000062500,0.000062500,0.000000000,0.000070313,16,0.000507813,0.000515625,0.000531250,0.000500000,0.000500000,0.000507813,16,0.000375000,0.000375000,0.000375000,0.000375000,0.000375000,0.000375000,16
1765345292.0188658,2025-12-10 13:41:32,-0.000500000,-0.000500000,-0.000500000,-0.001000000,0.000000000,-0.000500000,16,-0.000125000,-0.000250000,0.000000000,0.000000000,0.000000000,-0.000125000,16,0.000406250,0.000406250,0.000406250,0.000375000,0.000375000,0.000406250,16,0.000125000,0.000125000,0.000125000,0.000125000,0.000125000,0.000125000,16,0.000257813,0.000265625,0.000250000,0.000250000,0.000250000,0.000257813,16,0.000304687,0.000296875,0.000312500,0.000312500,0.000375000,0.000304687,16,0.000562500,0.000562500,0.000562500,0.000562500,0.000625000,0.000562500,16,0.000437500,0.000437500,0.000437500,0.000437500,0.000500000,0.000437500,16
1765345302.8680906,2025-12-10 13:41:42,-0.000500000,-0.000500000,-0.000500000,0.000000000,0.000000000,-0.000500000,16,-0.000125000,0.000000000,0.000000000,0.000000000,0.000000000,-0.000125000,16,0.000343750,0.000343750,0.000343750,0.000375000,0.000375000,0.000343750,16,0.000117187,0.000109375,0.000125000,0.000125000,0.000125000,0.000117187,16,0.000125000,0.000109375,0.000093750,0.000125000,0.000125000,0.000125000,16,0.000164063,0.000171875,0.000156250,0.000187500,0.000125000,0.000164063,16,0.000515625,0.000515625,0.000500000,0.000500000,0.000500000,0.000515625,16,0.000257813,0.000250000,0.000250000,0.000250000,0.000250000,0.000257813,16
1765345313.7163253,2025-12-10 13:41:53,-0.000375000,-0.000500000,-0.000500000,0.000000000,0.000000000,-0.000375000,16,-0.000125000,0.000000000,0.000000000,0.000000000,0.000000000,-0.000125000,16,0.000265625,0.000265625,0.000281250,0.000250000,0.000250000,0.000265625,16,0.000039063,0.000031250,0.000031250,0.000062500,0.000000000,0.000039063,16,-0.000203125,-0.000203125,-0.000187500,-0.000187500,-0.000125000,-0.000203125,16,-0.000023438,-0.000015625,-0.000031250,-0.000062500,0.000000000,-0.000023438,16,0.000500000,0.000500000,0.000500000,0.000500000,0.000500000,0.000500000,16,0.000242187,0.000250000,0.000218750,0.000250000,0.000250000,0.000242187,16
1765345324.5633469,2025-12-10 13:42:04,-0.000500000,-0.000500000,-0.000500000,-0.001000000,0.000000000,-0.000500000,16,-0.000250000,-0.000250000,0.000000000,0.000000000,0.000000000,-0.000250000,16,0.000453125,0.000453125,0.000437500,0.000437500,0.000500000,0.000453125,16,0.000195313,0.000203125,0.000218750,0.000187500,0.000125000,0.000195313,16,0.000304687,0.000296875,0.000312500,0.000312500,0.000250000,0.000304687,16,0.000328125,0.000312500,0.000312500,0.000312500,0.000375000,0.000328125,16,0.000578125,0.000578125,0.000593750,0.000562500,0.000625000,0.000578125,16,0.000445313,0.000453125,0.000468750,0.000437500,0.000500000,0.000445313,16
1765345335.409584,2025-12-10 13:42:15,-0.000500000,-0.000500000,-0.000500000,0.000000000,0.000000000,-0.000500000,16,-0.000125000,0.000000000,0.000000000,0.000000000,0.000000000,-0.000125000,16,0.000382813,0.000375000,0.000375000,0.000375000,0.000375000,0.000382813,16,0.000000000,0.000000000,0.000000000,0.000000000,0.000000000,0.000000000,16,0.000054688,0.000046875,0.000062500,0.000062500,0.000000000,0.000054688,16,0.000164063,0.000156250,0.000156250,0.000187500,0.000125000,0.000164063,16,0.000554688,0.000546875,0.000562500,0.000562500,0.000500000,0.000554688,16,0.000453125,0.000468750,0.000468750,0.000500000,0.000500000,0.000453125,16
1765345346.25539,2025-12-10 13:42:26,-0.000500000,-0.000500000,-0.000500000,-0.001000000,0.000000000,-0.000500000,16,-0.000125000,-0.000250000,0.000000000,0.000000000,0.000000000,-0.000125000,16,0.000414062,0.000406250,0.000406250,0.000437500,0.000375000,0.000414062,16,0.000187500,0.000187500,0.000187500,0.000187500,0.000125000,0.000187500,16,0.000203125,0.000203125,0.000218750,0.000187500,0.000250000,0.000203125,16,0.000242187,0.000234375,0.000250000,0.000250000,0.000250000,0.000242187,16,0.000554688,0.000546875,0.000562500,0.000562500,0.000500000,0.000554688,16,0.000414062,0.000421875,0.000437500,0.000437500,0.000375000,0.000414062,16
1765345357.1013498,2025-12-10 13:42:37,-0.000375000,-0.000500000,-0.000500000,0.000000000,0.000000000,-0.000375000,16,-0.000125000,0.000000000,0.000000000,0.000000000,0.000000000,-0.000125000,16,0.000343750,0.000343750,0.000343750,0.000375000,0.000375000,0.000343750,16,0.000015625,0.000015625,0.000031250,0.000000000,0.000000000,0.000015625,16,-0.000093750,-0.000093750,-0.000093750,-0.000062500,0.000000000,-0.000093750,16,0.000046875,0.000046875,0.000062500,0.000062500,0.000000000,0.000046875,16,0.000460938,0.000453125,0.000437500,0.000437500,0.000500000,0.000460938,16,0.000257813,0.000250000,0.000250000,0.000250000,0.000250000,0.000257813,16
1765345367.9473028,2025-12-10 13:42:47,-0.000500000,-0.000500000,-0.000500000,-0.001000000,0.000000000,-0.000500000,16,-0.000125000,-0.000250000,0.000000000,0.000000000,0.000000000,-0.000125000,16,0.000335938,0.000343750,0.000343750,0.000312500,0.000375000,0.000335938,16,-0.000250000,-0.000250000,-0.000250000,-0.000250000,-0.000250000,-0.000250000,16,-0.000187500,-0.000187500,-0.000187500,-0.000187500,-0.000125000,-0.000187500,16,-0.000023438,-0.000031250,0.000000000,-0.000062500,0.000000000,-0.000023438,16,0.000531250,0.000531250,0.000531250,0.000562500,0.000500000,0.000531250,16,0.000468750,0.000484375,0.000468750,0.000500000,0.000500000,0.000468750,16
1765345378.7933297,2025-12-10 13:42:58,-0.000500000,-0.000500000,-0.000500000,-0.001000000,0.000000000,-0.000500000,16,-0.000250000,-0.000250000,0.000000000,0.000000000,0.000000000,-0.000250000,16,0.000453125,0.000453125,0.000437500,0.000437500,0.000500000,0.000453125,16,0.000085937,0.000093750,0.000093750,0.000062500,0.000125000,0.000085937,16,0.000195313,0.000187500,0.000187500,0.000187500,0.000250000,0.000195313,16,0.000242187,0.000250000,0.000250000,0.000250000,0.000250000,0.000242187,16,0.000593750,0.000593750,0.000593750,0.000562500,0.000625000,0.000593750,16,0.000515625,0.000515625,0.000500000,0.000500000,0.000500000,0.000515625,16
1765345389.636995,2025-12-10 13:43:09,-0.000375000,-0.000500000,-0.000500000,0.000000000,0.000000000,-0.000375000,16,0.000000000,0.000000000,0.000000000,0.000000000,0.000000000,0.000000000,16,0.000390625,0.000390625,0.000406250,0.000375000,0.000375000,0.000390625,16,0.000148437,0.000140625,0.000156250,0.000125000,0.000125000,0.000148437,16,0.000062500,0.000062500,0.000062500,0.000062500,0.000125000,0.000062500,16,0.000164063,0.000156250,0.000156250,0.000187500,0.000125000,0.000164063,16,0.000484375,0.000468750,0.000468750,0.000500000,0.000500000,0.000484375,16,0.000304687,0.000296875,0.000312500,0.000312500,0.000250000,0.000304687,16
1765345400.4823015,2025-12-10 13:43:20,-0.000500000,-0.000500000,-0.000500000,0.000000000,0.000000000,-0.000500000,16,-0.000125000,-0.000250000,0.000000000,0.000000000,0.000000000,-0.000125000,16,0.000406250,0.000406250,0.000406250,0.000437500,0.000375000,0.000406250,16,0.000210937,0.000203125,0.000218750,0.000187500,0.000250000,0.000210937,16,0.000210937,0.000218750,0.000218750,0.000250000,0.000250000,0.000210937,16,0.000265625,0.000265625,0.000250000,0.000250000,0.000250000,0.000265625,16,0.000531250,0.000531250,0.000531250,0.000500000,0.000500000,0.000531250,16,0.000421875,0.000421875,0.000406250,0.000437500,0.000375000,0.000421875,16
1765345411.3277576,2025-12-10 13:43:31,-0.000500000,-0.000500000,-0.000500000,-0.001000000,0.000000000,-0.000500000,16,-0.000125000,0.000000000,0.000000000,0.000000000,0.000000000,-0.000125000,16,0.000359375,0.000359375,0.000343750,0.000375000,0.000375000,0.000359375,16,0.000085937,0.000093750,0.000093750,0.000062500,0.000125000,0.000085937,16,0.000109375,0.000109375,0.000125000,0.000125000,0.000125000,0.000109375,16,0.000210937,0.000203125,0.000218750,0.000187500,0.000250000,0.000210937,16,0.000531250,0.000531250,0.000531250,0.000562500,0.000500000,0.000531250,16,0.000414062,0.000421875,0.000437500,0.000437500,0.000500000,0.000414062,16
1765345422.174704,2025-12-10 13:43:42,-0.000500000,-0.000500000,-0.000500000,-0.001000000,0.000000000,-0.000500000,16,-0.000125000,-0.000250000,0.000000000,0.000000000,0.000000000,-0.000125000,16,0.000320313,0.000328125,0.000343750,0.000312500,0.000375000,0.000320313,16,0.000078125,0.000078125,0.000093750,0.000062500,0.000125000,0.000078125,16,0.000203125,0.000203125,0.000187500,0.000187500,0.000125000,0.000203125,16,0.000265625,0.000265625,0.000250000,0.000250000,0.000250000,0.000265625,16,0.000515625,0.000515625,0.000500000,0.000500000,0.000500000,0.000515625,16,0.000492188,0.000484375,0.000500000,0.000500000,0.000500000,0.000492188,16
1765345433.0192842,2025-12-10 13:43:53,-0.000500000,-0.000500000,-0.000500000,0.000000000,0.000000000,-0.000500000,16,-0.000125000,0.000000000,0.000000000,0.000000000,0.000000000,-0.000125000,16,0.000296875,0.000296875,0.000312500,0.000312500,0.000375000,0.000296875,16,0.000085937,0.000078125,0.000062500,0.000062500,0.000125000,0.000085937,16,0.000062500,0.000062500,0.000062500,0.000062500,0.000000000,0.000062500,16,0.000140625,0.000140625,0.000125000,0.000125000,0.000125000,0.000140625,16,0.000500000,0.000500000,0.000500000,0.000500000,0.000500000,0.000500000,16,0.000398438,0.000406250,0.000406250,0.000375000,0.000375000,0.000398438,16
1765345443.8661902,2025-12-10 13:44:03,-0.000375000,-0.000500000,-0.000500000,0.000000000,0.000000000,-0.000375000,16,-0.000125000,0.000000000,0.000000000,0.000000000,0.000000000,-0.000125000,16,0.000250000,0.000250000,0.000250000,0.000250000,0.000250000,0.000250000,16,0.000015625,0.000015625,0.000000000,0.000000000,0.000000000,0.000015625,16,-0.000023438,-0.000031250,-0.000031250,0.000000000,0.000000000,-0.000023438,16,0.000054688,0.000062500,0.000062500,0.000062500,0.000125000,0.000054688,16,0.000421875,0.000437500,0.000437500,0.000437500,0.000375000,0.000421875,16,0.000281250,0.000281250,0.000281250,0.000312500,0.000250000,0.000281250,16
1765345454.7136521,2025-12-10 13:44:14,-0.000500000,-0.000500000,-0.000500000,-0.001000000,0.000000000,-0.000500000,16,-0.000125000,-0.000250000,0.000000000,0.000000000,0.000000000,-0.000125000,16,0.000382813,0.000375000,0.000375000,0.000375000,0.000500000,0.000382813,16,0.000093750,0.000093750,0.000093750,0.000125000,0.000125000,0.000093750,16,0.000179687,0.000187500,0.000187500,0.000187500,0.000250000,0.000179687,16,0.000187500,0.000187500,0.000187500,0.000187500,0.000125000,0.000187500,16,0.000453125,0.000453125,0.000437500,0.000437500,0.000500000,0.000453125,16,0.000328125,0.000312500,0.000312500,0.000312500,0.000250000,0.000328125,16
1765345465.558368,2025-12-10 13:44:25,-0.000375000,-0.000500000,-0.000500000,0.000000000,0.000000000,-0.000375000,16,0.000000000,0.000000000,0.000000000,0.000000000,0.000000000,0.000000000,16,0.000359375,0.000359375,0.000343750,0.000375000,0.000375000,0.000359375,16,0.000117187,0.000125000,0.000125000,0.000125000,0.000125000,0.000117187,16,0.000125000,0.000125000,0.000125000,0.000125000,0.000125000,0.000125000,16,0.000179687,0.000171875,0.000156250,0.000187500,0.000250000,0.000179687,16,0.000429688,0.000421875,0.000437500,0.000437500,0.000500000,0.000429688,16,0.000250000,0.000250000,0.000250000,0.000250000,0.000250000,0.000250000,16
1765345476.4037118,2025-12-10 13:44:36,-0.000375000,-0.000500000,-0.000500000,0.000000000,0.000000000,-0.000375000,16,0.000000000,0.000000000,0.000000000,0.000000000,0.000000000,0.000000000,16,0.000382813,0.000390625,0.000375000,0.000375000,0.000375000,0.000382813,16,0.000226563,0.000234375,0.000218750,0.000250000,0.000250000,0.000226563,16,0.000257813,0.000265625,0.000281250,0.000250000,0.000250000,0.000257813,16,0.000265625,0.000265625,0.000281250,0.000250000,0.000250000,0.000265625,16,0.000476562,0.000484375,0.000500000,0.000500000,0.000500000,0.000476562,16,0.000328125,0.000343750,0.000343750,0.000375000,0.000375000,0.000328125,16
1765345487.251641,2025-12-10 13:44:47,-0.000500000,-0.000500000,-0.000500000,-0.001000000,0.000000000,-0.000500000,16,-0.000125000,0.000000000,0.000000000,0.000000000,0.000000000,-0.000125000,16,0.000328125,0.000328125,0.000312500,0.000312500,0.000375000,0.000328125,16,0.000195313,0.000187500,0.000187500,0.000187500,0.000125000,0.000195313,16,0.000171875,0.000171875,0.000156250,0.000187500,0.000250000,0.000171875,16,0.000210937,0.000203125,0.000218750,0.000187500,0.000125000,0.000210937,16,0.000492188,0.000500000,0.000500000,0.000500000,0.000500000,0.000492188,16,0.000351562,0.000343750,0.000343750,0.000375000,0.000375000,0.000351562,16
1765345498.0975509,2025-12-10 13:44:58,-0.000500000,-0.000500000,-0.000500000,0.000000000,0.000000000,-0.000500000,16,-0.000125000,-0.000250000,0.000000000,0.000000000,0.000000000,-0.000125000,16,0.000367188,0.000375000,0.000375000,0.000375000,0.000375000,0.000367188,16,0.000179687,0.000171875,0.000156250,0.000187500,0.000250000,0.000179687,16,0.000367188,0.000375000,0.000375000,0.000375000,0.000375000,0.000367188,16,0.000312500,0.000312500,0.000312500,0.000312500,0.000250000,0.000312500,16,0.000492188,0.000484375,0.000500000,0.000500000,0.000500000,0.000492188,16,0.000367188,0.000375000,0.000375000,0.000375000,0.000375000,0.000367188,16
1765345508.9458826,2025-12-10 13:45:08,-0.000500000,-0.000500000,-0.000500000,0.000000000,0.000000000,-0.000500000,16,-0.000125000,-0.000250000,0.000000000,0.000000000,0.000000000,-0.000125000,16,0.000367188,0.000359375,0.000375000,0.000375000,0.000375000,0.000367188,16,0.000218750,0.000218750,0.000218750,0.000187500,0.000250000,0.000218750,16,0.000414062,0.000421875,0.000406250,0.000437500,0.000375000,0.000414062,16,0.000367188,0.000375000,0.000375000,0.000375000,0.000375000,0.000367188,16,0.000492188,0.000500000,0.000500000,0.000500000,0.000500000,0.000492188,16,0.000460938,0.000468750,0.000437500,0.000437500,0.000500000,0.000460938,16
1765345519.7930977,2025-12-10 13:45:19,-0.000500000,-0.000500000,-0.000500000,0.000000000,0.000000000,-0.000500000,16,-0.000125000,0.000000000,0.000000000,0.000000000,0.000000000,-0.000125000,16,0.000296875,0.000281250,0.000312500,0.000312500,0.000250000,0.000296875,16,0.000140625,0.000140625,0.000156250,0.000125000,0.000125000,0.000140625,16,0.000351562,0.000343750,0.000343750,0.000375000,0.000375000,0.000351562,16,0.000304687,0.000312500,0.000312500,0.000312500,0.000250000,0.000304687,16,0.000437500,0.000437500,0.000437500,0.000437500,0.000500000,0.000437500,16,0.000398438,0.000406250,0.000406250,0.000375000,0.000375000,0.000398438,16
1765345530.640592,2025-12-10 13:45:30,-0.000375000,-0.000500000,-0.000500000,0.000000000,0.000000000,-0.000375000,16,0.000000000,0.000000000,0.000000000,0.000000000,0.000000000,0.000000000,16,0.000195313,0.000187500,0.000187500,0.000187500,0.000250000,0.000195313,16,-0.000085937,-0.000078125,-0.000093750,-0.000062500,-0.000125000,-0.000085937,16,0.000039063,0.000046875,0.000031250,0.000062500,0.000000000,0.000039063,16,0.000085937,0.000093750,0.000093750,0.000062500,0.000125000,0.000085937,16,0.000382813,0.000390625,0.000375000,0.000375000,0.000375000,0.000382813,16,0.000312500,0.000296875,0.000312500,0.000312500,0.000250000,0.000312500,16
1765345541.4885566,2025-12-10 13:45:41,-0.000500000,-0.000500000,-0.000500000,0.000000000,0.000000000,-0.000500000,16,-0.000125000,-0.000250000,0.000000000,0.000000000,0.000000000,-0.000125000,16,0.000312500,0.000312500,0.000312500,0.000312500,0.000375000,0.000312500,16,0.000070313,0.000078125,0.000062500,0.000062500,0.000125000,0.000070313,16,0.000218750,0.000218750,0.000218750,0.000187500,0.000250000,0.000218750,16,0.000226563,0.000218750,0.000218750,0.000250000,0.000250000,0.000226563,16,0.000460938,0.000468750,0.000468750,0.000437500,0.000500000,0.000460938,16,0.000390625,0.000390625,0.000406250,0.000375000,0.000375000,0.000390625,16
1765345552.3362634,2025-12-10 13:45:52,-0.000375000,-0.000500000,-0.000500000,0.000000000,0.000000000,-0.000375000,16,-0.000125000,-0.000250000,0.000000000,0.000000000,0.000000000,-0.000125000,16,0.000328125,0.000328125,0.000343750,0.000312500,0.000375000,0.000328125,16,0.000101563,0.000109375,0.000093750,0.000125000,0.000125000,0.000101563,16,0.000234375,0.000234375,0.000250000,0.000250000,0.000250000,0.000234375,16,0.000218750,0.000218750,0.000218750,0.000250000,0.000250000,0.000218750,16,0.000453125,0.000453125,0.000437500,0.000437500,0.000500000,0.000453125,16,0.000335938,0.000328125,0.000312500,0.000375000,0.000375000,0.000335938,16
1765345563.1794145,2025-12-10 13:46:03,-0.000500000,-0.000500000,-0.000500000,-0.001000000,0.000000000,-0.000500000,16,-0.000125000,-0.000250000,0.000000000,0.000000000,0.000000000,-0.000125000,16,0.000312500,0.000312500,0.000312500,0.000312500,0.000250000,0.000312500,16,0.000148437,0.000156250,0.000156250,0.000125000,0.000125000,0.000148437,16,0.000296875,0.000296875,0.000312500,0.000312500,0.000250000,0.000296875,16,0.000289062,0.000296875,0.000281250,0.000250000,0.000250000,0.000289062,16,0.000476562,0.000468750,0.000468750,0.000500000,0.000500000,0.000476562,16,0.000351562,0.000359375,0.000375000,0.000375000,0.000375000,0.000351562,16
1765345574.0248194,2025-12-10 13:46:14,-0.000375000,-0.000500000,-0.000500000,0.000000000,0.000000000,-0.000375000,16,-0.000125000,-0.000250000,0.000000000,0.000000000,0.000000000,-0.000125000,16,0.000312500,0.000312500,0.000312500,0.000312500,0.000250000,0.000312500,16,0.000132813,0.000125000,0.000125000,0.000125000,0.000125000,0.000132813,16,0.000226563,0.000218750,0.000250000,0.000250000,0.000250000,0.000226563,16,0.000257813,0.000265625,0.000250000,0.000250000,0.000250000,0.000257813,16,0.000453125,0.000453125,0.000437500,0.000437500,0.000500000,0.000453125,16,0.000320313,0.000328125,0.000343750,0.000312500,0.000375000,0.000320313,16
1765345584.8691015,2025-12-10 13:46:24,-0.000500000,-0.000500000,-0.000500000,-0.001000000,0.000000000,-0.000500000,16,-0.000125000,-0.000250000,0.000000000,0.000000000,0.000000000,-0.000125000,16,0.000281250,0.000281250,0.000281250,0.000312500,0.000250000,0.000281250,16,-0.000046875,-0.000046875,-0.000031250,-0.000062500,0.000000000,-0.000046875,16,0.000109375,0.000109375,0.000093750,0.000125000,0.000125000,0.000109375,16,0.000148437,0.000156250,0.000156250,0.000125000,0.000125000,0.000148437,16,0.000468750,0.000468750,0.000468750,0.000500000,0.000500000,0.000468750,16,0.000414062,0.000421875,0.000406250,0.000375000,0.000375000,0.000414062,16
1765345595.7131186,2025-12-10 13:46:35,-0.000500000,-0.000500000,-0.000500000,-0.001000000,0.000000000,-0.000500000,16,-0.000125000,0.000000000,0.000000000,0.000000000,0.000000000,-0.000125000,16,0.000328125,0.000312500,0.000343750,0.000375000,0.000375000,0.000328125,16,0.000156250,0.000156250,0.000156250,0.000187500,0.000125000,0.000156250,16,0.000289062,0.000281250,0.000281250,0.000312500,0.000250000,0.000289062,16,0.000281250,0.000281250,0.000281250,0.000250000,0.000250000,0.000281250,16,0.000453125,0.000453125,0.000468750,0.000437500,0.000500000,0.000453125,16,0.000328125,0.000328125,0.000343750,0.000312500,0.000375000,0.000328125,16
1765345606.5595968,2025-12-10 13:46:46,-0.000500000,-0.000500000,-0.000500000,-0.001000000,0.000000000,-0.000500000,16,-0.000250000,-0.000250000,0.000000000,0.000000000,0.000000000,-0.000250000,16,0.000273438,0.000281250,0.000281250,0.000312500,0.000250000,0.000273438,16,-0.000062500,-0.000062500,-0.000062500,-0.000062500,0.000000000,-0.000062500,16,0.000101563,0.000109375,0.000125000,0.000125000,0.000125000,0.000101563,16,0.000164063,0.000156250,0.000156250,0.000187500,0.000125000,0.000164063,16,0.000476562,0.000468750,0.000468750,0.000500000,0.000500000,0.000476562,16,0.000421875,0.000421875,0.000437500,0.000437500,0.000500000,0.000421875,16
1765345617.4027297,2025-12-10 13:46:57,-0.000500000,-0.000500000,-0.000500000,-0.001000000,0.000000000,-0.000500000,16,-0.000250000,-0.000250000,0.000000000,0.000000000,0.000000000,-0.000250000,16,0.000289062,0.000296875,0.000281250,0.000312500,0.000250000,0.000289062,16,-0.000109375,-0.000109375,-0.000093750,-0.000125000,-0.000125000,-0.000109375,16,0.000070313,0.000062500,0.000062500,0.000062500,0.000000000,0.000070313,16,0.000093750,0.000093750,0.000093750,0.000125000,0.000125000,0.000093750,16,0.000476562,0.000468750,0.000468750,0.000437500,0.000500000,0.000476562,16,0.000421875,0.000421875,0.000406250,0.000375000,0.000375000,0.000421875,16
1765345628.2493567,2025-12-10 13:47:08,-0.000500000,-0.000500000,-0.000500000,0.000000000,0.000000000,-0.000500000,16,-0.000250000,-0.000250000,-0.000500000,0.000000000,0.000000000,-0.000250000,16,0.000351562,0.000343750,0.000343750,0.000375000,0.000375000,0.000351562,16,0.000070313,0.000062500,0.000062500,0.000062500,0.000000000,0.000070313,16,0.000242187,0.000250000,0.000250000,0.000250000,0.000250000,0.000242187,16,0.000250000,0.000250000,0.000250000,0.000250000,0.000250000,0.000250000,16,0.000484375,0.000500000,0.000468750,0.000500000,0.000500000,0.000484375,16,0.000437500,0.000437500,0.000437500,0.000437500,0.000375000,0.000437500,16
1765345639.095672,2025-12-10 13:47:19,-0.000500000,-0.000500000,-0.000500000,-0.001000000,0.000000000,-0.000500000,16,-0.000125000,-0.000250000,0.000000000,0.000000000,0.000000000,-0.000125000,16,0.000289062,0.000296875,0.000312500,0.000312500,0.000250000,0.000289062,16,0.000023438,0.000015625,0.000031250,0.000000000,0.000000000,0.000023438,16,0.000101563,0.000093750,0.000093750,0.000125000,0.000125000,0.000101563,16,0.000171875,0.000171875,0.000156250,0.000187500,0.000125000,0.000171875,16,0.000429688,0.000421875,0.000437500,0.000437500,0.000375000,0.000429688,16,0.000367188,0.000375000,0.000375000,0.000375000,0.000375000,0.000367188,16
1765345649.9422603,2025-12-10 13:47:29,-0.000500000,-0.000500000,-0.000500000,0.000000000,0.000000000,-0.000500000,16,-0.000250000,-0.000250000,-0.000500000,0.000000000,0.000000000,-0.000250000,16,0.000343750,0.000343750,0.000343750,0.000312500,0.000375000,0.000343750,16,0.000164063,0.000156250,0.000156250,0.000187500,0.000125000,0.000164063,16,0.000367188,0.000375000,0.000375000,0.000375000,0.000375000,0.000367188,16,0.000343750,0.000343750,0.000343750,0.000312500,0.000375000,0.000343750,16,0.000437500,0.000453125,0.000437500,0.000437500,0.000500000,0.000437500,16,0.000367188,0.000359375,0.000375000,0.000375000,0.000375000,0.000367188,16
1765345660.7855902,2025-12-10 13:47:40,-0.000500000,-0.000500000,-0.000500000,0.000000000,0.000000000,-0.000500000,16,-0.000125000,-0.000250000,0.000000000,0.000000000,0.000000000,-0.000125000,16,0.000257813,0.000250000,0.000250000,0.000250000,0.000250000,0.000257813,16,0.000125000,0.000125000,0.000093750,0.000125000,0.000125000,0.000125000,16,0.000257813,0.000265625,0.000250000,0.000250000,0.000250000,0.000257813,16,0.000265625,0.000265625,0.000281250,0.000250000,0.000250000,0.000265625,16,0.000414062,0.000421875,0.000406250,0.000375000,0.000375000,0.000414062,16,0.000343750,0.000343750,0.000343750,0.000312500,0.000375000,0.000343750,16
1765345671.6324222,2025-12-10 13:47:51,-0.000375000,-0.000500000,-0.000500000,0.000000000,0.000000000,-0.000375000,16,-0.000125000,-0.000250000,0.000000000,0.000000000,0.000000000,-0.000125000,16,0.000125000,0.000109375,0.000125000,0.000125000,0.000125000,0.000125000,16,-0.000195313,-0.000187500,-0.000187500,-0.000187500,-0.000250000,-0.000195313,16,-0.000015625,-0.000015625,-0.000031250,0.000000000,0.000000000,-0.000015625,16,0.000015625,0.000015625,0.000000000,0.000062500,0.000000000,0.000015625,16,0.000406250,0.000406250,0.000406250,0.000375000,0.000375000,0.000406250,16,0.000375000,0.000375000,0.000375000,0.000375000,0.000375000,0.000375000,16
1765345682.4774647,2025-12-10 13:48:02,-0.000500000,-0.000500000,-0.000500000,-0.001000000,0.000000000,-0.000500000,16,-0.000250000,-0.000250000,0.000000000,0.000000000,0.000000000,-0.000250000,16,0.000132813,0.000140625,0.000125000,0.000125000,0.000125000,0.000132813,16,-0.000031250,-0.000031250,-0.000031250,0.000000000,0.000000000,-0.000031250,16,0.000085937,0.000078125,0.000093750,0.000062500,0.000125000,0.000085937,16,0.000125000,0.000125000,0.000125000,0.000125000,0.000125000,0.000125000,16,0.000453125,0.000453125,0.000468750,0.000437500,0.000375000,0.000453125,16,0.000429688,0.000421875,0.000437500,0.000437500,0.000375000,0.000429688,16
1765345693.3243833,2025-12-10 13:48:13,-0.000500000,-0.000500000,-0.000500000,0.000000000,0.000000000,-0.000500000,16,-0.000125000,0.000000000,0.000000000,0.000000000,0.000000000,-0.000125000,16,0.000304687,0.000296875,0.000312500,0.000312500,0.000375000,0.000304687,16,0.000203125,0.000203125,0.000187500,0.000187500,0.000125000,0.000203125,16,0.000226563,0.000234375,0.000218750,0.000250000,0.000250000,0.000226563,16,0.000273438,0.000265625,0.000281250,0.000250000,0.000250000,0.000273438,16,0.000414062,0.000437500,0.000437500,0.000437500,0.000375000,0.000414062,16,0.000328125,0.000328125,0.000312500,0.000312500,0.000375000,0.000328125,16
1765345704.1706681,2025-12-10 13:48:24,-0.000250000,-0.000250000,-0.000500000,0.000000000,0.000000000,-0.000250000,16,0.000000000,0.000000000,0.000000000,0.000000000,0.000000000,0.000000000,16,0.000234375,0.000234375,0.000218750,0.000250000,0.000250000,0.000234375,16,0.000070313,0.000078125,0.000062500,0.000062500,0.000125000,0.000070313,16,0.000195313,0.000187500,0.000187500,0.000187500,0.000250000,0.000195313,16,0.000164063,0.000171875,0.000156250,0.000187500,0.000125000,0.000164063,16,0.000351562,0.000343750,0.000343750,0.000375000,0.000375000,0.000351562,16,0.000187500,0.000187500,0.000187500,0.000187500,0.000250000,0.000187500,16
1765345715.016354,2025-12-10 13:48:35,-0.000500000,-0.000500000,-0.000500000,-0.001000000,0.000000000,-0.000500000,16,-0.000250000,-0.000250000,0.000000000,0.000000000,0.000000000,-0.000250000,16,0.000304687,0.000296875,0.000312500,0.000312500,0.000250000,0.000304687,16,0.000171875,0.000171875,0.000187500,0.000187500,0.000125000,0.000171875,16,0.000320313,0.000312500,0.000312500,0.000312500,0.000250000,0.000320313,16,0.000296875,0.000296875,0.000312500,0.000312500,0.000250000,0.000296875,16,0.000437500,0.000437500,0.000437500,0.000437500,0.000500000,0.000437500,16,0.000351562,0.000359375,0.000343750,0.000312500,0.000375000,0.000351562,16
1765345725.8639116,2025-12-10 13:48:45,-0.000500000,-0.000500000,-0.000500000,0.000000000,0.000000000,-0.000500000,16,-0.000125000,-0.000250000,0.000000000,0.000000000,0.000000000,-0.000125000,16,0.000203125,0.000203125,0.000187500,0.000187500,0.000250000,0.000203125,16,0.000023438,0.000031250,0.000031250,0.000000000,0.000000000,0.000023438,16,0.000179687,0.000187500,0.000187500,0.000187500,0.000125000,0.000179687,16,0.000171875,0.000187500,0.000187500,0.000187500,0.000125000,0.000171875,16,0.000437500,0.000437500,0.000437500,0.000437500,0.000375000,0.000437500,16,0.000382813,0.000390625,0.000375000,0.000375000,0.000375000,0.000382813,16
1765345736.710634,2025-12-10 13:48:56,-0.000375000,-0.000500000,-0.000500000,0.000000000,0.000000000,-0.000375000,16,-0.000125000,0.000000000,0.000000000,0.000000000,0.000000000,-0.000125000,16,0.000242187,0.000250000,0.000250000,0.000250000,0.000250000,0.000242187,16,0.000101563,0.000109375,0.000093750,0.000125000,0.000125000,0.000101563,16,0.000164063,0.000156250,0.000156250,0.000125000,0.000125000,0.000164063,16,0.000218750,0.000218750,0.000218750,0.000250000,0.000250000,0.000218750,16,0.000406250,0.000421875,0.000406250,0.000375000,0.000375000,0.000406250,16,0.000312500,0.000312500,0.000312500,0.000312500,0.000375000,0.000312500,16
1765345747.5578704,2025-12-10 13:49:07,-0.000375000,-0.000500000,-0.000500000,0.000000000,0.000000000,-0.000375000,16,-0.000125000,0.000000000,0.000000000,0.000000000,0.000000000,-0.000125000,16,0.000257813,0.000250000,0.000250000,0.000250000,0.000250000,0.000257813,16,0.000171875,0.000171875,0.000156250,0.000187500,0.000125000,0.000171875,16,0.000234375,0.000234375,0.000250000,0.000250000,0.000250000,0.000234375,16,0.000203125,0.000218750,0.000218750,0.000187500,0.000250000,0.000203125,16,0.000398438,0.000406250,0.000375000,0.000375000,0.000375000,0.000398438,16,0.000289062,0.000296875,0.000281250,0.000312500,0.000375000,0.000289062,16
1765345758.403398,2025-12-10 13:49:18,-0.000375000,-0.000500000,-0.000500000,0.000000000,0.000000000,-0.000375000,16,0.000000000,0.000000000,0.000000000,0.000000000,0.000000000,0.000000000,16,0.000242187,0.000250000,0.000250000,0.000250000,0.000250000,0.000242187,16,0.000078125,0.000078125,0.000093750,0.000062500,0.000125000,0.000078125,16,0.000234375,0.000234375,0.000250000,0.000250000,0.000250000,0.000234375,16,0.000195313,0.000187500,0.000187500,0.000187500,0.000250000,0.000195313,16,0.000359375,0.000359375,0.000375000,0.000375000,0.000375000,0.000359375,16,0.000226563,0.000218750,0.000218750,0.000250000,0.000250000,0.000226563,16
1765345769.2480862,2025-12-10 13:49:29,-0.000375000,-0.000250000,-0.000500000,0.000000000,0.000000000,-0.000375000,16,0.000000000,0.000000000,0.000000000,0.000000000,0.000000000,0.000000000,16,0.000218750,0.000218750,0.000218750,0.000250000,0.000250000,0.000218750,16,0.000031250,0.000031250,0.000031250,0.000062500,0.000000000,0.000031250,16,0.000015625,0.000015625,0.000031250,0.000000000,0.000000000,0.000015625,16,0.000054688,0.000046875,0.000062500,0.000062500,0.000000000,0.000054688,16,0.000359375,0.000359375,0.000375000,0.000375000,0.000375000,0.000359375,16,0.000171875,0.000156250,0.000156250,0.000187500,0.000125000,0.000171875,16
1765345780.09418,2025-12-10 13:49:40,-0.000375000,-0.000500000,-0.000500000,0.000000000,0.000000000,-0.000375000,16,-0.000125000,-0.000250000,0.000000000,0.000000000,0.000000000,-0.000125000,16,0.000320313,0.000312500,0.000312500,0.000312500,0.000375000,0.000320313,16,0.000078125,0.000078125,0.000093750,0.000062500,0.000125000,0.000078125,16,0.000187500,0.000187500,0.000187500,0.000187500,0.000125000,0.000187500,16,0.000164063,0.000156250,0.000156250,0.000187500,0.000125000,0.000164063,16,0.000390625,0.000406250,0.000375000,0.000375000,0.000375000,0.000390625,16,0.000257813,0.000250000,0.000250000,0.000250000,0.000250000,0.000257813,16
1765345790.939183,2025-12-10 13:49:50,-0.000375000,-0.000250000,-0.000500000,0.000000000,0.000000000,-0.000375000,16,0.000000000,0.000000000,0.000000000,0.000000000,0.000000000,0.000000000,16,0.000265625,0.000250000,0.000250000,0.000250000,0.000250000,0.000265625,16,0.000070313,0.000078125,0.000062500,0.000062500,0.000000000,0.000070313,16,0.000062500,0.000062500,0.000062500,0.000062500,0.000000000,0.000062500,16,0.000156250,0.000140625,0.000156250,0.000125000,0.000125000,0.000156250,16,0.000367188,0.000359375,0.000375000,0.000375000,0.000375000,0.000367188,16,0.000171875,0.000171875,0.000187500,0.000187500,0.000125000,0.000171875,16
1765345801.7850006,2025-12-10 13:50:01,-0.000375000,-0.000500000,-0.000500000,0.000000000,0.000000000,-0.000375000,16,-0.000125000,0.000000000,0.000000000,0.000000000,0.000000000,-0.000125000,16,0.000265625,0.000265625,0.000250000,0.000250000,0.000250000,0.000265625,16,-0.000023438,-0.000031250,0.000000000,0.000000000,0.000000000,-0.000023438,16,0.000054688,0.000062500,0.000062500,0.000062500,0.000000000,0.000054688,16,0.000093750,0.000093750,0.000093750,0.000062500,0.000125000,0.000093750,16,0.000390625,0.000390625,0.000375000,0.000437500,0.000375000,0.000390625,16,0.000328125,0.000312500,0.000312500,0.000312500,0.000250000,0.000328125,16
1765345812.6293905,2025-12-10 13:50:12,-0.000375000,-0.000500000,-0.000500000,0.000000000,0.000000000,-0.000375000,16,-0.000125000,0.000000000,0.000000000,0.000000000,0.000000000,-0.000125000,16,0.000304687,0.000296875,0.000312500,0.000312500,0.000250000,0.000304687,16,0.000125000,0.000125000,0.000125000,0.000125000,0.000125000,0.000125000,16,0.000125000,0.000125000,0.000125000,0.000125000,0.000125000,0.000125000,16,0.000148437,0.000156250,0.000125000,0.000187500,0.000125000,0.000148437,16,0.000398438,0.000390625,0.000406250,0.000375000,0.000375000,0.000398438,16,0.000265625,0.000265625,0.000281250,0.000250000,0.000250000,0.000265625,16
1765345823.4738379,2025-12-10 13:50:23,-0.000375000,-0.000500000,-0.000500000,0.000000000,0.000000000,-0.000375000,16,-0.000125000,-0.000250000,0.000000000,0.000000000,0.000000000,-0.000125000,16,0.000296875,0.000296875,0.000281250,0.000312500,0.000250000,0.000296875,16,0.000031250,0.000031250,0.000031250,0.000000000,0.000000000,0.000031250,16,0.000054688,0.000062500,0.000062500,0.000062500,0.000125000,0.000054688,16,0.000109375,0.000109375,0.000125000,0.000125000,0.000125000,0.000109375,16,0.000398438,0.000390625,0.000406250,0.000375000,0.000375000,0.000398438,16,0.000304687,0.000312500,0.000312500,0.000312500,0.000250000,0.000304687,16
1765345834.3196774,2025-12-10 13:50:34,-0.000500000,-0.000500000,-0.000500000,0.000000000,0.000000000,-0.000500000,16,-0.000250000,-0.000250000,0.000000000,0.000000000,0.000000000,-0.000250000,16,0.000351562,0.000359375,0.000343750,0.000375000,0.000375000,0.000351562,16,0.000203125,0.000203125,0.000187500,0.000187500,0.000250000,0.000203125,16,0.000335938,0.000328125,0.000343750,0.000375000,0.000375000,0.000335938,16,0.000312500,0.000312500,0.000312500,0.000312500,0.000375000,0.000312500,16,0.000414062,0.000406250,0.000406250,0.000437500,0.000500000,0.000414062,16,0.000359375,0.000359375,0.000343750,0.000375000,0.000375000,0.000359375,16
1765345845.167669,2025-12-10 13:50:45,-0.000375000,-0.000500000,-0.000500000,0.000000000,0.000000000,-0.000375000,16,-0.000125000,0.000000000,0.000000000,0.000000000,0.000000000,-0.000125000,16,0.000304687,0.000312500,0.000312500,0.000312500,0.000250000,0.000304687,16,0.000187500,0.000187500,0.000187500,0.000187500,0.000125000,0.000187500,16,0.000265625,0.000265625,0.000250000,0.000250000,0.000250000,0.000265625,16,0.000250000,0.000250000,0.000250000,0.000250000,0.000250000,0.000250000,16,0.000398438,0.000406250,0.000375000,0.000375000,0.000375000,0.000398438,16,0.000312500,0.000312500,0.000312500,0.000312500,0.000375000,0.000312500,16
1765345856.0134456,2025-12-10 13:50:56,-0.000375000,-0.000500000,-0.000500000,0.000000000,0.000000000,-0.000375000,16,-0.000125000,-0.000250000,0.000000000,0.000000000,0.000000000,-0.000125000,16,0.000320313,0.000312500,0.000312500,0.000312500,0.000375000,0.000320313,16,0.000187500,0.000203125,0.000187500,0.000187500,0.000250000,0.000187500,16,0.000335938,0.000328125,0.000343750,0.000312500,0.000375000,0.000335938,16,0.000296875,0.000296875,0.000281250,0.000312500,0.000250000,0.000296875,16,0.000390625,0.000390625,0.000375000,0.000375000,0.000375000,0.000390625,16,0.000367188,0.000359375,0.000375000,0.000375000,0.000375000,0.000367188,16
1765345866.85757,2025-12-10 13:51:06,-0.000375000,-0.000500000,-0.000500000,0.000000000,0.000000000,-0.000375000,16,-0.000125000,-0.000250000,0.000000000,0.000000000,0.000000000,-0.000125000,16,0.000273438,0.000265625,0.000281250,0.000312500,0.000250000,0.000273438,16,0.000140625,0.000125000,0.000156250,0.000125000,0.000125000,0.000140625,16,0.000320313,0.000312500,0.000312500,0.000312500,0.000375000,0.000320313,16,0.000226563,0.000234375,0.000250000,0.000250000,0.000250000,0.000226563,16,0.000281250,0.000281250,0.000281250,0.000250000,0.000250000,0.000281250,16,0.000242187,0.000250000,0.000250000,0.000250000,0.000250000,0.000242187,16
1765345877.7032597,2025-12-10 13:51:17,-0.000375000,-0.000500000,-0.000500000,0.000000000,0.000000000,-0.000375000,16,-0.000250000,-0.000250000,0.000000000,0.000000000,0.000000000,-0.000250000,16,0.000289062,0.000281250,0.000281250,0.000250000,0.000250000,0.000289062,16,0.000140625,0.000140625,0.000125000,0.000125000,0.000125000,0.000140625,16,0.000328125,0.000343750,0.000343750,0.000312500,0.000375000,0.000328125,16,0.000273438,0.000281250,0.000281250,0.000250000,0.000250000,0.000273438,16,0.000335938,0.000343750,0.000343750,0.000312500,0.000375000,0.000335938,16,0.000312500,0.000296875,0.000312500,0.000312500,0.000250000,0.000312500,16
1765345888.5498407,2025-12-10 13:51:28,-0.000375000,-0.000250000,-0.000500000,0.000000000,0.000000000,-0.000375000,16,-0.000125000,0.000000000,0.000000000,0.000000000,0.000000000,-0.000125000,16,0.000257813,0.000250000,0.000250000,0.000250000,0.000250000,0.000257813,16,0.000125000,0.000125000,0.000125000,0.000125000,0.000125000,0.000125000,16,0.000304687,0.000312500,0.000312500,0.000312500,0.000250000,0.000304687,16,0.000226563,0.000234375,0.000218750,0.000187500,0.000250000,0.000226563,16,0.000296875,0.000296875,0.000312500,0.000312500,0.000375000,0.000296875,16,0.000218750,0.000218750,0.000218750,0.000250000,0.000250000,0.000218750,16
1765345899.3963792,2025-12-10 13:51:39,-0.000375000,-0.000250000,-0.000500000,0.000000000,0.000000000,-0.000375000,16,-0.000125000,0.000000000,0.000000000,0.000000000,0.000000000,-0.000125000,16,0.000242187,0.000250000,0.000250000,0.000250000,0.000250000,0.000242187,16,0.000093750,0.000093750,0.000093750,0.000125000,0.000125000,0.000093750,16,0.000281250,0.000281250,0.000281250,0.000312500,0.000250000,0.000281250,16,0.000218750,0.000218750,0.000218750,0.000250000,0.000250000,0.000218750,16,0.000335938,0.000328125,0.000343750,0.000375000,0.000375000,0.000335938,16,0.000265625,0.000265625,0.000250000,0.000250000,0.000250000,0.000265625,16
1765345910.2438323,2025-12-10 13:51:50,-0.000375000,-0.000250000,-0.000500000,0.000000000,0.000000000,-0.000375000,16,-0.000125000,0.000000000,0.000000000,0.000000000,0.000000000,-0.000125000,16,0.000250000,0.000250000,0.000250000,0.000250000,0.000250000,0.000250000,16,0.000125000,0.000125000,0.000125000,0.000125000,0.000125000,0.000125000,16,0.000281250,0.000281250,0.000281250,0.000250000,0.000250000,0.000281250,16,0.000226563,0.000234375,0.000250000,0.000250000,0.000250000,0.000226563,16,0.000312500,0.000312500,0.000312500,0.000312500,0.000375000,0.000312500,16,0.000234375,0.000234375,0.000218750,0.000250000,0.000250000,0.000234375,16
1765345921.0917523,2025-12-10 13:52:01,-0.000375000,-0.000250000,-0.000500000,0.000000000,0.000000000,-0.000375000,16,-0.000125000,0.000000000,0.000000000,0.000000000,0.000000000,-0.000125000,16,0.000210937,0.000203125,0.000218750,0.000187500,0.000125000,0.000210937,16,0.000093750,0.000093750,0.000093750,0.000125000,0.000125000,0.000093750,16,0.000273438,0.000265625,0.000281250,0.000312500,0.000250000,0.000273438,16,0.000203125,0.000203125,0.000218750,0.000250000,0.000250000,0.000203125,16,0.000296875,0.000296875,0.000281250,0.000312500,0.000250000,0.000296875,16,0.000226563,0.000218750,0.000218750,0.000250000,0.000250000,0.000226563,16
1765345931.9388502,2025-12-10 13:52:11,-0.000250000,-0.000250000,-0.000500000,0.000000000,0.000000000,-0.000250000,16,0.000000000,0.000000000,0.000000000,0.000000000,0.000000000,0.000000000,16,0.000218750,0.000218750,0.000218750,0.000250000,0.000250000,0.000218750,16,0.000125000,0.000125000,0.000125000,0.000125000,0.000125000,0.000125000,16,0.000187500,0.000187500,0.000187500,0.000187500,0.000125000,0.000187500,16,0.000171875,0.000171875,0.000187500,0.000187500,0.000250000,0.000171875,16,0.000312500,0.000312500,0.000312500,0.000312500,0.000250000,0.000312500,16,0.000234375,0.000234375,0.000250000,0.000250000,0.000250000,0.000234375,16
1765345942.7879186,2025-12-10 13:52:22,-0.000250000,-0.000250000,0.000000000,0.000000000,0.000000000,-0.000250000,16,0.000000000,0.000000000,0.000000000,0.000000000,0.000000000,0.000000000,16,0.000210937,0.000203125,0.000218750,0.000250000,0.000125000,0.000210937,16,0.000125000,0.000125000,0.000125000,0.000125000,0.000125000,0.000125000,16,0.000203125,0.000203125,0.000187500,0.000187500,0.000250000,0.000203125,16,0.000179687,0.000171875,0.000187500,0.000187500,0.000125000,0.000179687,16,0.000304687,0.000296875,0.000312500,0.000312500,0.000250000,0.000304687,16,0.000210937,0.000203125,0.000218750,0.000187500,0.000250000,0.000210937,16
1765345953.6354914,2025-12-10 13:52:33,-0.000250000,-0.000250000,-0.000500000,0.000000000,0.000000000,-0.000250000,16,-0.000125000,0.000000000,0.000000000,0.000000000,0.000000000,-0.000125000,16,0.000195313,0.000187500,0.000187500,0.000187500,0.000125000,0.000195313,16,-0.000093750,-0.000078125,-0.000093750,-0.000062500,-0.000125000,-0.000093750,16,0.000046875,0.000046875,0.000031250,0.000062500,0.000000000,0.000046875,16,0.000046875,0.000046875,0.000062500,0.000062500,0.000000000,0.000046875,16,0.000289062,0.000281250,0.000281250,0.000312500,0.000250000,0.000289062,16,0.000250000,0.000250000,0.000250000,0.000250000,0.000250000,0.000250000,16
1765345964.4828048,2025-12-10 13:52:44,-0.000375000,-0.000250000,-0.000500000,0.000000000,0.000000000,-0.000375000,16,-0.000125000,-0.000250000,0.000000000,0.000000000,0.000000000,-0.000125000,16,0.000304687,0.000296875,0.000312500,0.000312500,0.000375000,0.000304687,16,0.000132813,0.000140625,0.000125000,0.000125000,0.000125000,0.000132813,16,0.000273438,0.000265625,0.000250000,0.000250000,0.000250000,0.000273438,16,0.000218750,0.000203125,0.000218750,0.000187500,0.000250000,0.000218750,16,0.000328125,0.000328125,0.000312500,0.000312500,0.000375000,0.000328125,16,0.000289062,0.000296875,0.000312500,0.000312500,0.000250000,0.000289062,16
1765345975.3298028,2025-12-10 13:52:55,-0.000250000,-0.000250000,0.000000000,0.000000000,0.000000000,-0.000250000,16,0.000000000,0.000000000,0.000000000,0.000000000,0.000000000,0.000000000,16,0.000273438,0.000265625,0.000281250,0.000250000,0.000250000,0.000273438,16,0.000125000,0.000125000,0.000125000,0.000125000,0.000125000,0.000125000,16,0.000156250,0.000156250,0.000156250,0.000125000,0.000125000,0.000156250,16,0.000132813,0.000140625,0.000125000,0.000125000,0.000125000,0.000132813,16,0.000289062,0.000296875,0.000281250,0.000312500,0.000375000,0.000289062,16,0.000171875,0.000156250,0.000187500,0.000187500,0.000125000,0.000171875,16
1765345986.176172,2025-12-10 13:53:06,-0.000375000,-0.000250000,-0.000500000,0.000000000,0.000000000,-0.000375000,16,-0.000125000,-0.000250000,0.000000000,0.000000000,0.000000000,-0.000125000,16,0.000296875,0.000296875,0.000281250,0.000312500,0.000250000,0.000296875,16,0.000171875,0.000171875,0.000156250,0.000187500,0.000125000,0.000171875,16,0.000289062,0.000281250,0.000281250,0.000312500,0.000250000,0.000289062,16,0.000250000,0.000250000,0.000250000,0.000250000,0.000250000,0.000250000,16,0.000328125,0.000328125,0.000343750,0.000312500,0.000375000,0.000328125,16,0.000257813,0.000265625,0.000250000,0.000250000,0.000250000,0.000257813,16
1765345997.021653,2025-12-10 13:53:17,-0.000250000,-0.000250000,-0.000500000,0.000000000,0.000000000,-0.000250000,16,0.000000000,0.000000000,0.000000000,0.000000000,0.000000000,0.000000000,16,0.000257813,0.000265625,0.000281250,0.000250000,0.000250000,0.000257813,16,0.000140625,0.000140625,0.000125000,0.000187500,0.000125000,0.000140625,16,0.000218750,0.000218750,0.000218750,0.000187500,0.000250000,0.000218750,16,0.000179687,0.000187500,0.000187500,0.000187500,0.000125000,0.000179687,16,0.000296875,0.000296875,0.000281250,0.000312500,0.000250000,0.000296875,16,0.000234375,0.000234375,0.000250000,0.000250000,0.000250000,0.000234375,16
1765346007.865818,2025-12-10 13:53:27,-0.000250000,-0.000250000,-0.000500000,0.000000000,0.000000000,-0.000250000,16,-0.000125000,0.000000000,0.000000000,0.000000000,0.000000000,-0.000125000,16,0.000250000,0.000250000,0.000250000,0.000250000,0.000250000,0.000250000,16,0.000125000,0.000125000,0.000125000,0.000125000,0.000125000,0.000125000,16,0.000203125,0.000203125,0.000187500,0.000187500,0.000125000,0.000203125,16,0.000156250,0.000156250,0.000156250,0.000187500,0.000250000,0.000156250,16,0.000312500,0.000312500,0.000312500,0.000312500,0.000250000,0.000312500,16,0.000234375,0.000234375,0.000250000,0.000250000,0.000250000,0.000234375,16
1765346018.7123883,2025-12-10 13:53:38,-0.000250000,-0.000250000,0.000000000,0.000000000,0.000000000,-0.000250000,16,0.000000000,0.000000000,0.000000000,0.000000000,0.000000000,0.000000000,16,0.000203125,0.000203125,0.000218750,0.000187500,0.000250000,0.000203125,16,0.000031250,0.000031250,0.000031250,0.000062500,0.000000000,0.000031250,16,0.000007813,0.000000000,0.000000000,0.000000000,0.000000000,0.000007813,16,0.000046875,0.000046875,0.000031250,0.000062500,0.000000000,0.000046875,16,0.000250000,0.000250000,0.000250000,0.000250000,0.000250000,0.000250000,16,0.000203125,0.000203125,0.000218750,0.000187500,0.000250000,0.000203125,16
1765346029.5575557,2025-12-10 13:53:49,-0.000375000,-0.000250000,-0.000500000,0.000000000,0.000000000,-0.000375000,16,0.000000000,0.000000000,0.000000000,0.000000000,0.000000000,0.000000000,16,0.000273438,0.000265625,0.000250000,0.000312500,0.000250000,0.000273438,16,0.000132813,0.000125000,0.000125000,0.000125000,0.000125000,0.000132813,16,0.000187500,0.000187500,0.000187500,0.000187500,0.000250000,0.000187500,16,0.000187500,0.000187500,0.000187500,0.000187500,0.000125000,0.000187500,16,0.000320313,0.000312500,0.000312500,0.000312500,0.000250000,0.000320313,16,0.000226563,0.000234375,0.000218750,0.000250000,0.000250000,0.000226563,16
1765346040.4057708,2025-12-10 13:54:00,-0.000250000,-0.000250000,-0.000500000,0.000000000,0.000000000,-0.000250000,16,0.000000000,0.000000000,0.000000000,0.000000000,0.000000000,0.000000000,16,0.000218750,0.000218750,0.000218750,0.000187500,0.000250000,0.000218750,16,0.000000000,0.000000000,0.000000000,0.000000000,0.000000000,0.000000000,16,0.000078125,0.000078125,0.000062500,0.000062500,0.000125000,0.000078125,16,0.000093750,0.000093750,0.000093750,0.000062500,0.000125000,0.000093750,16,0.000289062,0.000281250,0.000281250,0.000312500,0.000250000,0.000289062,16,0.000250000,0.000250000,0.000250000,0.000250000,0.000250000,0.000250000,16
1765346051.2499747,2025-12-10 13:54:11,-0.000375000,-0.000250000,-0.000500000,0.000000000,0.000000000,-0.000375000,16,-0.000125000,0.000000000,0.000000000,0.000000000,0.000000000,-0.000125000,16,0.000281250,0.000281250,0.000281250,0.000312500,0.000250000,0.000281250,16,0.000132813,0.000125000,0.000125000,0.000125000,0.000125000,0.000132813,16,0.000234375,0.000234375,0.000218750,0.000250000,0.000250000,0.000234375,16,0.000218750,0.000218750,0.000218750,0.000187500,0.000250000,0.000218750,16,0.000328125,0.000328125,0.000312500,0.000312500,0.000375000,0.000328125,16,0.000320313,0.000312500,0.000312500,0.000312500,0.000375000,0.000320313,16
1765346062.0965533,2025-12-10 13:54:22,-0.000125000,-0.000250000,0.000000000,0.000000000,0.000000000,-0.000125000,16,0.000000000,0.000000000,0.000000000,0.000000000,0.000000000,0.000000000,16,0.000218750,0.000218750,0.000218750,0.000187500,0.000250000,0.000218750,16,0.000031250,0.000031250,0.000031250,0.000000000,0.000000000,0.000031250,16,0.000070313,0.000078125,0.000062500,0.000062500,0.000125000,0.000070313,16,0.000085937,0.000078125,0.000093750,0.000125000,0.000125000,0.000085937,16,0.000257813,0.000250000,0.000250000,0.000250000,0.000250000,0.000257813,16,0.000179687,0.000187500,0.000187500,0.000187500,0.000125000,0.000179687,16
1765346072.9414709,2025-12-10 13:54:32,-0.000250000,-0.000250000,0.000000000,0.000000000,0.000000000,-0.000250000,16,0.000000000,0.000000000,0.000000000,0.000000000,0.000000000,0.000000000,16,0.000234375,0.000234375,0.000250000,0.000250000,0.000250000,0.000234375,16,0.000046875,0.000046875,0.000062500,0.000062500,0.000125000,0.000046875,16,0.000117187,0.000125000,0.000125000,0.000125000,0.000125000,0.000117187,16,0.000085937,0.000093750,0.000093750,0.000125000,0.000125000,0.000085937,16,0.000226563,0.000218750,0.000218750,0.000250000,0.000250000,0.000226563,16,0.000156250,0.000156250,0.000156250,0.000125000,0.000250000,0.000156250,16
1765346083.7853193,2025-12-10 13:54:43,-0.000125000,-0.000250000,0.000000000,0.000000000,0.000000000,-0.000125000,16,0.000000000,0.000000000,0.000000000,0.000000000,0.000000000,0.000000000,16,0.000195313,0.000203125,0.000218750,0.000187500,0.000250000,0.000195313,16,0.000015625,0.000015625,0.000031250,0.000000000,0.000000000,0.000015625,16,0.000078125,0.000078125,0.000062500,0.000062500,0.000000000,0.000078125,16,0.000054688,0.000046875,0.000062500,0.000062500,0.000000000,0.000054688,16,0.000187500,0.000187500,0.000187500,0.000187500,0.000125000,0.000187500,16,0.000062500,0.000062500,0.000062500,0.000062500,0.000000000,0.000062500,16
1765346094.629992,2025-12-10 13:54:54,-0.000250000,-0.000250000,0.000000000,0.000000000,0.000000000,-0.000250000,16,0.000000000,0.000000000,0.000000000,0.000000000,0.000000000,0.000000000,16,0.000242187,0.000234375,0.000250000,0.000250000,0.000250000,0.000242187,16,0.000093750,0.000093750,0.000093750,0.000062500,0.000125000,0.000093750,16,0.000101563,0.000109375,0.000093750,0.000125000,0.000125000,0.000101563,16,0.000132813,0.000140625,0.000125000,0.000125000,0.000125000,0.000132813,16,0.000273438,0.000281250,0.000281250,0.000250000,0.000250000,0.000273438,16,0.000195313,0.000187500,0.000187500,0.000187500,0.000250000,0.000195313,16
1765346105.4751217,2025-12-10 13:55:05,-0.000250000,-0.000250000,0.000000000,0.000000000,0.000000000,-0.000250000,16,0.000000000,0.000000000,0.000000000,0.000000000,0.000000000,0.000000000,16,0.000242187,0.000234375,0.000250000,0.000250000,0.000250000,0.000242187,16,0.000125000,0.000125000,0.000125000,0.000125000,0.000125000,0.000125000,16,0.000070313,0.000078125,0.000093750,0.000062500,0.000125000,0.000070313,16,0.000109375,0.000109375,0.000093750,0.000125000,0.000125000,0.000109375,16,0.000281250,0.000265625,0.000281250,0.000250000,0.000250000,0.000281250,16,0.000195313,0.000187500,0.000187500,0.000187500,0.000250000,0.000195313,16
1765346116.3202891,2025-12-10 13:55:16,-0.000125000,-0.000250000,0.000000000,0.000000000,0.000000000,-0.000125000,16,0.000125000,0.000000000,0.000000000,0.000000000,0.000000000,0.000125000,16,0.000242187,0.000234375,0.000250000,0.000250000,0.000250000,0.000242187,16,0.000085937,0.000078125,0.000062500,0.000062500,0.000125000,0.000085937,16,0.000109375,0.000109375,0.000093750,0.000062500,0.000125000,0.000109375,16,0.000101563,0.000093750,0.000093750,0.000125000,0.000125000,0.000101563,16,0.000257813,0.000250000,0.000250000,0.000250000,0.000250000,0.000257813,16,0.000171875,0.000171875,0.000187500,0.000187500,0.000125000,0.000171875,16
1765346127.1676693,2025-12-10 13:55:27,-0.000250000,-0.000250000,0.000000000,0.000000000,0.000000000,-0.000250000,16,0.000000000,0.000000000,0.000000000,0.000000000,0.000000000,0.000000000,16,0.000226563,0.000218750,0.000218750,0.000187500,0.000250000,0.000226563,16,0.000062500,0.000062500,0.000062500,0.000062500,0.000000000,0.000062500,16,0.000109375,0.000093750,0.000093750,0.000125000,0.000125000,0.000109375,16,0.000117187,0.000125000,0.000125000,0.000125000,0.000125000,0.000117187,16,0.000226563,0.000234375,0.000218750,0.000250000,0.000250000,0.000226563,16,0.000132813,0.000125000,0.000156250,0.000125000,0.000125000,0.000132813,16
1765346138.0132546,2025-12-10 13:55:38,-0.000250000,-0.000250000,0.000000000,0.000000000,0.000000000,-0.000250000,16,0.000000000,0.000000000,0.000000000,0.000000000,0.000000000,0.000000000,16,0.000257813,0.000250000,0.000250000,0.000250000,0.000250000,0.000257813,16,0.000125000,0.000109375,0.000125000,0.000125000,0.000125000,0.000125000,16,0.000132813,0.000125000,0.000125000,0.000125000,0.000125000,0.000132813,16,0.000164063,0.000171875,0.000156250,0.000125000,0.000250000,0.000164063,16,0.000281250,0.000281250,0.000250000,0.000250000,0.000250000,0.000281250,16,0.000210937,0.000203125,0.000218750,0.000187500,0.000250000,0.000210937,16
1765346148.8594456,2025-12-10 13:55:48,-0.000250000,-0.000250000,0.000000000,0.000000000,0.000000000,-0.000250000,16,0.000000000,0.000000000,0.000000000,0.000000000,0.000000000,0.000000000,16,0.000250000,0.000250000,0.000250000,0.000250000,0.000250000,0.000250000,16,0.000125000,0.000125000,0.000125000,0.000125000,0.000125000,0.000125000,16,0.000085937,0.000078125,0.000093750,0.000062500,0.000125000,0.000085937,16,0.000132813,0.000125000,0.000125000,0.000125000,0.000125000,0.000132813,16,0.000265625,0.000265625,0.000281250,0.000250000,0.000250000,0.000265625,16,0.000171875,0.000171875,0.000156250,0.000187500,0.000125000,0.000171875,16
1765346159.7062318,2025-12-10 13:55:59,-0.000250000,-0.000250000,0.000000000,0.000000000,0.000000000,-0.000250000,16,0.000000000,0.000000000,0.000000000,0.000000000,0.000000000,0.000000000,16,0.000242187,0.000250000,0.000250000,0.000250000,0.000250000,0.000242187,16,0.000109375,0.000109375,0.000125000,0.000125000,0.000125000,0.000109375,16,0.000132813,0.000125000,0.000125000,0.000125000,0.000125000,0.000132813,16,0.000132813,0.000140625,0.000156250,0.000125000,0.000125000,0.000132813,16,0.000265625,0.000265625,0.000250000,0.000250000,0.000250000,0.000265625,16,0.000171875,0.000187500,0.000187500,0.000187500,0.000125000,0.000171875,16
1765346170.5545046,2025-12-10 13:56:10,-0.000250000,-0.000250000,0.000000000,0.000000000,0.000000000,-0.000250000,16,0.000000000,0.000000000,0.000000000,0.000000000,0.000000000,0.000000000,16,0.000234375,0.000234375,0.000250000,0.000250000,0.000250000,0.000234375,16,0.000070313,0.000078125,0.000093750,0.000062500,0.000125000,0.000070313,16,0.000171875,0.000171875,0.000156250,0.000187500,0.000125000,0.000171875,16,0.000148437,0.000140625,0.000156250,0.000125000,0.000125000,0.000148437,16,0.000257813,0.000250000,0.000250000,0.000250000,0.000250000,0.000257813,16,0.000179687,0.000171875,0.000187500,0.000187500,0.000125000,0.000179687,16
1765346181.4040215,2025-12-10 13:56:21,-0.000250000,-0.000250000,-0.000500000,0.000000000,0.000000000,-0.000250000,16,-0.000125000,0.000000000,0.000000000,0.000000000,0.000000000,-0.000125000,16,0.000195313,0.000187500,0.000187500,0.000187500,0.000250000,0.000195313,16,0.000054688,0.000062500,0.000062500,0.000062500,0.000000000,0.000054688,16,0.000148437,0.000156250,0.000156250,0.000187500,0.000250000,0.000148437,16,0.000156250,0.000171875,0.000156250,0.000187500,0.000250000,0.000156250,16,0.000289062,0.000281250,0.000281250,0.000312500,0.000250000,0.000289062,16,0.000281250,0.000281250,0.000281250,0.000250000,0.000250000,0.000281250,16
1765346192.2514675,2025-12-10 13:56:32,-0.000250000,-0.000250000,-0.000500000,0.000000000,0.000000000,-0.000250000,16,0.000000000,0.000000000,0.000000000,0.000000000,0.000000000,0.000000000,16,0.000257813,0.000265625,0.000250000,0.000250000,0.000250000,0.000257813,16,0.000109375,0.000109375,0.000093750,0.000125000,0.000125000,0.000109375,16,0.000226563,0.000218750,0.000218750,0.000250000,0.000250000,0.000226563,16,0.000195313,0.000203125,0.000187500,0.000187500,0.000250000,0.000195313,16,0.000257813,0.000265625,0.000250000,0.000250000,0.000250000,0.000257813,16,0.000250000,0.000250000,0.000250000,0.000250000,0.000250000,0.000250000,16
1765346203.1006207,2025-12-10 13:56:43,-0.000125000,-0.000250000,0.000000000,0.000000000,0.000000000,-0.000125000,16,0.000000000,0.000000000,0.000000000,0.000000000,0.000000000,0.000000000,16,0.000210937,0.000203125,0.000218750,0.000250000,0.000250000,0.000210937,16,0.000085937,0.000093750,0.000093750,0.000125000,0.000000000,0.000085937,16,0.000125000,0.000125000,0.000125000,0.000125000,0.000125000,0.000125000,16,0.000117187,0.000125000,0.000125000,0.000125000,0.000125000,0.000117187,16,0.000234375,0.000234375,0.000218750,0.000250000,0.000250000,0.000234375,16,0.000187500,0.000187500,0.000187500,0.000187500,0.000250000,0.000187500,16
1765346213.9464252,2025-12-10 13:56:53,-0.000125000,-0.000250000,0.000000000,0.000000000,0.000000000,-0.000125000,16,0.000000000,0.000000000,0.000000000,0.000000000,0.000000000,0.000000000,16,0.000187500,0.000187500,0.000187500,0.000187500,0.000125000,0.000187500,16,0.000085937,0.000093750,0.000093750,0.000062500,0.000125000,0.000085937,16,0.000054688,0.000062500,0.000062500,0.000062500,0.000000000,0.000054688,16,0.000078125,0.000078125,0.000062500,0.000062500,0.000000000,0.000078125,16,0.000203125,0.000203125,0.000187500,0.000187500,0.000250000,0.000203125,16,0.000148437,0.000140625,0.000156250,0.000125000,0.000125000,0.000148437,16
1765346224.7936485,2025-12-10 13:57:04,-0.000250000,-0.000250000,-0.000500000,0.000000000,0.000000000,-0.000250000,16,-0.000125000,0.000000000,0.000000000,0.000000000,0.000000000,-0.000125000,16,0.000218750,0.000218750,0.000218750,0.000187500,0.000250000,0.000218750,16,0.000023438,0.000015625,0.000031250,0.000000000,0.000000000,0.000023438,16,0.000109375,0.000125000,0.000125000,0.000125000,0.000125000,0.000109375,16,0.000109375,0.000109375,0.000093750,0.000125000,0.000125000,0.000109375,16,0.000265625,0.000265625,0.000281250,0.000312500,0.000250000,0.000265625,16,0.000265625,0.000265625,0.000250000,0.000250000,0.000250000,0.000265625,16
1765346235.6371331,2025-12-10 13:57:15,-0.000250000,-0.000250000,0.000000000,0.000000000,0.000000000,-0.000250000,16,-0.000125000,0.000000000,0.000000000,0.000000000,0.000000000,-0.000125000,16,0.000250000,0.000250000,0.000250000,0.000250000,0.000250000,0.000250000,16,0.000101563,0.000109375,0.000093750,0.000125000,0.000125000,0.000101563,16,0.000187500,0.000187500,0.000187500,0.000187500,0.000250000,0.000187500,16,0.000148437,0.000140625,0.000156250,0.000187500,0.000125000,0.000148437,16,0.000250000,0.000250000,0.000250000,0.000250000,0.000250000,0.000250000,16,0.000210937,0.000203125,0.000218750,0.000187500,0.000250000,0.000210937,16
1765346246.481617,2025-12-10 13:57:26,-0.000250000,-0.000250000,0.000000000,0.000000000,0.000000000,-0.000250000,16,0.000000000,0.000000000,0.000000000,0.000000000,0.000000000,0.000000000,16,0.000210937,0.000203125,0.000187500,0.000187500,0.000250000,0.000210937,16,0.000039063,0.000046875,0.000062500,0.000062500,0.000000000,0.000039063,16,0.000093750,0.000093750,0.000093750,0.000125000,0.000125000,0.000093750,16,0.000117187,0.000109375,0.000093750,0.000125000,0.000125000,0.000117187,16,0.000242187,0.000234375,0.000250000,0.000250000,0.000250000,0.000242187,16,0.000195313,0.000187500,0.000187500,0.000187500,0.000250000,0.000195313,16
1765346257.3291256,2025-12-10 13:57:37,-0.000250000,-0.000250000,0.000000000,0.000000000,0.000000000,-0.000250000,16,-0.000125000,0.000000000,0.000000000,0.000000000,0.000000000,-0.000125000,16,0.000257813,0.000250000,0.000250000,0.000250000,0.000250000,0.000257813,16,0.000109375,0.000109375,0.000125000,0.000125000,0.000125000,0.000109375,16,0.000210937,0.000218750,0.000218750,0.000250000,0.000250000,0.000210937,16,0.000187500,0.000187500,0.000187500,0.000187500,0.000125000,0.000187500,16,0.000281250,0.000281250,0.000281250,0.000312500,0.000250000,0.000281250,16,0.000273438,0.000265625,0.000281250,0.000250000,0.000250000,0.000273438,16
1765346268.1750333,2025-12-10 13:57:48,-0.000250000,-0.000250000,-0.000500000,0.000000000,0.000000000,-0.000250000,16,0.000000000,0.000000000,0.000000000,0.000000000,0.000000000,0.000000000,16,0.000242187,0.000250000,0.000250000,0.000250000,0.000250000,0.000242187,16,0.000132813,0.000125000,0.000125000,0.000125000,0.000125000,0.000132813,16,0.000234375,0.000234375,0.000218750,0.000250000,0.000250000,0.000234375,16,0.000187500,0.000187500,0.000187500,0.000187500,0.000125000,0.000187500,16,0.000250000,0.000250000,0.000250000,0.000250000,0.000250000,0.000250000,16,0.000242187,0.000234375,0.000250000,0.000250000,0.000250000,0.000242187,16
1765346279.0207834,2025-12-10 13:57:59,-0.000250000,-0.000250000,0.000000000,0.000000000,0.000000000,-0.000250000,16,0.000000000,0.000000000,0.000000000,0.000000000,0.000000000,0.000000000,16,0.000195313,0.000203125,0.000187500,0.000187500,0.000250000,0.000195313,16,0.000093750,0.000093750,0.000093750,0.000125000,0.000125000,0.000093750,16,0.000093750,0.000093750,0.000093750,0.000125000,0.000125000,0.000093750,16,0.000132813,0.000125000,0.000125000,0.000125000,0.000125000,0.000132813,16,0.000242187,0.000234375,0.000250000,0.000250000,0.000250000,0.000242187,16,0.000195313,0.000187500,0.000187500,0.000187500,0.000250000,0.000195313,16
1765346289.8641064,2025-12-10 13:58:09,-0.000250000,-0.000250000,0.000000000,0.000000000,0.000000000,-0.000250000,16,0.000000000,0.000000000,0.000000000,0.000000000,0.000000000,0.000000000,16,0.000242187,0.000234375,0.000218750,0.000250000,0.000250000,0.000242187,16,0.000109375,0.000125000,0.000093750,0.000125000,0.000125000,0.000109375,16,0.000164063,0.000187500,0.000187500,0.000187500,0.000250000,0.000164063,16,0.000164063,0.000156250,0.000156250,0.000187500,0.000125000,0.000164063,16,0.000257813,0.000250000,0.000250000,0.000250000,0.000250000,0.000257813,16,0.000187500,0.000187500,0.000187500,0.000187500,0.000125000,0.000187500,16
1765346300.7078767,2025-12-10 13:58:20,-0.000250000,-0.000250000,-0.000500000,0.000000000,0.000000000,-0.000250000,16,0.000000000,0.000000000,0.000000000,0.000000000,0.000000000,0.000000000,16,0.000156250,0.000156250,0.000156250,0.000125000,0.000125000,0.000156250,16,-0.000046875,-0.000046875,-0.000031250,-0.000062500,0.000000000,-0.000046875,16,0.000085937,0.000078125,0.000093750,0.000062500,0.000125000,0.000085937,16,0.000085937,0.000078125,0.000062500,0.000062500,0.000125000,0.000085937,16,0.000273438,0.000281250,0.000281250,0.000250000,0.000250000,0.000273438,16,0.000265625,0.000265625,0.000281250,0.000250000,0.000250000,0.000265625,16
1765346311.5549407,2025-12-10 13:58:31,-0.000250000,-0.000250000,-0.000500000,0.000000000,0.000000000,-0.000250000,16,-0.000125000,0.000000000,0.000000000,0.000000000,0.000000000,-0.000125000,16,0.000234375,0.000234375,0.000250000,0.000250000,0.000250000,0.000234375,16,0.000078125,0.000078125,0.000093750,0.000062500,0.000125000,0.000078125,16,0.000226563,0.000218750,0.000218750,0.000187500,0.000250000,0.000226563,16,0.000210937,0.000203125,0.000218750,0.000187500,0.000250000,0.000210937,16,0.000281250,0.000281250,0.000281250,0.000250000,0.000250000,0.000281250,16,0.000265625,0.000281250,0.000281250,0.000250000,0.000250000,0.000265625,16
1765346322.4011166,2025-12-10 13:58:42,-0.000250000,-0.000250000,-0.000500000,0.000000000,0.000000000,-0.000250000,16,-0.000125000,0.000000000,0.000000000,0.000000000,0.000000000,-0.000125000,16,0.000250000,0.000250000,0.000250000,0.000250000,0.000250000,0.000250000,16,0.000085937,0.000093750,0.000093750,0.000062500,0.000125000,0.000085937,16,0.000218750,0.000203125,0.000218750,0.000187500,0.000250000,0.000218750,16,0.000187500,0.000187500,0.000187500,0.000187500,0.000250000,0.000187500,16,0.000257813,0.000265625,0.000250000,0.000250000,0.000250000,0.000257813,16,0.000281250,0.000281250,0.000281250,0.000250000,0.000250000,0.000281250,16
1765346333.2453015,2025-12-10 13:58:53,-0.000250000,-0.000250000,-0.000500000,0.000000000,0.000000000,-0.000250000,16,0.000000000,0.000000000,0.000000000,0.000000000,0.000000000,0.000000000,16,0.000210937,0.000203125,0.000218750,0.000187500,0.000250000,0.000210937,16,0.000085937,0.000093750,0.000093750,0.000125000,0.000125000,0.000085937,16,0.000234375,0.000234375,0.000218750,0.000250000,0.000250000,0.000234375,16,0.000171875,0.000171875,0.000187500,0.000187500,0.000125000,0.000171875,16,0.000250000,0.000250000,0.000250000,0.000250000,0.000250000,0.000250000,16,0.000257813,0.000250000,0.000281250,0.000250000,0.000250000,0.000257813,16
1765346344.0901406,2025-12-10 13:59:04,-0.000250000,-0.000250000,-0.000500000,0.000000000,0.000000000,-0.000250000,16,-0.000125000,0.000000000,0.000000000,0.000000000,0.000000000,-0.000125000,16,0.000195313,0.000187500,0.000187500,0.000187500,0.000125000,0.000195313,16,0.000054688,0.000046875,0.000062500,0.000062500,0.000000000,0.000054688,16,0.000226563,0.000218750,0.000218750,0.000187500,0.000250000,0.000226563,16,0.000179687,0.000187500,0.000187500,0.000187500,0.000250000,0.000179687,16,0.000242187,0.000234375,0.000218750,0.000250000,0.000250000,0.000242187,16,0.000203125,0.000203125,0.000187500,0.000187500,0.000250000,0.000203125,16
1765346354.9353948,2025-12-10 13:59:14,-0.000250000,-0.000250000,-0.000500000,0.000000000,0.000000000,-0.000250000,16,0.000000000,0.000000000,0.000000000,0.000000000,0.000000000,0.000000000,16,0.000171875,0.000171875,0.000156250,0.000187500,0.000125000,0.000171875,16,0.000062500,0.000062500,0.000062500,0.000062500,0.000000000,0.000062500,16,0.000195313,0.000203125,0.000187500,0.000187500,0.000250000,0.000195313,16,0.000171875,0.000171875,0.000156250,0.000187500,0.000125000,0.000171875,16,0.000203125,0.000203125,0.000218750,0.000187500,0.000250000,0.000203125,16,0.000179687,0.000171875,0.000156250,0.000187500,0.000250000,0.000179687,16
1765346365.7837822,2025-12-10 13:59:25,-0.000250000,-0.000250000,0.000000000,0.000000000,0.000000000,-0.000250000,16,0.000000000,0.000000000,0.000000000,0.000000000,0.000000000,0.000000000,16,0.000195313,0.000187500,0.000187500,0.000187500,0.000250000,0.000195313,16,0.000085937,0.000078125,0.000093750,0.000062500,0.000125000,0.000085937,16,0.000179687,0.000171875,0.000156250,0.000187500,0.000250000,0.000179687,16,0.000156250,0.000156250,0.000156250,0.000125000,0.000250000,0.000156250,16,0.000218750,0.000218750,0.000218750,0.000187500,0.000250000,0.000218750,16,0.000203125,0.000203125,0.000218750,0.000187500,0.000125000,0.000203125,16
1765346376.6315536,2025-12-10 13:59:36,-0.000125000,-0.000250000,0.000000000,0.000000000,0.000000000,-0.000125000,16,0.000125000,0.000000000,0.000000000,0.000000000,0.000000000,0.000125000,16,0.000179687,0.000171875,0.000187500,0.000187500,0.000125000,0.000179687,16,0.000031250,0.000031250,0.000031250,0.000062500,0.000000000,0.000031250,16,0.000156250,0.000156250,0.000156250,0.000187500,0.000125000,0.000156250,16,0.000117187,0.000125000,0.000125000,0.000125000,0.000125000,0.000117187,16,0.000195313,0.000203125,0.000187500,0.000187500,0.000250000,0.000195313,16,0.000125000,0.000140625,0.000125000,0.000125000,0.000125000,0.000125000,16
1765346387.4818218,2025-12-10 13:59:47,-0.000250000,-0.000250000,0.000000000,0.000000000,0.000000000,-0.000250000,16,0.000000000,0.000000000,0.000000000,0.000000000,0.000000000,0.000000000,16,0.000210937,0.000203125,0.000187500,0.000250000,0.000250000,0.000210937,16,0.000085937,0.000093750,0.000093750,0.000125000,0.000125000,0.000085937,16,0.000210937,0.000203125,0.000187500,0.000187500,0.000125000,0.000210937,16,0.000164063,0.000156250,0.000187500,0.000187500,0.000250000,0.000164063,16,0.000234375,0.000218750,0.000218750,0.000250000,0.000250000,0.000234375,16,0.000179687,0.000171875,0.000156250,0.000187500,0.000125000,0.000179687,16
1765346398.3277035,2025-12-10 13:59:58,-0.000250000,-0.000250000,0.000000000,0.000000000,0.000000000,-0.000250000,16,0.000000000,0.000000000,0.000000000,0.000000000,0.000000000,0.000000000,16,0.000203125,0.000203125,0.000218750,0.000187500,0.000125000,0.000203125,16,0.000085937,0.000093750,0.000093750,0.000062500,0.000125000,0.000085937,16,0.000195313,0.000187500,0.000187500,0.000187500,0.000125000,0.000195313,16,0.000156250,0.000156250,0.000156250,0.000187500,0.000125000,0.000156250,16,0.000242187,0.000250000,0.000250000,0.000250000,0.000250000,0.000242187,16,0.000210937,0.000218750,0.000218750,0.000187500,0.000250000,0.000210937,16
1765346409.173272,2025-12-10 14:00:09,-0.000250000,-0.000250000,0.000000000,0.000000000,0.000000000,-0.000250000,16,0.000000000,0.000000000,0.000000000,0.000000000,0.000000000,0.000000000,16,0.000195313,0.000187500,0.000187500,0.000187500,0.000125000,0.000195313,16,0.000101563,0.000109375,0.000093750,0.000125000,0.000125000,0.000101563,16,0.000234375,0.000234375,0.000218750,0.000250000,0.000250000,0.000234375,16,0.000179687,0.000187500,0.000187500,0.000187500,0.000125000,0.000179687,16,0.000234375,0.000234375,0.000250000,0.000250000,0.000250000,0.000234375,16,0.000218750,0.000218750,0.000218750,0.000187500,0.000250000,0.000218750,16
1765346420.021705,2025-12-10 14:00:20,-0.000250000,-0.000250000,0.000000000,0.000000000,0.000000000,-0.000250000,16,0.000000000,0.000000000,0.000000000,0.000000000,0.000000000,0.000000000,16,0.000148437,0.000140625,0.000156250,0.000125000,0.000125000,0.000148437,16,0.000054688,0.000046875,0.000062500,0.000062500,0.000000000,0.000054688,16,0.000109375,0.000109375,0.000093750,0.000125000,0.000125000,0.000109375,16,0.000101563,0.000109375,0.000093750,0.000125000,0.000125000,0.000101563,16,0.000203125,0.000203125,0.000187500,0.000187500,0.000125000,0.000203125,16,0.000148437,0.000140625,0.000156250,0.000125000,0.000125000,0.000148437,16
1765346430.8696864,2025-12-10 14:00:30,-0.000250000,-0.000250000,0.000000000,0.000000000,0.000000000,-0.000250000,16,0.000000000,0.000000000,0.000000000,0.000000000,0.000000000,0.000000000,16,0.000187500,0.000187500,0.000187500,0.000187500,0.000125000,0.000187500,16,0.000109375,0.000109375,0.000125000,0.000125000,0.000125000,0.000109375,16,0.000125000,0.000125000,0.000125000,0.000125000,0.000125000,0.000125000,16,0.000125000,0.000125000,0.000125000,0.000125000,0.000125000,0.000125000,16,0.000218750,0.000218750,0.000218750,0.000250000,0.000250000,0.000218750,16,0.000148437,0.000140625,0.000156250,0.000125000,0.000125000,0.000148437,16
1765346441.712289,2025-12-10 14:00:41,-0.000250000,-0.000250000,0.000000000,0.000000000,0.000000000,-0.000250000,16,0.000000000,0.000000000,0.000000000,0.000000000,0.000000000,0.000000000,16,0.000179687,0.000187500,0.000187500,0.000187500,0.000250000,0.000179687,16,0.000093750,0.000109375,0.000093750,0.000125000,0.000125000,0.000093750,16,0.000148437,0.000140625,0.000156250,0.000187500,0.000125000,0.000148437,16,0.000156250,0.000156250,0.000156250,0.000187500,0.000125000,0.000156250,16,0.000250000,0.000250000,0.000250000,0.000250000,0.000250000,0.000250000,16,0.000187500,0.000187500,0.000187500,0.000187500,0.000250000,0.000187500,16
1765346452.557126,2025-12-10 14:00:52,-0.000125000,-0.000250000,0.000000000,0.000000000,0.000000000,-0.000125000,16,0.000000000,0.000000000,0.000000000,0.000000000,0.000000000,0.000000000,16,0.000195313,0.000187500,0.000187500,0.000187500,0.000250000,0.000195313,16,0.000093750,0.000093750,0.000093750,0.000125000,0.000125000,0.000093750,16,0.000148437,0.000156250,0.000156250,0.000187500,0.000125000,0.000148437,16,0.000132813,0.000125000,0.000125000,0.000125000,0.000125000,0.000132813,16,0.000226563,0.000218750,0.000218750,0.000250000,0.000250000,0.000226563,16,0.000179687,0.000171875,0.000187500,0.000187500,0.000250000,0.000179687,16
1765346463.404137,2025-12-10 14:01:03,-0.000250000,-0.000250000,0.000000000,0.000000000,0.000000000,-0.000250000,16,0.000000000,0.000000000,0.000000000,0.000000000,0.000000000,0.000000000,16,0.000234375,0.000218750,0.000218750,0.000187500,0.000250000,0.000234375,16,0.000148437,0.000156250,0.000156250,0.000125000,0.000125000,0.000148437,16,0.000257813,0.000250000,0.000250000,0.000250000,0.000250000,0.000257813,16,0.000210937,0.000203125,0.000218750,0.000187500,0.000250000,0.000210937,16,0.000257813,0.000265625,0.000281250,0.000250000,0.000250000,0.000257813,16,0.000257813,0.000250000,0.000250000,0.000250000,0.000250000,0.000257813,16
1765346474.2501185,2025-12-10 14:01:14,-0.000250000,-0.000250000,0.000000000,0.000000000,0.000000000,-0.000250000,16,0.000000000,0.000000000,0.000000000,0.000000000,0.000000000,0.000000000,16,0.000171875,0.000171875,0.000187500,0.000187500,0.000125000,0.000171875,16,0.000078125,0.000078125,0.000093750,0.000062500,0.000125000,0.000078125,16,0.000117187,0.000125000,0.000125000,0.000125000,0.000125000,0.000117187,16,0.000117187,0.000109375,0.000093750,0.000125000,0.000125000,0.000117187,16,0.000218750,0.000218750,0.000218750,0.000187500,0.000250000,0.000218750,16,0.000148437,0.000156250,0.000156250,0.000187500,0.000125000,0.000148437,16
1765346485.093982,2025-12-10 14:01:25,-0.000250000,-0.000250000,0.000000000,0.000000000,0.000000000,-0.000250000,16,-0.000125000,0.000000000,0.000000000,0.000000000,0.000000000,-0.000125000,16,0.000218750,0.000218750,0.000218750,0.000187500,0.000250000,0.000218750,16,0.000101563,0.000093750,0.000093750,0.000062500,0.000000000,0.000101563,16,0.000210937,0.000203125,0.000218750,0.000187500,0.000250000,0.000210937,16,0.000179687,0.000187500,0.000187500,0.000187500,0.000125000,0.000179687,16,0.000250000,0.000250000,0.000250000,0.000250000,0.000250000,0.000250000,16,0.000242187,0.000250000,0.000250000,0.000250000,0.000250000,0.000242187,16
1765346495.9391289,2025-12-10 14:01:35,-0.000250000,-0.000250000,0.000000000,0.000000000,0.000000000,-0.000250000,16,0.000000000,0.000000000,0.000000000,0.000000000,0.000000000,0.000000000,16,0.000195313,0.000187500,0.000187500,0.000187500,0.000125000,0.000195313,16,0.000101563,0.000109375,0.000125000,0.000125000,0.000125000,0.000101563,16,0.000171875,0.000171875,0.000187500,0.000187500,0.000125000,0.000171875,16,0.000156250,0.000140625,0.000156250,0.000125000,0.000125000,0.000156250,16,0.000218750,0.000218750,0.000218750,0.000187500,0.000250000,0.000218750,16,0.000203125,0.000203125,0.000187500,0.000187500,0.000250000,0.000203125,16
1765346506.7833982,2025-12-10 14:01:46,-0.000125000,-0.000250000,0.000000000,0.000000000,0.000000000,-0.000125000,16,0.000000000,0.000000000,0.000000000,0.000000000,0.000000000,0.000000000,16,0.000148437,0.000140625,0.000156250,0.000125000,0.000125000,0.000148437,16,0.000070313,0.000078125,0.000062500,0.000062500,0.000125000,0.000070313,16,0.000046875,0.000046875,0.000062500,0.000062500,0.000000000,0.000046875,16,0.000085937,0.000078125,0.000093750,0.000062500,0.000125000,0.000085937,16,0.000210937,0.000203125,0.000187500,0.000187500,0.000250000,0.000210937,16,0.000109375,0.000109375,0.000093750,0.000125000,0.000125000,0.000109375,16
1765346517.6272936,2025-12-10 14:01:57,-0.000125000,-0.000250000,0.000000000,0.000000000,0.000000000,-0.000125000,16,0.000000000,0.000000000,0.000000000,0.000000000,0.000000000,0.000000000,16,0.000187500,0.000187500,0.000187500,0.000187500,0.000250000,0.000187500,16,0.000085937,0.000078125,0.000062500,0.000062500,0.000125000,0.000085937,16,0.000093750,0.000109375,0.000093750,0.000125000,0.000125000,0.000093750,16,0.000109375,0.000109375,0.000125000,0.000125000,0.000125000,0.000109375,16,0.000187500,0.000187500,0.000187500,0.000187500,0.000125000,0.000187500,16,0.000054688,0.000062500,0.000062500,0.000062500,0.000000000,0.000054688,16
1765346528.4731357,2025-12-10 14:02:08,-0.000125000,-0.000250000,0.000000000,0.000000000,0.000000000,-0.000125000,16,0.000000000,0.000000000,0.000000000,0.000000000,0.000000000,0.000000000,16,0.000203125,0.000203125,0.000218750,0.000187500,0.000250000,0.000203125,16,0.000093750,0.000093750,0.000093750,0.000125000,0.000125000,0.000093750,16,0.000132813,0.000125000,0.000125000,0.000125000,0.000125000,0.000132813,16,0.000132813,0.000125000,0.000125000,0.000125000,0.000125000,0.000132813,16,0.000234375,0.000234375,0.000250000,0.000250000,0.000250000,0.000234375,16,0.000140625,0.000140625,0.000156250,0.000125000,0.000125000,0.000140625,16
1765346539.316388,2025-12-10 14:02:19,-0.000250000,-0.000250000,0.000000000,0.000000000,0.000000000,-0.000250000,16,0.000000000,0.000000000,0.000000000,0.000000000,0.000000000,0.000000000,16,0.000210937,0.000203125,0.000218750,0.000187500,0.000250000,0.000210937,16,0.000117187,0.000109375,0.000093750,0.000125000,0.000125000,0.000117187,16,0.000070313,0.000078125,0.000093750,0.000062500,0.000125000,0.000070313,16,0.000109375,0.000109375,0.000125000,0.000125000,0.000125000,0.000109375,16,0.000234375,0.000234375,0.000250000,0.000250000,0.000250000,0.000234375,16,0.000117187,0.000109375,0.000093750,0.000125000,0.000125000,0.000117187,16
1765346550.1623614,2025-12-10 14:02:30,-0.000125000,-0.000250000,0.000000000,0.000000000,0.000000000,-0.000125000,16,0.000000000,0.000000000,0.000000000,0.000000000,0.000000000,0.000000000,16,0.000234375,0.000234375,0.000250000,0.000250000,0.000250000,0.000234375,16,0.000125000,0.000125000,0.000125000,0.000125000,0.000125000,0.000125000,16,0.000148437,0.000140625,0.000156250,0.000125000,0.000125000,0.000148437,16,0.000148437,0.000140625,0.000156250,0.000125000,0.000125000,0.000148437,16,0.000242187,0.000250000,0.000250000,0.000250000,0.000250000,0.000242187,16,0.000156250,0.000156250,0.000156250,0.000187500,0.000125000,0.000156250,16
1765346561.0096025,2025-12-10 14:02:41,-0.000250000,-0.000250000,0.000000000,0.000000000,0.000000000,-0.000250000,16,0.000000000,0.000000000,0.000000000,0.000000000,0.000000000,0.000000000,16,0.000210937,0.000218750,0.000218750,0.000187500,0.000250000,0.000210937,16,0.000132813,0.000140625,0.000125000,0.000125000,0.000125000,0.000132813,16,0.000117187,0.000125000,0.000125000,0.000125000,0.000125000,0.000117187,16,0.000117187,0.000125000,0.000125000,0.000125000,0.000125000,0.000117187,16,0.000250000,0.000250000,0.000250000,0.000250000,0.000250000,0.000250000,16,0.000171875,0.000171875,0.000187500,0.000187500,0.000250000,0.000171875,16
1765346571.8572266,2025-12-10 14:02:51,-0.000250000,-0.000250000,0.000000000,0.000000000,0.000000000,-0.000250000,16,0.000000000,0.000000000,0.000000000,0.000000000,0.000000000,0.000000000,16,0.000218750,0.000218750,0.000218750,0.000187500,0.000250000,0.000218750,16,0.000125000,0.000125000,0.000125000,0.000125000,0.000125000,0.000125000,16,0.000109375,0.000109375,0.000125000,0.000125000,0.000125000,0.000109375,16,0.000140625,0.000156250,0.000125000,0.000125000,0.000125000,0.000140625,16,0.000257813,0.000250000,0.000250000,0.000250000,0.000250000,0.000257813,16,0.000187500,0.000187500,0.000187500,0.000187500,0.000125000,0.000187500,16
1765346582.7052796,2025-12-10 14:03:02,-0.000250000,-0.000250000,0.000000000,0.000000000,0.000000000,-0.000250000,16,0.000000000,0.000000000,0.000000000,0.000000000,0.000000000,0.000000000,16,0.000203125,0.000203125,0.000187500,0.000187500,0.000250000,0.000203125,16,0.000117187,0.000125000,0.000125000,0.000125000,0.000125000,0.000117187,16,0.000109375,0.000109375,0.000093750,0.000062500,0.000125000,0.000109375,16,0.000132813,0.000140625,0.000125000,0.000125000,0.000125000,0.000132813,16,0.000226563,0.000234375,0.000218750,0.000187500,0.000250000,0.000226563,16,0.000156250,0.000156250,0.000156250,0.000187500,0.000250000,0.000156250,16
1765346593.5528626,2025-12-10 14:03:13,-0.000250000,-0.000250000,0.000000000,0.000000000,0.000000000,-0.000250000,16,0.000000000,0.000000000,0.000000000,0.000000000,0.000000000,0.000000000,16,0.000218750,0.000234375,0.000250000,0.000250000,0.000250000,0.000218750,16,0.000101563,0.000109375,0.000093750,0.000125000,0.000125000,0.000101563,16,0.000101563,0.000109375,0.000125000,0.000125000,0.000125000,0.000101563,16,0.000117187,0.000109375,0.000125000,0.000125000,0.000125000,0.000117187,16,0.000242187,0.000234375,0.000250000,0.000250000,0.000250000,0.000242187,16,0.000195313,0.000203125,0.000187500,0.000187500,0.000250000,0.000195313,16
1765346604.401358,2025-12-10 14:03:24,-0.000250000,-0.000250000,0.000000000,0.000000000,0.000000000,-0.000250000,16,0.000000000,0.000000000,0.000000000,0.000000000,0.000000000,0.000000000,16,0.000234375,0.000234375,0.000218750,0.000250000,0.000250000,0.000234375,16,0.000117187,0.000125000,0.000125000,0.000125000,0.000125000,0.000117187,16,0.000195313,0.000203125,0.000218750,0.000187500,0.000250000,0.000195313,16,0.000171875,0.000171875,0.000187500,0.000187500,0.000125000,0.000171875,16,0.000234375,0.000234375,0.000250000,0.000250000,0.000250000,0.000234375,16,0.000195313,0.000187500,0.000187500,0.000187500,0.000125000,0.000195313,16
1765346615.2479496,2025-12-10 14:03:35,-0.000250000,-0.000250000,0.000000000,0.000000000,0.000000000,-0.000250000,16,0.000000000,0.000000000,0.000000000,0.000000000,0.000000000,0.000000000,16,0.000203125,0.000203125,0.000187500,0.000187500,0.000250000,0.000203125,16,0.000093750,0.000093750,0.000093750,0.000125000,0.000125000,0.000093750,16,0.000132813,0.000140625,0.000125000,0.000125000,0.000125000,0.000132813,16,0.000148437,0.000140625,0.000156250,0.000125000,0.000125000,0.000148437,16,0.000250000,0.000250000,0.000250000,0.000250000,0.000250000,0.000250000,16,0.000210937,0.000203125,0.000218750,0.000187500,0.000250000,0.000210937,16
1765346626.0952437,2025-12-10 14:03:46,-0.000125000,-0.000250000,0.000000000,0.000000000,0.000000000,-0.000125000,16,0.000000000,0.000000000,0.000000000,0.000000000,0.000000000,0.000000000,16,0.000218750,0.000218750,0.000218750,0.000250000,0.000250000,0.000218750,16,0.000109375,0.000093750,0.000093750,0.000125000,0.000125000,0.000109375,16,0.000203125,0.000203125,0.000187500,0.000187500,0.000250000,0.000203125,16,0.000171875,0.000171875,0.000187500,0.000187500,0.000125000,0.000171875,16,0.000250000,0.000250000,0.000250000,0.000250000,0.000250000,0.000250000,16,0.000210937,0.000218750,0.000218750,0.000250000,0.000250000,0.000210937,16
1765346636.944012,2025-12-10 14:03:56,-0.000250000,-0.000250000,-0.000500000,0.000000000,0.000000000,-0.000250000,16,-0.000125000,0.000000000,0.000000000,0.000000000,0.000000000,-0.000125000,16,0.000203125,0.000203125,0.000187500,0.000187500,0.000125000,0.000203125,16,0.000101563,0.000109375,0.000093750,0.000125000,0.000125000,0.000101563,16,0.000210937,0.000203125,0.000218750,0.000187500,0.000250000,0.000210937,16,0.000179687,0.000171875,0.000187500,0.000187500,0.000125000,0.000179687,16,0.000226563,0.000234375,0.000218750,0.000187500,0.000250000,0.000226563,16,0.000210937,0.000203125,0.000218750,0.000187500,0.000125000,0.000210937,16
1765346647.7888944,2025-12-10 14:04:07,-0.000125000,-0.000250000,0.000000000,0.000000000,0.000000000,-0.000125000,16,0.000000000,0.000000000,0.000000000,0.000000000,0.000000000,0.000000000,16,0.000171875,0.000171875,0.000156250,0.000187500,0.000125000,0.000171875,16,0.000000000,0.000000000,0.000000000,0.000000000,0.000000000,0.000000000,16,0.000148437,0.000140625,0.000156250,0.000125000,0.000125000,0.000148437,16,0.000109375,0.000109375,0.000093750,0.000062500,0.000125000,0.000109375,16,0.000148437,0.000140625,0.000156250,0.000125000,0.000125000,0.000148437,16,0.000062500,0.000062500,0.000062500,0.000062500,0.000000000,0.000062500,16
1765346658.6363256,2025-12-10 14:04:18,-0.000250000,-0.000250000,0.000000000,0.000000000,0.000000000,-0.000250000,16,0.000000000,0.000000000,0.000000000,0.000000000,0.000000000,0.000000000,16,0.000171875,0.000171875,0.000187500,0.000125000,0.000250000,0.000171875,16,0.000039063,0.000031250,0.000031250,0.000000000,0.000000000,0.000039063,16,0.000125000,0.000125000,0.000125000,0.000125000,0.000125000,0.000125000,16,0.000125000,0.000125000,0.000125000,0.000125000,0.000125000,0.000125000,16,0.000210937,0.000203125,0.000218750,0.000187500,0.000125000,0.000210937,16,0.000164063,0.000171875,0.000156250,0.000187500,0.000125000,0.000164063,16
1765346669.480985,2025-12-10 14:04:29,-0.000125000,-0.000250000,0.000000000,0.000000000,0.000000000,-0.000125000,16,0.000125000,0.000000000,0.000000000,0.000000000,0.000000000,0.000125000,16,0.000187500,0.000171875,0.000187500,0.000187500,0.000250000,0.000187500,16,0.000054688,0.000062500,0.000062500,0.000062500,0.000125000,0.000054688,16,0.000148437,0.000140625,0.000156250,0.000125000,0.000125000,0.000148437,16,0.000101563,0.000109375,0.000093750,0.000125000,0.000125000,0.000101563,16,0.000195313,0.000187500,0.000187500,0.000187500,0.000125000,0.000195313,16,0.000148437,0.000156250,0.000156250,0.000187500,0.000125000,0.000148437,16
1765346680.326264,2025-12-10 14:04:40,-0.000125000,-0.000250000,0.000000000,0.000000000,0.000000000,-0.000125000,16,0.000000000,0.000000000,0.000000000,0.000000000,0.000000000,0.000000000,16,0.000195313,0.000187500,0.000187500,0.000187500,0.000125000,0.000195313,16,0.000054688,0.000046875,0.000031250,0.000062500,0.000000000,0.000054688,16,0.000140625,0.000140625,0.000156250,0.000125000,0.000125000,0.000140625,16,0.000101563,0.000093750,0.000093750,0.000125000,0.000125000,0.000101563,16,0.000203125,0.000203125,0.000187500,0.000187500,0.000125000,0.000203125,16,0.000140625,0.000140625,0.000156250,0.000125000,0.000125000,0.000140625,16
1765346691.1707969,2025-12-10 14:04:51,-0.000125000,-0.000250000,0.000000000,0.000000000,0.000000000,-0.000125000,16,0.000000000,0.000000000,0.000000000,0.000000000,0.000000000,0.000000000,16,0.000164063,0.000156250,0.000156250,0.000125000,0.000250000,0.000164063,16,0.000046875,0.000046875,0.000031250,0.000062500,0.000125000,0.000046875,16,0.000156250,0.000156250,0.000156250,0.000187500,0.000125000,0.000156250,16,0.000132813,0.000125000,0.000125000,0.000125000,0.000125000,0.000132813,16,0.000195313,0.000187500,0.000187500,0.000187500,0.000250000,0.000195313,16,0.000132813,0.000125000,0.000125000,0.000125000,0.000125000,0.000132813,16
1765346702.0167935,2025-12-10 14:05:02,-0.000125000,-0.000250000,0.000000000,0.000000000,0.000000000,-0.000125000,16,0.000000000,0.000000000,0.000000000,0.000000000,0.000000000,0.000000000,16,0.000171875,0.000171875,0.000187500,0.000187500,0.000250000,0.000171875,16,0.000085937,0.000093750,0.000093750,0.000062500,0.000125000,0.000085937,16,0.000078125,0.000078125,0.000093750,0.000125000,0.000125000,0.000078125,16,0.000093750,0.000093750,0.000093750,0.000125000,0.000125000,0.000093750,16,0.000203125,0.000218750,0.000218750,0.000187500,0.000250000,0.000203125,16,0.000117187,0.000109375,0.000093750,0.000125000,0.000125000,0.000117187,16
1765346712.8623946,2025-12-10 14:05:12,-0.000125000,-0.000250000,0.000000000,0.000000000,0.000000000,-0.000125000,16,0.000000000,0.000000000,0.000000000,0.000000000,0.000000000,0.000000000,16,0.000187500,0.000187500,0.000187500,0.000187500,0.000125000,0.000187500,16,0.000109375,0.000109375,0.000093750,0.000062500,0.000125000,0.000109375,16,0.000164063,0.000171875,0.000156250,0.000187500,0.000125000,0.000164063,16,0.000148437,0.000140625,0.000156250,0.000125000,0.000125000,0.000148437,16,0.000226563,0.000218750,0.000218750,0.000187500,0.000250000,0.000226563,16,0.000179687,0.000171875,0.000187500,0.000187500,0.000250000,0.000179687,16
1765346723.7055852,2025-12-10 14:05:23,-0.000125000,-0.000250000,0.000000000,0.000000000,0.000000000,-0.000125000,16,0.000000000,0.000000000,0.000000000,0.000000000,0.000000000,0.000000000,16,0.000179687,0.000187500,0.000187500,0.000187500,0.000125000,0.000179687,16,0.000062500,0.000062500,0.000062500,0.000062500,0.000125000,0.000062500,16,0.000062500,0.000078125,0.000062500,0.000062500,0.000000000,0.000062500,16,0.000070313,0.000078125,0.000093750,0.000062500,0.000125000,0.000070313,16,0.000218750,0.000218750,0.000218750,0.000187500,0.000250000,0.000218750,16,0.000148437,0.000140625,0.000156250,0.000187500,0.000125000,0.000148437,16
1765346734.5511794,2025-12-10 14:05:34,0.000000000,0.000000000,0.000000000,0.000000000,0.000000000,0.000000000,16,0.000125000,0.000250000,0.000000000,0.000000000,0.000000000,0.000125000,16,0.000156250,0.000156250,0.000156250,0.000187500,0.000125000,0.000156250,16,0.000039063,0.000046875,0.000062500,0.000062500,0.000000000,0.000039063,16,0.000054688,0.000046875,0.000062500,0.000062500,0.000000000,0.000054688,16,0.000070313,0.000078125,0.000093750,0.000062500,0.000000000,0.000070313,16,0.000187500,0.000187500,0.000187500,0.000187500,0.000250000,0.000187500,16,0.000101563,0.000093750,0.000093750,0.000125000,0.000125000,0.000101563,16
1765346745.3954194,2025-12-10 14:05:45,-0.000125000,-0.000250000,0.000000000,0.000000000,0.000000000,-0.000125000,16,0.000000000,0.000000000,0.000000000,0.000000000,0.000000000,0.000000000,16,0.000234375,0.000234375,0.000250000,0.000250000,0.000250000,0.000234375,16,0.000148437,0.000140625,0.000156250,0.000125000,0.000125000,0.000148437,16,0.000179687,0.000187500,0.000187500,0.000187500,0.000125000,0.000179687,16,0.000164063,0.000156250,0.000156250,0.000187500,0.000125000,0.000164063,16,0.000265625,0.000265625,0.000250000,0.000250000,0.000250000,0.000265625,16,0.000210937,0.000218750,0.000218750,0.000187500,0.000250000,0.000210937,16
1765346756.2390013,2025-12-10 14:05:56,-0.000125000,-0.000250000,0.000000000,0.000000000,0.000000000,-0.000125000,16,0.000125000,0.000000000,0.000000000,0.000000000,0.000000000,0.000125000,16,0.000187500,0.000187500,0.000187500,0.000187500,0.000250000,0.000187500,16,0.000054688,0.000062500,0.000062500,0.000062500,0.000000000,0.000054688,16,0.000093750,0.000093750,0.000093750,0.000125000,0.000125000,0.000093750,16,0.000101563,0.000109375,0.000125000,0.000062500,0.000125000,0.000101563,16,0.000210937,0.000203125,0.000218750,0.000187500,0.000250000,0.000210937,16,0.000125000,0.000125000,0.000125000,0.000125000,0.000125000,0.000125000,16
1765346767.0845203,2025-12-10 14:06:07,-0.000125000,-0.000250000,0.000000000,0.000000000,0.000000000,-0.000125000,16,0.000000000,0.000000000,0.000000000,0.000000000,0.000000000,0.000000000,16,0.000218750,0.000218750,0.000218750,0.000187500,0.000250000,0.000218750,16,0.000109375,0.000109375,0.000093750,0.000125000,0.000000000,0.000109375,16,0.000132813,0.000125000,0.000125000,0.000125000,0.000125000,0.000132813,16,0.000132813,0.000125000,0.000125000,0.000125000,0.000125000,0.000132813,16,0.000242187,0.000234375,0.000250000,0.000250000,0.000250000,0.000242187,16,0.000164063,0.000171875,0.000156250,0.000187500,0.000125000,0.000164063,16
1765346777.929601,2025-12-10 14:06:17,-0.000125000,-0.000250000,0.000000000,0.000000000,0.000000000,-0.000125000,16,0.000000000,0.000000000,0.000000000,0.000000000,0.000000000,0.000000000,16,0.000187500,0.000203125,0.000187500,0.000187500,0.000250000,0.000187500,16,0.000070313,0.000078125,0.000093750,0.000062500,0.000125000,0.000070313,16,0.000164063,0.000156250,0.000156250,0.000125000,0.000125000,0.000164063,16,0.000140625,0.000140625,0.000156250,0.000125000,0.000125000,0.000140625,16,0.000195313,0.000203125,0.000187500,0.000187500,0.000250000,0.000195313,16,0.000132813,0.000125000,0.000125000,0.000125000,0.000125000,0.000132813,16
1765346788.7768033,2025-12-10 14:06:28,-0.000125000,-0.000250000,0.000000000,0.000000000,0.000000000,-0.000125000,16,0.000000000,0.000000000,0.000000000,0.000000000,0.000000000,0.000000000,16,0.000226563,0.000218750,0.000218750,0.000187500,0.000250000,0.000226563,16,0.000125000,0.000125000,0.000125000,0.000125000,0.000125000,0.000125000,16,0.000210937,0.000203125,0.000187500,0.000187500,0.000250000,0.000210937,16,0.000171875,0.000171875,0.000187500,0.000187500,0.000125000,0.000171875,16,0.000226563,0.000218750,0.000218750,0.000250000,0.000250000,0.000226563,16,0.000187500,0.000187500,0.000187500,0.000187500,0.000250000,0.000187500,16
1765346799.6262572,2025-12-10 14:06:39,-0.000250000,-0.000250000,0.000000000,0.000000000,0.000000000,-0.000250000,16,-0.000125000,0.000000000,0.000000000,0.000000000,0.000000000,-0.000125000,16,0.000210937,0.000218750,0.000218750,0.000187500,0.000250000,0.000210937,16,0.000109375,0.000125000,0.000125000,0.000125000,0.000125000,0.000109375,16,0.000226563,0.000234375,0.000218750,0.000250000,0.000250000,0.000226563,16,0.000187500,0.000187500,0.000187500,0.000187500,0.000250000,0.000187500,16,0.000242187,0.000234375,0.000250000,0.000250000,0.000250000,0.000242187,16,0.000210937,0.000218750,0.000218750,0.000250000,0.000250000,0.000210937,16
1765346810.4737585,2025-12-10 14:06:50,-0.000250000,-0.000250000,0.000000000,0.000000000,0.000000000,-0.000250000,16,0.000000000,0.000000000,0.000000000,0.000000000,0.000000000,0.000000000,16,0.000203125,0.000187500,0.000187500,0.000187500,0.000125000,0.000203125,16,0.000093750,0.000093750,0.000093750,0.000062500,0.000125000,0.000093750,16,0.000195313,0.000187500,0.000187500,0.000187500,0.000250000,0.000195313,16,0.000164063,0.000156250,0.000156250,0.000187500,0.000125000,0.000164063,16,0.000218750,0.000218750,0.000218750,0.000250000,0.000250000,0.000218750,16,0.000218750,0.000218750,0.000218750,0.000187500,0.000250000,0.000218750,16
1765346821.3206124,2025-12-10 14:07:01,-0.000250000,-0.000250000,0.000000000,0.000000000,0.000000000,-0.000250000,16,0.000000000,0.000000000,0.000000000,0.000000000,0.000000000,0.000000000,16,0.000187500,0.000187500,0.000187500,0.000187500,0.000125000,0.000187500,16,0.000085937,0.000078125,0.000093750,0.000062500,0.000125000,0.000085937,16,0.000195313,0.000203125,0.000187500,0.000250000,0.000125000,0.000195313,16,0.000156250,0.000156250,0.000156250,0.000125000,0.000125000,0.000156250,16,0.000226563,0.000234375,0.000250000,0.000250000,0.000250000,0.000226563,16,0.000226563,0.000218750,0.000218750,0.000250000,0.000250000,0.000226563,16
1765346832.1672192,2025-12-10 14:07:12,-0.000250000,-0.000250000,0.000000000,0.000000000,0.000000000,-0.000250000,16,0.000000000,0.000000000,0.000000000,0.000000000,0.000000000,0.000000000,16,0.000171875,0.000171875,0.000156250,0.000187500,0.000125000,0.000171875,16,0.000062500,0.000062500,0.000062500,0.000062500,0.000000000,0.000062500,16,0.000187500,0.000187500,0.000187500,0.000187500,0.000125000,0.000187500,16,0.000132813,0.000125000,0.000125000,0.000125000,0.000125000,0.000132813,16,0.000210937,0.000218750,0.000218750,0.000250000,0.000250000,0.000210937,16,0.000195313,0.000187500,0.000187500,0.000187500,0.000250000,0.000195313,16
1765346843.017508,2025-12-10 14:07:23,-0.000250000,-0.000250000,0.000000000,0.000000000,0.000000000,-0.000250000,16,0.000000000,0.000000000,0.000000000,0.000000000,0.000000000,0.000000000,16,0.000179687,0.000187500,0.000187500,0.000187500,0.000125000,0.000179687,16,0.000062500,0.000062500,0.000062500,0.000062500,0.000125000,0.000062500,16,0.000171875,0.000171875,0.000156250,0.000187500,0.000250000,0.000171875,16,0.000140625,0.000140625,0.000125000,0.000125000,0.000125000,0.000140625,16,0.000218750,0.000203125,0.000218750,0.000187500,0.000250000,0.000218750,16,0.000179687,0.000171875,0.000156250,0.000187500,0.000125000,0.000179687,16
1765346853.864447,2025-12-10 14:07:33,-0.000250000,-0.000250000,0.000000000,0.000000000,0.000000000,-0.000250000,16,0.000000000,0.000000000,0.000000000,0.000000000,0.000000000,0.000000000,16,0.000171875,0.000171875,0.000187500,0.000187500,0.000125000,0.000171875,16,0.000085937,0.000078125,0.000093750,0.000062500,0.000125000,0.000085937,16,0.000218750,0.000218750,0.000218750,0.000187500,0.000250000,0.000218750,16,0.000179687,0.000171875,0.000187500,0.000187500,0.000250000,0.000179687,16,0.000226563,0.000218750,0.000218750,0.000250000,0.000250000,0.000226563,16,0.000203125,0.000203125,0.000218750,0.000250000,0.000250000,0.000203125,16
1765346864.7114522,2025-12-10 14:07:44,-0.000250000,-0.000250000,0.000000000,0.000000000,0.000000000,-0.000250000,16,0.000000000,0.000000000,0.000000000,0.000000000,0.000000000,0.000000000,16,0.000171875,0.000171875,0.000187500,0.000187500,0.000125000,0.000171875,16,0.000070313,0.000062500,0.000062500,0.000062500,0.000125000,0.000070313,16,0.000140625,0.000140625,0.000156250,0.000125000,0.000125000,0.000140625,16,0.000132813,0.000140625,0.000125000,0.000125000,0.000125000,0.000132813,16,0.000210937,0.000203125,0.000218750,0.000187500,0.000250000,0.000210937,16,0.000140625,0.000140625,0.000125000,0.000125000,0.000125000,0.000140625,16
1765346875.558428,2025-12-10 14:07:55,-0.000250000,-0.000250000,-0.000500000,0.000000000,0.000000000,-0.000250000,16,0.000000000,0.000000000,0.000000000,0.000000000,0.000000000,0.000000000,16,0.000210937,0.000218750,0.000218750,0.000187500,0.000250000,0.000210937,16,0.000125000,0.000125000,0.000125000,0.000125000,0.000125000,0.000125000,16,0.000234375,0.000234375,0.000250000,0.000250000,0.000250000,0.000234375,16,0.000195313,0.000187500,0.000187500,0.000187500,0.000250000,0.000195313,16,0.000234375,0.000234375,0.000250000,0.000250000,0.000250000,0.000234375,16,0.000234375,0.000234375,0.000250000,0.000250000,0.000250000,0.000234375,16
1765346886.4028134,2025-12-10 14:08:06,-0.000250000,-0.000250000,-0.000500000,0.000000000,0.000000000,-0.000250000,16,0.000000000,0.000000000,0.000000000,0.000000000,0.000000000,0.000000000,16,0.000171875,0.000171875,0.000156250,0.000187500,0.000250000,0.000171875,16,0.000062500,0.000062500,0.000062500,0.000062500,0.000125000,0.000062500,16,0.000164063,0.000156250,0.000156250,0.000187500,0.000125000,0.000164063,16,0.000140625,0.000125000,0.000125000,0.000125000,0.000125000,0.000140625,16,0.000218750,0.000218750,0.000218750,0.000187500,0.000250000,0.000218750,16,0.000203125,0.000187500,0.000187500,0.000187500,0.000250000,0.000203125,16
1765346897.2455516,2025-12-10 14:08:17,-0.000125000,-0.000250000,0.000000000,0.000000000,0.000000000,-0.000125000,16,0.000000000,0.000000000,0.000000000,0.000000000,0.000000000,0.000000000,16,0.000187500,0.000187500,0.000187500,0.000187500,0.000250000,0.000187500,16,0.000070313,0.000078125,0.000062500,0.000125000,0.000125000,0.000070313,16,0.000203125,0.000203125,0.000187500,0.000187500,0.000250000,0.000203125,16,0.000148437,0.000140625,0.000125000,0.000125000,0.000125000,0.000148437,16,0.000203125,0.000203125,0.000187500,0.000187500,0.000125000,0.000203125,16,0.000156250,0.000156250,0.000156250,0.000187500,0.000125000,0.000156250,16
1765346908.09246,2025-12-10 14:08:28,-0.000250000,-0.000250000,0.000000000,0.000000000,0.000000000,-0.000250000,16,0.000000000,0.000000000,0.000000000,0.000000000,0.000000000,0.000000000,16,0.000203125,0.000187500,0.000187500,0.000187500,0.000250000,0.000203125,16,0.000117187,0.000125000,0.000093750,0.000125000,0.000125000,0.000117187,16,0.000187500,0.000187500,0.000187500,0.000187500,0.000250000,0.000187500,16,0.000156250,0.000156250,0.000156250,0.000125000,0.000125000,0.000156250,16,0.000226563,0.000234375,0.000218750,0.000187500,0.000250000,0.000226563,16,0.000218750,0.000218750,0.000218750,0.000250000,0.000250000,0.000218750,16
1765346918.9359426,2025-12-10 14:08:38,-0.000250000,-0.000250000,0.000000000,0.000000000,0.000000000,-0.000250000,16,0.000000000,0.000000000,0.000000000,0.000000000,0.000000000,0.000000000,16,0.000156250,0.000156250,0.000156250,0.000125000,0.000125000,0.000156250,16,0.000093750,0.000093750,0.000093750,0.000125000,0.000125000,0.000093750,16,0.000140625,0.000140625,0.000125000,0.000187500,0.000125000,0.000140625,16,0.000132813,0.000140625,0.000125000,0.000125000,0.000125000,0.000132813,16,0.000218750,0.000203125,0.000218750,0.000187500,0.000250000,0.000218750,16,0.000164063,0.000171875,0.000156250,0.000187500,0.000125000,0.000164063,16
1765346929.7810736,2025-12-10 14:08:49,-0.000125000,-0.000250000,0.000000000,0.000000000,0.000000000,-0.000125000,16,0.000000000,0.000000000,0.000000000,0.000000000,0.000000000,0.000000000,16,0.000171875,0.000171875,0.000156250,0.000187500,0.000125000,0.000171875,16,0.000031250,0.000031250,0.000031250,0.000062500,0.000000000,0.000031250,16,0.000187500,0.000187500,0.000187500,0.000187500,0.000125000,0.000187500,16,0.000140625,0.000140625,0.000125000,0.000125000,0.000125000,0.000140625,16,0.000187500,0.000171875,0.000187500,0.000187500,0.000125000,0.000187500,16,0.000101563,0.000109375,0.000093750,0.000125000,0.000000000,0.000101563,16
1765346940.6257787,2025-12-10 14:09:00,-0.000250000,-0.000250000,0.000000000,0.000000000,0.000000000,-0.000250000,16,0.000000000,0.000000000,0.000000000,0.000000000,0.000000000,0.000000000,16,0.000195313,0.000203125,0.000187500,0.000187500,0.000250000,0.000195313,16,0.000109375,0.000109375,0.000093750,0.000125000,0.000125000,0.000109375,16,0.000179687,0.000171875,0.000187500,0.000187500,0.000125000,0.000179687,16,0.000140625,0.000140625,0.000156250,0.000125000,0.000125000,0.000140625,16,0.000234375,0.000234375,0.000250000,0.000250000,0.000250000,0.000234375,16,0.000171875,0.000171875,0.000156250,0.000187500,0.000125000,0.000171875,16
1765346951.4705544,2025-12-10 14:09:11,-0.000125000,-0.000250000,0.000000000,0.000000000,0.000000000,-0.000125000,16,0.000000000,0.000000000,0.000000000,0.000000000,0.000000000,0.000000000,16,0.000195313,0.000203125,0.000218750,0.000187500,0.000250000,0.000195313,16,0.000132813,0.000125000,0.000125000,0.000125000,0.000125000,0.000132813,16,0.000179687,0.000171875,0.000187500,0.000187500,0.000250000,0.000179687,16,0.000148437,0.000140625,0.000156250,0.000187500,0.000125000,0.000148437,16,0.000234375,0.000234375,0.000250000,0.000250000,0.000250000,0.000234375,16,0.000203125,0.000187500,0.000218750,0.000250000,0.000250000,0.000203125,16
1765346962.3155,2025-12-10 14:09:22,-0.000250000,-0.000250000,0.000000000,0.000000000,0.000000000,-0.000250000,16,0.000000000,0.000000000,0.000000000,0.000000000,0.000000000,0.000000000,16,0.000210937,0.000203125,0.000218750,0.000250000,0.000250000,0.000210937,16,0.000117187,0.000125000,0.000125000,0.000125000,0.000125000,0.000117187,16,0.000195313,0.000187500,0.000187500,0.000187500,0.000250000,0.000195313,16,0.000156250,0.000156250,0.000156250,0.000125000,0.000125000,0.000156250,16,0.000234375,0.000234375,0.000250000,0.000250000,0.000250000,0.000234375,16,0.000195313,0.000203125,0.000187500,0.000187500,0.000250000,0.000195313,16
1765346973.16031,2025-12-10 14:09:33,-0.000250000,-0.000250000,-0.000500000,0.000000000,0.000000000,-0.000250000,16,0.000000000,0.000000000,0.000000000,0.000000000,0.000000000,0.000000000,16,0.000210937,0.000203125,0.000218750,0.000250000,0.000250000,0.000210937,16,0.000125000,0.000125000,0.000125000,0.000125000,0.000125000,0.000125000,16,0.000226563,0.000234375,0.000250000,0.000187500,0.000250000,0.000226563,16,0.000187500,0.000187500,0.000187500,0.000187500,0.000250000,0.000187500,16,0.000234375,0.000234375,0.000250000,0.000250000,0.000250000,0.000234375,16,0.000218750,0.000218750,0.000218750,0.000250000,0.000250000,0.000218750,16
1765346984.0045388,2025-12-10 14:09:44,-0.000125000,-0.000250000,0.000000000,0.000000000,0.000000000,-0.000125000,16,0.000000000,0.000000000,0.000000000,0.000000000,0.000000000,0.000000000,16,0.000179687,0.000171875,0.000187500,0.000187500,0.000125000,0.000179687,16,0.000117187,0.000109375,0.000093750,0.000125000,0.000125000,0.000117187,16,0.000164063,0.000156250,0.000156250,0.000125000,0.000125000,0.000164063,16,0.000132813,0.000125000,0.000125000,0.000125000,0.000125000,0.000132813,16,0.000218750,0.000218750,0.000218750,0.000250000,0.000250000,0.000218750,16,0.000179687,0.000171875,0.000187500,0.000187500,0.000250000,0.000179687,16
1765346994.8525221,2025-12-10 14:09:54,-0.000250000,-0.000250000,0.000000000,0.000000000,0.000000000,-0.000250000,16,0.000000000,0.000000000,0.000000000,0.000000000,0.000000000,0.000000000,16,0.000203125,0.000203125,0.000187500,0.000187500,0.000250000,0.000203125,16,0.000093750,0.000093750,0.000093750,0.000125000,0.000125000,0.000093750,16,0.000164063,0.000156250,0.000156250,0.000125000,0.000125000,0.000164063,16,0.000140625,0.000140625,0.000156250,0.000125000,0.000125000,0.000140625,16,0.000226563,0.000234375,0.000250000,0.000250000,0.000250000,0.000226563,16,0.000234375,0.000234375,0.000218750,0.000250000,0.000250000,0.000234375,16
1765347005.6985545,2025-12-10 14:10:05,-0.000250000,-0.000250000,0.000000000,0.000000000,0.000000000,-0.000250000,16,0.000000000,0.000000000,0.000000000,0.000000000,0.000000000,0.000000000,16,0.000218750,0.000203125,0.000218750,0.000187500,0.000250000,0.000218750,16,0.000093750,0.000109375,0.000125000,0.000062500,0.000125000,0.000093750,16,0.000195313,0.000203125,0.000187500,0.000187500,0.000250000,0.000195313,16,0.000171875,0.000171875,0.000187500,0.000125000,0.000125000,0.000171875,16,0.000226563,0.000218750,0.000218750,0.000187500,0.000250000,0.000226563,16,0.000210937,0.000203125,0.000218750,0.000187500,0.000250000,0.000210937,16
1765347016.5430524,2025-12-10 14:10:16,-0.000125000,-0.000250000,0.000000000,0.000000000,0.000000000,-0.000125000,16,0.000000000,0.000000000,0.000000000,0.000000000,0.000000000,0.000000000,16,0.000187500,0.000187500,0.000187500,0.000187500,0.000250000,0.000187500,16,0.000078125,0.000078125,0.000093750,0.000062500,0.000125000,0.000078125,16,0.000171875,0.000171875,0.000156250,0.000187500,0.000125000,0.000171875,16,0.000132813,0.000140625,0.000156250,0.000187500,0.000125000,0.000132813,16,0.000203125,0.000203125,0.000187500,0.000187500,0.000125000,0.000203125,16,0.000187500,0.000171875,0.000187500,0.000187500,0.000250000,0.000187500,16
1765347027.3885653,2025-12-10 14:10:27,-0.000250000,-0.000250000,0.000000000,0.000000000,0.000000000,-0.000250000,16,0.000000000,0.000000000,0.000000000,0.000000000,0.000000000,0.000000000,16,0.000171875,0.000171875,0.000156250,0.000187500,0.000125000,0.000171875,16,0.000015625,0.000000000,0.000031250,0.000000000,0.000000000,0.000015625,16,0.000085937,0.000093750,0.000093750,0.000062500,0.000125000,0.000085937,16,0.000085937,0.000078125,0.000093750,0.000125000,0.000125000,0.000085937,16,0.000210937,0.000203125,0.000218750,0.000250000,0.000125000,0.000210937,16,0.000187500,0.000187500,0.000187500,0.000187500,0.000125000,0.000187500,16
1765347038.2367275,2025-12-10 14:10:38,-0.000250000,-0.000250000,0.000000000,0.000000000,0.000000000,-0.000250000,16,0.000000000,0.000000000,0.000000000,0.000000000,0.000000000,0.000000000,16,0.000203125,0.000218750,0.000218750,0.000250000,0.000250000,0.000203125,16,0.000117187,0.000109375,0.000125000,0.000125000,0.000125000,0.000117187,16,0.000203125,0.000203125,0.000218750,0.000187500,0.000250000,0.000203125,16,0.000164063,0.000171875,0.000187500,0.000187500,0.000125000,0.000164063,16,0.000226563,0.000218750,0.000218750,0.000250000,0.000250000,0.000226563,16,0.000203125,0.000203125,0.000187500,0.000187500,0.000250000,0.000203125,16
1765347049.083357,2025-12-10 14:10:49,-0.000250000,-0.000250000,0.000000000,0.000000000,0.000000000,-0.000250000,16,0.000000000,0.000000000,0.000000000,0.000000000,0.000000000,0.000000000,16,0.000171875,0.000171875,0.000156250,0.000187500,0.000125000,0.000171875,16,0.000093750,0.000093750,0.000093750,0.000125000,0.000125000,0.000093750,16,0.000109375,0.000109375,0.000093750,0.000125000,0.000125000,0.000109375,16,0.000109375,0.000109375,0.000093750,0.000125000,0.000125000,0.000109375,16,0.000218750,0.000203125,0.000218750,0.000187500,0.000250000,0.000218750,16,0.000179687,0.000171875,0.000187500,0.000187500,0.000250000,0.000179687,16
1765347059.9302692,2025-12-10 14:10:59,-0.000250000,-0.000250000,0.000000000,0.000000000,0.000000000,-0.000250000,16,0.000000000,0.000000000,0.000000000,0.000000000,0.000000000,0.000000000,16,0.000210937,0.000203125,0.000218750,0.000187500,0.000250000,0.000210937,16,0.000125000,0.000125000,0.000125000,0.000125000,0.000125000,0.000125000,16,0.000195313,0.000187500,0.000187500,0.000187500,0.000250000,0.000195313,16,0.000164063,0.000171875,0.000156250,0.000187500,0.000125000,0.000164063,16,0.000234375,0.000234375,0.000218750,0.000250000,0.000250000,0.000234375,16,0.000218750,0.000234375,0.000218750,0.000250000,0.000250000,0.000218750,16
1765347070.7779453,2025-12-10 14:11:10,-0.000125000,-0.000250000,0.000000000,0.000000000,0.000000000,-0.000125000,16,0.000000000,0.000000000,0.000000000,0.000000000,0.000000000,0.000000000,16,0.000187500,0.000187500,0.000187500,0.000187500,0.000125000,0.000187500,16,0.000093750,0.000078125,0.000093750,0.000062500,0.000125000,0.000093750,16,0.000179687,0.000171875,0.000187500,0.000187500,0.000125000,0.000179687,16,0.000140625,0.000140625,0.000156250,0.000125000,0.000125000,0.000140625,16,0.000187500,0.000203125,0.000187500,0.000187500,0.000250000,0.000187500,16,0.000148437,0.000156250,0.000156250,0.000125000,0.000125000,0.000148437,16
1765347081.624787,2025-12-10 14:11:21,-0.000125000,-0.000250000,0.000000000,0.000000000,0.000000000,-0.000125000,16,0.000000000,0.000000000,0.000000000,0.000000000,0.000000000,0.000000000,16,0.000164063,0.000156250,0.000156250,0.000187500,0.000125000,0.000164063,16,0.000078125,0.000078125,0.000093750,0.000062500,0.000125000,0.000078125,16,0.000109375,0.000109375,0.000125000,0.000062500,0.000125000,0.000109375,16,0.000109375,0.000109375,0.000125000,0.000125000,0.000125000,0.000109375,16,0.000179687,0.000187500,0.000187500,0.000187500,0.000250000,0.000179687,16,0.000125000,0.000125000,0.000125000,0.000125000,0.000125000,0.000125000,16
1765347092.4701579,2025-12-10 14:11:32,-0.000125000,-0.000250000,0.000000000,0.000000000,0.000000000,-0.000125000,16,0.000000000,0.000000000,0.000000000,0.000000000,0.000000000,0.000000000,16,0.000195313,0.000187500,0.000187500,0.000187500,0.000250000,0.000195313,16,0.000101563,0.000109375,0.000093750,0.000125000,0.000125000,0.000101563,16,0.000148437,0.000140625,0.000156250,0.000187500,0.000125000,0.000148437,16,0.000140625,0.000140625,0.000156250,0.000125000,0.000125000,0.000140625,16,0.000226563,0.000234375,0.000218750,0.000250000,0.000250000,0.000226563,16,0.000187500,0.000187500,0.000187500,0.000187500,0.000250000,0.000187500,16
1765347103.3170934,2025-12-10 14:11:43,-0.000125000,-0.000250000,0.000000000,0.000000000,0.000000000,-0.000125000,16,0.000000000,0.000000000,0.000000000,0.000000000,0.000000000,0.000000000,16,0.000187500,0.000187500,0.000187500,0.000187500,0.000125000,0.000187500,16,0.000117187,0.000109375,0.000093750,0.000125000,0.000000000,0.000117187,16,0.000117187,0.000109375,0.000125000,0.000125000,0.000125000,0.000117187,16,0.000117187,0.000125000,0.000125000,0.000125000,0.000125000,0.000117187,16,0.000203125,0.000203125,0.000218750,0.000187500,0.000250000,0.000203125,16,0.000109375,0.000125000,0.000125000,0.000125000,0.000125000,0.000109375,16
1765347114.1642196,2025-12-10 14:11:54,-0.000125000,-0.000250000,0.000000000,0.000000000,0.000000000,-0.000125000,16,0.000000000,0.000000000,0.000000000,0.000000000,0.000000000,0.000000000,16,0.000195313,0.000187500,0.000187500,0.000187500,0.000125000,0.000195313,16,0.000148437,0.000140625,0.000156250,0.000125000,0.000125000,0.000148437,16,0.000132813,0.000125000,0.000125000,0.000125000,0.000125000,0.000132813,16,0.000148437,0.000140625,0.000156250,0.000187500,0.000125000,0.000148437,16,0.000242187,0.000234375,0.000250000,0.000250000,0.000250000,0.000242187,16,0.000179687,0.000187500,0.000187500,0.000187500,0.000125000,0.000179687,16
1765347125.0102773,2025-12-10 14:12:05,-0.000250000,-0.000250000,0.000000000,0.000000000,0.000000000,-0.000250000,16,0.000000000,0.000000000,0.000000000,0.000000000,0.000000000,0.000000000,16,0.000195313,0.000187500,0.000187500,0.000187500,0.000250000,0.000195313,16,0.000101563,0.000109375,0.000125000,0.000125000,0.000125000,0.000101563,16,0.000085937,0.000093750,0.000093750,0.000062500,0.000125000,0.000085937,16,0.000109375,0.000109375,0.000093750,0.000125000,0.000125000,0.000109375,16,0.000226563,0.000218750,0.000218750,0.000250000,0.000250000,0.000226563,16,0.000148437,0.000140625,0.000156250,0.000125000,0.000125000,0.000148437,16
1765347135.8571122,2025-12-10 14:12:15,-0.000250000,-0.000250000,0.000000000,0.000000000,0.000000000,-0.000250000,16,0.000000000,0.000000000,0.000000000,0.000000000,0.000000000,0.000000000,16,0.000203125,0.000203125,0.000218750,0.000187500,0.000250000,0.000203125,16,0.000109375,0.000109375,0.000093750,0.000125000,0.000125000,0.000109375,16,0.000171875,0.000171875,0.000187500,0.000187500,0.000125000,0.000171875,16,0.000148437,0.000140625,0.000156250,0.000187500,0.000125000,0.000148437,16,0.000242187,0.000250000,0.000250000,0.000250000,0.000250000,0.000242187,16,0.000210937,0.000203125,0.000218750,0.000187500,0.000250000,0.000210937,16
1765347146.70264,2025-12-10 14:12:26,-0.000250000,-0.000250000,0.000000000,0.000000000,0.000000000,-0.000250000,16,0.000000000,0.000000000,0.000000000,0.000000000,0.000000000,0.000000000,16,0.000210937,0.000218750,0.000218750,0.000187500,0.000125000,0.000210937,16,0.000117187,0.000109375,0.000125000,0.000125000,0.000125000,0.000117187,16,0.000156250,0.000156250,0.000156250,0.000125000,0.000250000,0.000156250,16,0.000132813,0.000140625,0.000125000,0.000125000,0.000125000,0.000132813,16,0.000218750,0.000218750,0.000218750,0.000250000,0.000250000,0.000218750,16,0.000171875,0.000171875,0.000187500,0.000187500,0.000125000,0.000171875,16
1765347157.549905,2025-12-10 14:12:37,-0.000125000,-0.000250000,0.000000000,0.000000000,0.000000000,-0.000125000,16,0.000000000,0.000000000,0.000000000,0.000000000,0.000000000,0.000000000,16,0.000210937,0.000218750,0.000218750,0.000187500,0.000250000,0.000210937,16,0.000125000,0.000125000,0.000125000,0.000125000,0.000125000,0.000125000,16,0.000195313,0.000203125,0.000187500,0.000187500,0.000250000,0.000195313,16,0.000164063,0.000171875,0.000156250,0.000187500,0.000125000,0.000164063,16,0.000234375,0.000218750,0.000218750,0.000250000,0.000250000,0.000234375,16,0.000210937,0.000218750,0.000218750,0.000187500,0.000250000,0.000210937,16
1765347168.3959267,2025-12-10 14:12:48,-0.000125000,-0.000250000,0.000000000,0.000000000,0.000000000,-0.000125000,16,0.000000000,0.000000000,0.000000000,0.000000000,0.000000000,0.000000000,16,0.000195313,0.000187500,0.000187500,0.000187500,0.000125000,0.000195313,16,0.000101563,0.000093750,0.000093750,0.000125000,0.000125000,0.000101563,16,0.000179687,0.000171875,0.000187500,0.000187500,0.000125000,0.000179687,16,0.000140625,0.000140625,0.000125000,0.000125000,0.000125000,0.000140625,16,0.000187500,0.000187500,0.000187500,0.000187500,0.000250000,0.000187500,16,0.000148437,0.000140625,0.000156250,0.000125000,0.000125000,0.000148437,16
1765347179.2402897,2025-12-10 14:12:59,-0.000250000,-0.000250000,0.000000000,0.000000000,0.000000000,-0.000250000,16,-0.000125000,0.000000000,0.000000000,0.000000000,0.000000000,-0.000125000,16,0.000203125,0.000203125,0.000218750,0.000187500,0.000250000,0.000203125,16,0.000132813,0.000125000,0.000125000,0.000125000,0.000125000,0.000132813,16,0.000203125,0.000218750,0.000187500,0.000187500,0.000250000,0.000203125,16,0.000171875,0.000171875,0.000187500,0.000187500,0.000250000,0.000171875,16,0.000218750,0.000234375,0.000250000,0.000250000,0.000250000,0.000218750,16,0.000218750,0.000218750,0.000218750,0.000250000,0.000250000,0.000218750,16
1765347190.0839818,2025-12-10 14:13:10,-0.000125000,-0.000250000,0.000000000,0.000000000,0.000000000,-0.000125000,16,0.000000000,0.000000000,0.000000000,0.000000000,0.000000000,0.000000000,16,0.000164063,0.000171875,0.000156250,0.000187500,0.000125000,0.000164063,16,0.000085937,0.000078125,0.000093750,0.000062500,0.000125000,0.000085937,16,0.000125000,0.000125000,0.000125000,0.000125000,0.000125000,0.000125000,16,0.000101563,0.000109375,0.000125000,0.000125000,0.000125000,0.000101563,16,0.000195313,0.000187500,0.000187500,0.000187500,0.000250000,0.000195313,16,0.000132813,0.000140625,0.000125000,0.000125000,0.000125000,0.000132813,16
1765347200.930472,2025-12-10 14:13:20,-0.000125000,-0.000250000,0.000000000,0.000000000,0.000000000,-0.000125000,16,0.000000000,0.000000000,0.000000000,0.000000000,0.000000000,0.000000000,16,0.000179687,0.000171875,0.000187500,0.000187500,0.000250000,0.000179687,16,0.000070313,0.000078125,0.000093750,0.000062500,0.000125000,0.000070313,16,0.000164063,0.000171875,0.000156250,0.000187500,0.000125000,0.000164063,16,0.000140625,0.000140625,0.000156250,0.000125000,0.000125000,0.000140625,16,0.000210937,0.000218750,0.000218750,0.000187500,0.000250000,0.000210937,16,0.000179687,0.000187500,0.000187500,0.000187500,0.000125000,0.000179687,16
1765347211.776389,2025-12-10 14:13:31,-0.000250000,-0.000250000,0.000000000,0.000000000,0.000000000,-0.000250000,16,0.000000000,0.000000000,0.000000000,0.000000000,0.000000000,0.000000000,16,0.000179687,0.000171875,0.000187500,0.000187500,0.000125000,0.000179687,16,0.000062500,0.000062500,0.000062500,0.000062500,0.000000000,0.000062500,16,0.000125000,0.000125000,0.000125000,0.000125000,0.000125000,0.000125000,16,0.000109375,0.000109375,0.000093750,0.000125000,0.000125000,0.000109375,16,0.000210937,0.000218750,0.000218750,0.000187500,0.000250000,0.000210937,16,0.000203125,0.000187500,0.000187500,0.000187500,0.000250000,0.000203125,16
1765347222.622808,2025-12-10 14:13:42,-0.000250000,-0.000250000,0.000000000,0.000000000,0.000000000,-0.000250000,16,0.000000000,0.000000000,0.000000000,0.000000000,0.000000000,0.000000000,16,0.000195313,0.000187500,0.000187500,0.000187500,0.000250000,0.000195313,16,0.000109375,0.000109375,0.000125000,0.000125000,0.000125000,0.000109375,16,0.000171875,0.000171875,0.000156250,0.000187500,0.000125000,0.000171875,16,0.000148437,0.000140625,0.000156250,0.000125000,0.000125000,0.000148437,16,0.000210937,0.000203125,0.000218750,0.000187500,0.000250000,0.000210937,16,0.000218750,0.000218750,0.000218750,0.000250000,0.000250000,0.000218750,16
1765347233.469328,2025-12-10 14:13:53,-0.000250000,-0.000250000,0.000000000,0.000000000,0.000000000,-0.000250000,16,0.000000000,0.000000000,0.000000000,0.000000000,0.000000000,0.000000000,16,0.000140625,0.000125000,0.000125000,0.000125000,0.000125000,0.000140625,16,0.000000000,0.000000000,0.000000000,0.000000000,0.000000000,0.000000000,16,0.000085937,0.000078125,0.000062500,0.000062500,0.000125000,0.000085937,16,0.000085937,0.000093750,0.000093750,0.000125000,0.000125000,0.000085937,16,0.000187500,0.000187500,0.000187500,0.000187500,0.000125000,0.000187500,16,0.000171875,0.000187500,0.000187500,0.000187500,0.000125000,0.000171875,16
1765347244.3182018,2025-12-10 14:14:04,-0.000125000,-0.000250000,0.000000000,0.000000000,0.000000000,-0.000125000,16,0.000000000,0.000000000,0.000000000,0.000000000,0.000000000,0.000000000,16,0.000148437,0.000156250,0.000156250,0.000187500,0.000125000,0.000148437,16,0.000070313,0.000062500,0.000062500,0.000062500,0.000125000,0.000070313,16,0.000203125,0.000203125,0.000218750,0.000187500,0.000250000,0.000203125,16,0.000164063,0.000156250,0.000156250,0.000187500,0.000125000,0.000164063,16,0.000203125,0.000203125,0.000187500,0.000187500,0.000125000,0.000203125,16,0.000164063,0.000171875,0.000187500,0.000125000,0.000125000,0.000164063,16
1765347255.165962,2025-12-10 14:14:15,-0.000250000,-0.000250000,0.000000000,0.000000000,0.000000000,-0.000250000,16,-0.000125000,0.000000000,0.000000000,0.000000000,0.000000000,-0.000125000,16,0.000171875,0.000171875,0.000156250,0.000125000,0.000250000,0.000171875,16,0.000078125,0.000078125,0.000093750,0.000062500,0.000125000,0.000078125,16,0.000203125,0.000203125,0.000187500,0.000187500,0.000250000,0.000203125,16,0.000164063,0.000171875,0.000156250,0.000187500,0.000125000,0.000164063,16,0.000210937,0.000203125,0.000218750,0.000187500,0.000250000,0.000210937,16,0.000187500,0.000187500,0.000187500,0.000187500,0.000250000,0.000187500,16
1765347266.013996,2025-12-10 14:14:26,-0.000250000,-0.000250000,0.000000000,0.000000000,0.000000000,-0.000250000,16,-0.000125000,0.000000000,0.000000000,0.000000000,0.000000000,-0.000125000,16,0.000148437,0.000140625,0.000156250,0.000125000,0.000125000,0.000148437,16,0.000054688,0.000046875,0.000062500,0.000062500,0.000000000,0.000054688,16,0.000164063,0.000171875,0.000187500,0.000187500,0.000125000,0.000164063,16,0.000140625,0.000140625,0.000156250,0.000187500,0.000125000,0.000140625,16,0.000203125,0.000203125,0.000187500,0.000187500,0.000125000,0.000203125,16,0.000195313,0.000187500,0.000218750,0.000187500,0.000125000,0.000195313,16
1765347276.863357,2025-12-10 14:14:36,-0.000125000,-0.000250000,0.000000000,0.000000000,0.000000000,-0.000125000,16,0.000000000,0.000000000,0.000000000,0.000000000,0.000000000,0.000000000,16,0.000156250,0.000156250,0.000156250,0.000187500,0.000125000,0.000156250,16,0.000085937,0.000093750,0.000093750,0.000062500,0.000125000,0.000085937,16,0.000179687,0.000171875,0.000187500,0.000187500,0.000125000,0.000179687,16,0.000140625,0.000140625,0.000156250,0.000125000,0.000250000,0.000140625,16,0.000171875,0.000187500,0.000187500,0.000187500,0.000125000,0.000171875,16,0.000187500,0.000187500,0.000187500,0.000187500,0.000250000,0.000187500,16
1765347287.7123895,2025-12-10 14:14:47,-0.000250000,-0.000250000,0.000000000,0.000000000,0.000000000,-0.000250000,16,0.000000000,0.000000000,0.000000000,0.000000000,0.000000000,0.000000000,16,0.000148437,0.000140625,0.000156250,0.000125000,0.000125000,0.000148437,16,0.000085937,0.000093750,0.000093750,0.000062500,0.000125000,0.000085937,16,0.000171875,0.000171875,0.000156250,0.000187500,0.000125000,0.000171875,16,0.000132813,0.000125000,0.000125000,0.000125000,0.000125000,0.000132813,16,0.000195313,0.000187500,0.000187500,0.000187500,0.000125000,0.000195313,16,0.000203125,0.000203125,0.000218750,0.000187500,0.000250000,0.000203125,16
1765347298.5604074,2025-12-10 14:14:58,-0.000125000,-0.000250000,0.000000000,0.000000000,0.000000000,-0.000125000,16,0.000000000,0.000000000,0.000000000,0.000000000,0.000000000,0.000000000,16,0.000164063,0.000156250,0.000156250,0.000187500,0.000125000,0.000164063,16,0.000085937,0.000093750,0.000093750,0.000062500,0.000125000,0.000085937,16,0.000179687,0.000187500,0.000187500,0.000187500,0.000125000,0.000179687,16,0.000132813,0.000140625,0.000125000,0.000125000,0.000125000,0.000132813,16,0.000179687,0.000187500,0.000187500,0.000187500,0.000125000,0.000179687,16,0.000203125,0.000203125,0.000218750,0.000187500,0.000125000,0.000203125,16
1765347309.4083443,2025-12-10 14:15:09,-0.000125000,-0.000250000,0.000000000,0.000000000,0.000000000,-0.000125000,16,0.000000000,0.000000000,0.000000000,0.000000000,0.000000000,0.000000000,16,0.000148437,0.000140625,0.000125000,0.000125000,0.000125000,0.000148437,16,0.000093750,0.000093750,0.000093750,0.000125000,0.000125000,0.000093750,16,0.000195313,0.000187500,0.000187500,0.000250000,0.000125000,0.000195313,16,0.000148437,0.000140625,0.000156250,0.000187500,0.000125000,0.000148437,16,0.000179687,0.000171875,0.000187500,0.000187500,0.000250000,0.000179687,16,0.000195313,0.000187500,0.000187500,0.000187500,0.000250000,0.000195313,16
1765347320.2522075,2025-12-10 14:15:20,-0.000125000,0.000000000,0.000000000,0.000000000,0.000000000,-0.000125000,16,0.000000000,0.000000000,0.000000000,0.000000000,0.000000000,0.000000000,16,0.000109375,0.000109375,0.000125000,0.000125000,0.000125000,0.000109375,16,0.000007813,0.000015625,0.000031250,0.000000000,0.000125000,0.000007813,16,0.000101563,0.000093750,0.000093750,0.000125000,0.000125000,0.000101563,16,0.000078125,0.000078125,0.000062500,0.000062500,0.000125000,0.000078125,16,0.000148437,0.000140625,0.000156250,0.000125000,0.000125000,0.000148437,16,0.000109375,0.000109375,0.000125000,0.000125000,0.000125000,0.000109375,16
1765347331.097607,2025-12-10 14:15:31,-0.000125000,-0.000250000,0.000000000,0.000000000,0.000000000,-0.000125000,16,0.000000000,0.000000000,0.000000000,0.000000000,0.000000000,0.000000000,16,0.000140625,0.000140625,0.000156250,0.000125000,0.000125000,0.000140625,16,0.000046875,0.000046875,0.000031250,0.000062500,0.000125000,0.000046875,16,0.000117187,0.000109375,0.000125000,0.000125000,0.000125000,0.000117187,16,0.000093750,0.000093750,0.000093750,0.000062500,0.000000000,0.000093750,16,0.000187500,0.000187500,0.000187500,0.000187500,0.000125000,0.000187500,16,0.000125000,0.000125000,0.000125000,0.000125000,0.000125000,0.000125000,16
1765347341.9429107,2025-12-10 14:15:41,-0.000125000,0.000000000,0.000000000,0.000000000,0.000000000,-0.000125000,16,0.000000000,0.000000000,0.000000000,0.000000000,0.000000000,0.000000000,16,0.000156250,0.000156250,0.000156250,0.000187500,0.000125000,0.000156250,16,0.000046875,0.000046875,0.000062500,0.000062500,0.000000000,0.000046875,16,0.000117187,0.000109375,0.000125000,0.000125000,0.000125000,0.000117187,16,0.000078125,0.000078125,0.000093750,0.000062500,0.000000000,0.000078125,16,0.000171875,0.000171875,0.000156250,0.000187500,0.000125000,0.000171875,16,0.000109375,0.000109375,0.000093750,0.000125000,0.000125000,0.000109375,16
1765347352.790467,2025-12-10 14:15:52,-0.000125000,-0.000250000,0.000000000,0.000000000,0.000000000,-0.000125000,16,0.000000000,0.000000000,0.000000000,0.000000000,0.000000000,0.000000000,16,0.000164063,0.000156250,0.000156250,0.000187500,0.000125000,0.000164063,16,0.000062500,0.000062500,0.000062500,0.000062500,0.000125000,0.000062500,16,0.000125000,0.000125000,0.000125000,0.000125000,0.000125000,0.000125000,16,0.000109375,0.000109375,0.000093750,0.000125000,0.000125000,0.000109375,16,0.000210937,0.000203125,0.000218750,0.000187500,0.000250000,0.000210937,16,0.000171875,0.000171875,0.000187500,0.000187500,0.000125000,0.000171875,16
1765347363.6347802,2025-12-10 14:16:03,-0.000125000,-0.000250000,0.000000000,0.000000000,0.000000000,-0.000125000,16,0.000000000,0.000000000,0.000000000,0.000000000,0.000000000,0.000000000,16,0.000179687,0.000171875,0.000187500,0.000187500,0.000125000,0.000179687,16,0.000054688,0.000046875,0.000062500,0.000062500,0.000000000,0.000054688,16,0.000078125,0.000078125,0.000093750,0.000062500,0.000125000,0.000078125,16,0.000070313,0.000062500,0.000062500,0.000062500,0.000125000,0.000070313,16,0.000195313,0.000203125,0.000187500,0.000187500,0.000250000,0.000195313,16,0.000156250,0.000156250,0.000156250,0.000125000,0.000125000,0.000156250,16
1765347374.4817996,2025-12-10 14:16:14,-0.000125000,0.000000000,0.000000000,0.000000000,0.000000000,-0.000125000,16,0.000000000,0.000000000,0.000000000,0.000000000,0.000000000,0.000000000,16,0.000171875,0.000171875,0.000187500,0.000187500,0.000250000,0.000171875,16,0.000054688,0.000062500,0.000062500,0.000062500,0.000000000,0.000054688,16,0.000125000,0.000125000,0.000125000,0.000125000,0.000125000,0.000125000,16,0.000078125,0.000093750,0.000093750,0.000125000,0.000000000,0.000078125,16,0.000179687,0.000171875,0.000156250,0.000125000,0.000125000,0.000179687,16,0.000125000,0.000125000,0.000125000,0.000125000,0.000125000,0.000125000,16
1765347385.3275034,2025-12-10 14:16:25,-0.000125000,-0.000250000,0.000000000,0.000000000,0.000000000,-0.000125000,16,0.000000000,0.000000000,0.000000000,0.000000000,0.000000000,0.000000000,16,0.000179687,0.000187500,0.000187500,0.000187500,0.000250000,0.000179687,16,0.000093750,0.000093750,0.000093750,0.000125000,0.000125000,0.000093750,16,0.000117187,0.000109375,0.000125000,0.000125000,0.000125000,0.000117187,16,0.000109375,0.000109375,0.000125000,0.000062500,0.000125000,0.000109375,16,0.000195313,0.000203125,0.000187500,0.000187500,0.000250000,0.000195313,16,0.000140625,0.000125000,0.000125000,0.000125000,0.000125000,0.000140625,16
1765347396.1728306,2025-12-10 14:16:36,-0.000125000,-0.000250000,0.000000000,0.000000000,0.000000000,-0.000125000,16,0.000000000,0.000000000,0.000000000,0.000000000,0.000000000,0.000000000,16,0.000179687,0.000187500,0.000187500,0.000187500,0.000125000,0.000179687,16,0.000101563,0.000093750,0.000093750,0.000125000,0.000000000,0.000101563,16,0.000156250,0.000171875,0.000156250,0.000187500,0.000250000,0.000156250,16,0.000132813,0.000125000,0.000125000,0.000125000,0.000125000,0.000132813,16,0.000210937,0.000203125,0.000218750,0.000187500,0.000125000,0.000210937,16,0.000164063,0.000171875,0.000187500,0.000187500,0.000125000,0.000164063,16
1765347407.0174997,2025-12-10 14:16:47,-0.000125000,-0.000250000,0.000000000,0.000000000,0.000000000,-0.000125000,16,0.000000000,0.000000000,0.000000000,0.000000000,0.000000000,0.000000000,16,0.000164063,0.000171875,0.000187500,0.000187500,0.000125000,0.000164063,16,0.000070313,0.000078125,0.000093750,0.000062500,0.000125000,0.000070313,16,0.000125000,0.000140625,0.000125000,0.000125000,0.000125000,0.000125000,16,0.000117187,0.000109375,0.000125000,0.000125000,0.000125000,0.000117187,16,0.000171875,0.000171875,0.000156250,0.000187500,0.000250000,0.000171875,16,0.000117187,0.000125000,0.000125000,0.000125000,0.000125000,0.000117187,16
1765347417.8640594,2025-12-10 14:16:57,-0.000125000,-0.000250000,0.000000000,0.000000000,0.000000000,-0.000125000,16,0.000000000,0.000000000,0.000000000,0.000000000,0.000000000,0.000000000,16,0.000171875,0.000171875,0.000156250,0.000187500,0.000125000,0.000171875,16,0.000085937,0.000093750,0.000093750,0.000125000,0.000125000,0.000085937,16,0.000109375,0.000093750,0.000093750,0.000125000,0.000125000,0.000109375,16,0.000093750,0.000093750,0.000093750,0.000125000,0.000125000,0.000093750,16,0.000187500,0.000187500,0.000187500,0.000187500,0.000250000,0.000187500,16,0.000125000,0.000125000,0.000125000,0.000125000,0.000125000,0.000125000,16
1765347428.7108307,2025-12-10 14:17:08,-0.000125000,-0.000250000,0.000000000,0.000000000,0.000000000,-0.000125000,16,0.000000000,0.000000000,0.000000000,0.000000000,0.000000000,0.000000000,16,0.000187500,0.000187500,0.000187500,0.000187500,0.000250000,0.000187500,16,0.000117187,0.000109375,0.000125000,0.000125000,0.000125000,0.000117187,16,0.000195313,0.000187500,0.000187500,0.000187500,0.000125000,0.000195313,16,0.000156250,0.000156250,0.000156250,0.000125000,0.000125000,0.000156250,16,0.000218750,0.000203125,0.000218750,0.000187500,0.000250000,0.000218750,16,0.000171875,0.000171875,0.000187500,0.000187500,0.000250000,0.000171875,16
1765347439.5560062,2025-12-10 14:17:19,-0.000250000,-0.000250000,0.000000000,0.000000000,0.000000000,-0.000250000,16,-0.000125000,0.000000000,0.000000000,0.000000000,0.000000000,-0.000125000,16,0.000195313,0.000187500,0.000187500,0.000187500,0.000125000,0.000195313,16,0.000117187,0.000125000,0.000125000,0.000125000,0.000125000,0.000117187,16,0.000203125,0.000203125,0.000187500,0.000187500,0.000250000,0.000203125,16,0.000164063,0.000156250,0.000156250,0.000187500,0.000125000,0.000164063,16,0.000210937,0.000218750,0.000218750,0.000187500,0.000125000,0.000210937,16,0.000210937,0.000218750,0.000218750,0.000250000,0.000250000,0.000210937,16
1765347450.4030411,2025-12-10 14:17:30,-0.000250000,-0.000250000,0.000000000,0.000000000,0.000000000,-0.000250000,16,0.000000000,0.000000000,0.000000000,0.000000000,0.000000000,0.000000000,16,0.000171875,0.000171875,0.000156250,0.000187500,0.000125000,0.000171875,16,0.000093750,0.000093750,0.000093750,0.000062500,0.000125000,0.000093750,16,0.000171875,0.000171875,0.000187500,0.000187500,0.000125000,0.000171875,16,0.000132813,0.000140625,0.000156250,0.000125000,0.000125000,0.000132813,16,0.000203125,0.000187500,0.000187500,0.000187500,0.000250000,0.000203125,16,0.000195313,0.000187500,0.000187500,0.000187500,0.000250000,0.000195313,16
1765347461.2508836,2025-12-10 14:17:41,-0.000125000,-0.000250000,0.000000000,0.000000000,0.000000000,-0.000125000,16,0.000000000,0.000000000,0.000000000,0.000000000,0.000000000,0.000000000,16,0.000164063,0.000171875,0.000187500,0.000187500,0.000125000,0.000164063,16,0.000062500,0.000062500,0.000062500,0.000062500,0.000125000,0.000062500,16,0.000164063,0.000171875,0.000156250,0.000187500,0.000250000,0.000164063,16,0.000125000,0.000125000,0.000125000,0.000125000,0.000125000,0.000125000,16,0.000179687,0.000187500,0.000187500,0.000187500,0.000125000,0.000179687,16,0.000156250,0.000140625,0.000156250,0.000125000,0.000125000,0.000156250,16
1765347472.0955555,2025-12-10 14:17:52,-0.000125000,-0.000250000,0.000000000,0.000000000,0.000000000,-0.000125000,16,0.000000000,0.000000000,0.000000000,0.000000000,0.000000000,0.000000000,16,0.000171875,0.000171875,0.000187500,0.000187500,0.000250000,0.000171875,16,0.000085937,0.000093750,0.000093750,0.000062500,0.000125000,0.000085937,16,0.000195313,0.000187500,0.000187500,0.000187500,0.000250000,0.000195313,16,0.000140625,0.000140625,0.000156250,0.000125000,0.000125000,0.000140625,16,0.000171875,0.000171875,0.000187500,0.000187500,0.000250000,0.000171875,16,0.000164063,0.000171875,0.000187500,0.000187500,0.000125000,0.000164063,16
1765347482.9440334,2025-12-10 14:18:02,-0.000125000,-0.000250000,0.000000000,0.000000000,0.000000000,-0.000125000,16,0.000000000,0.000000000,0.000000000,0.000000000,0.000000000,0.000000000,16,0.000164063,0.000171875,0.000156250,0.000125000,0.000250000,0.000164063,16,0.000101563,0.000109375,0.000093750,0.000125000,0.000125000,0.000101563,16,0.000164063,0.000171875,0.000156250,0.000187500,0.000125000,0.000164063,16,0.000148437,0.000140625,0.000156250,0.000125000,0.000125000,0.000148437,16,0.000203125,0.000203125,0.000187500,0.000187500,0.000125000,0.000203125,16,0.000195313,0.000187500,0.000187500,0.000187500,0.000250000,0.000195313,16
1765347493.7937777,2025-12-10 14:18:13,-0.000125000,-0.000250000,0.000000000,0.000000000,0.000000000,-0.000125000,16,0.000000000,0.000000000,0.000000000,0.000000000,0.000000000,0.000000000,16,0.000140625,0.000140625,0.000156250,0.000187500,0.000125000,0.000140625,16,0.000046875,0.000046875,0.000031250,0.000062500,0.000000000,0.000046875,16,0.000101563,0.000109375,0.000093750,0.000125000,0.000125000,0.000101563,16,0.000078125,0.000078125,0.000093750,0.000062500,0.000000000,0.000078125,16,0.000195313,0.000203125,0.000187500,0.000187500,0.000125000,0.000195313,16,0.000179687,0.000187500,0.000187500,0.000187500,0.000250000,0.000179687,16
1765347504.6404245,2025-12-10 14:18:24,-0.000125000,-0.000250000,0.000000000,0.000000000,0.000000000,-0.000125000,16,0.000000000,0.000000000,0.000000000,0.000000000,0.000000000,0.000000000,16,0.000140625,0.000140625,0.000156250,0.000125000,0.000125000,0.000140625,16,0.000070313,0.000062500,0.000062500,0.000062500,0.000000000,0.000070313,16,0.000101563,0.000093750,0.000093750,0.000125000,0.000000000,0.000101563,16,0.000085937,0.000078125,0.000062500,0.000062500,0.000125000,0.000085937,16,0.000195313,0.000187500,0.000187500,0.000187500,0.000250000,0.000195313,16,0.000140625,0.000140625,0.000156250,0.000125000,0.000125000,0.000140625,16
1765347515.4883745,2025-12-10 14:18:35,-0.000250000,-0.000250000,0.000000000,0.000000000,0.000000000,-0.000250000,16,0.000000000,0.000000000,0.000000000,0.000000000,0.000000000,0.000000000,16,0.000171875,0.000156250,0.000156250,0.000187500,0.000250000,0.000171875,16,0.000054688,0.000062500,0.000062500,0.000062500,0.000000000,0.000054688,16,0.000148437,0.000156250,0.000156250,0.000125000,0.000125000,0.000148437,16,0.000132813,0.000140625,0.000125000,0.000125000,0.000125000,0.000132813,16,0.000218750,0.000218750,0.000218750,0.000250000,0.000250000,0.000218750,16,0.000218750,0.000218750,0.000218750,0.000250000,0.000250000,0.000218750,16
1765347526.3355312,2025-12-10 14:18:46,-0.000250000,-0.000250000,-0.000500000,0.000000000,0.000000000,-0.000250000,16,-0.000125000,0.000000000,0.000000000,0.000000000,0.000000000,-0.000125000,16,0.000179687,0.000187500,0.000187500,0.000187500,0.000125000,0.000179687,16,0.000101563,0.000109375,0.000093750,0.000125000,0.000125000,0.000101563,16,0.000195313,0.000203125,0.000187500,0.000187500,0.000250000,0.000195313,16,0.000156250,0.000156250,0.000156250,0.000187500,0.000125000,0.000156250,16,0.000218750,0.000218750,0.000218750,0.000250000,0.000250000,0.000218750,16,0.000210937,0.000218750,0.000218750,0.000187500,0.000125000,0.000210937,16
1765347537.1824632,2025-12-10 14:18:57,-0.000250000,-0.000250000,0.000000000,0.000000000,0.000000000,-0.000250000,16,-0.000125000,0.000000000,0.000000000,0.000000000,0.000000000,-0.000125000,16,0.000179687,0.000171875,0.000187500,0.000187500,0.000250000,0.000179687,16,0.000101563,0.000093750,0.000093750,0.000125000,0.000125000,0.000101563,16,0.000195313,0.000187500,0.000187500,0.000187500,0.000250000,0.000195313,16,0.000156250,0.000156250,0.000156250,0.000125000,0.000125000,0.000156250,16,0.000195313,0.000203125,0.000218750,0.000187500,0.000250000,0.000195313,16,0.000179687,0.000171875,0.000156250,0.000187500,0.000125000,0.000179687,16
1765347548.0264437,2025-12-10 14:19:08,-0.000125000,-0.000250000,0.000000000,0.000000000,0.000000000,-0.000125000,16,0.000000000,0.000000000,0.000000000,0.000000000,0.000000000,0.000000000,16,0.000164063,0.000156250,0.000156250,0.000125000,0.000125000,0.000164063,16,0.000078125,0.000078125,0.000062500,0.000062500,0.000125000,0.000078125,16,0.000156250,0.000156250,0.000156250,0.000187500,0.000125000,0.000156250,16,0.000125000,0.000125000,0.000125000,0.000125000,0.000125000,0.000125000,16,0.000195313,0.000187500,0.000187500,0.000187500,0.000250000,0.000195313,16,0.000164063,0.000156250,0.000156250,0.000187500,0.000125000,0.000164063,16
1765347558.8711545,2025-12-10 14:19:18,-0.000125000,-0.000250000,0.000000000,0.000000000,0.000000000,-0.000125000,16,0.000000000,0.000000000,0.000000000,0.000000000,0.000000000,0.000000000,16,0.000140625,0.000140625,0.000156250,0.000187500,0.000125000,0.000140625,16,0.000085937,0.000078125,0.000093750,0.000062500,0.000125000,0.000085937,16,0.000125000,0.000125000,0.000125000,0.000125000,0.000125000,0.000125000,16,0.000078125,0.000078125,0.000093750,0.000125000,0.000125000,0.000078125,16,0.000179687,0.000171875,0.000187500,0.000187500,0.000125000,0.000179687,16,0.000148437,0.000140625,0.000156250,0.000125000,0.000125000,0.000148437,16
1765347569.7170033,2025-12-10 14:19:29,-0.000125000,-0.000250000,0.000000000,0.000000000,0.000000000,-0.000125000,16,0.000000000,0.000000000,0.000000000,0.000000000,0.000000000,0.000000000,16,0.000164063,0.000171875,0.000156250,0.000187500,0.000125000,0.000164063,16,0.000101563,0.000093750,0.000093750,0.000125000,0.000125000,0.000101563,16,0.000187500,0.000187500,0.000187500,0.000187500,0.000250000,0.000187500,16,0.000148437,0.000156250,0.000156250,0.000125000,0.000125000,0.000148437,16,0.000203125,0.000203125,0.000218750,0.000187500,0.000250000,0.000203125,16,0.000171875,0.000171875,0.000156250,0.000187500,0.000125000,0.000171875,16
1765347580.56306,2025-12-10 14:19:40,-0.000250000,-0.000250000,0.000000000,0.000000000,0.000000000,-0.000250000,16,-0.000125000,0.000000000,0.000000000,0.000000000,0.000000000,-0.000125000,16,0.000164063,0.000156250,0.000156250,0.000187500,0.000125000,0.000164063,16,0.000078125,0.000078125,0.000093750,0.000062500,0.000125000,0.000078125,16,0.000195313,0.000187500,0.000218750,0.000187500,0.000250000,0.000195313,16,0.000148437,0.000140625,0.000156250,0.000187500,0.000125000,0.000148437,16,0.000195313,0.000187500,0.000187500,0.000187500,0.000125000,0.000195313,16,0.000171875,0.000171875,0.000187500,0.000187500,0.000125000,0.000171875,16
1765347591.407787,2025-12-10 14:19:51,-0.000125000,-0.000250000,0.000000000,0.000000000,0.000000000,-0.000125000,16,-0.000125000,0.000000000,0.000000000,0.000000000,0.000000000,-0.000125000,16,0.000156250,0.000156250,0.000156250,0.000125000,0.000125000,0.000156250,16,0.000093750,0.000093750,0.000093750,0.000125000,0.000125000,0.000093750,16,0.000171875,0.000187500,0.000187500,0.000187500,0.000250000,0.000171875,16,0.000148437,0.000140625,0.000156250,0.000125000,0.000125000,0.000148437,16,0.000195313,0.000203125,0.000187500,0.000187500,0.000250000,0.000195313,16,0.000187500,0.000187500,0.000187500,0.000187500,0.000250000,0.000187500,16
1765347602.2527626,2025-12-10 14:20:02,-0.000125000,-0.000250000,0.000000000,0.000000000,0.000000000,-0.000125000,16,0.000000000,0.000000000,0.000000000,0.000000000,0.000000000,0.000000000,16,0.000148437,0.000140625,0.000156250,0.000125000,0.000125000,0.000148437,16,0.000070313,0.000078125,0.000062500,0.000062500,0.000000000,0.000070313,16,0.000164063,0.000156250,0.000156250,0.000187500,0.000125000,0.000164063,16,0.000117187,0.000125000,0.000125000,0.000125000,0.000125000,0.000117187,16,0.000179687,0.000187500,0.000187500,0.000187500,0.000125000,0.000179687,16,0.000187500,0.000187500,0.000187500,0.000187500,0.000250000,0.000187500,16
1765347613.0991607,2025-12-10 14:20:13,-0.000125000,-0.000250000,0.000000000,0.000000000,0.000000000,-0.000125000,16,0.000000000,0.000000000,0.000000000,0.000000000,0.000000000,0.000000000,16,0.000140625,0.000140625,0.000156250,0.000125000,0.000125000,0.000140625,16,0.000085937,0.000093750,0.000093750,0.000125000,0.000125000,0.000085937,16,0.000179687,0.000171875,0.000187500,0.000187500,0.000125000,0.000179687,16,0.000140625,0.000140625,0.000125000,0.000187500,0.000125000,0.000140625,16,0.000179687,0.000187500,0.000187500,0.000187500,0.000250000,0.000179687,16,0.000179687,0.000187500,0.000156250,0.000187500,0.000125000,0.000179687,16
1765347623.943918,2025-12-10 14:20:23,-0.000125000,0.000000000,0.000000000,0.000000000,0.000000000,-0.000125000,16,0.000000000,0.000000000,0.000000000,0.000000000,0.000000000,0.000000000,16,0.000132813,0.000140625,0.000125000,0.000125000,0.000125000,0.000132813,16,0.000070313,0.000062500,0.000062500,0.000062500,0.000125000,0.000070313,16,0.000164063,0.000171875,0.000156250,0.000187500,0.000125000,0.000164063,16,0.000117187,0.000125000,0.000125000,0.000125000,0.000125000,0.000117187,16,0.000148437,0.000140625,0.000156250,0.000187500,0.000125000,0.000148437,16,0.000109375,0.000109375,0.000125000,0.000125000,0.000125000,0.000109375,16
1765347634.7888353,2025-12-10 14:20:34,-0.000125000,-0.000250000,0.000000000,0.000000000,0.000000000,-0.000125000,16,0.000000000,0.000000000,0.000000000,0.000000000,0.000000000,0.000000000,16,0.000156250,0.000156250,0.000156250,0.000187500,0.000125000,0.000156250,16,0.000085937,0.000093750,0.000093750,0.000062500,0.000125000,0.000085937,16,0.000125000,0.000125000,0.000125000,0.000125000,0.000125000,0.000125000,16,0.000109375,0.000109375,0.000125000,0.000125000,0.000125000,0.000109375,16,0.000179687,0.000187500,0.000187500,0.000187500,0.000125000,0.000179687,16,0.000140625,0.000140625,0.000156250,0.000125000,0.000125000,0.000140625,16
1765347645.6365776,2025-12-10 14:20:45,-0.000125000,-0.000250000,0.000000000,0.000000000,0.000000000,-0.000125000,16,0.000000000,0.000000000,0.000000000,0.000000000,0.000000000,0.000000000,16,0.000148437,0.000140625,0.000125000,0.000187500,0.000125000,0.000148437,16,0.000070313,0.000078125,0.000093750,0.000062500,0.000125000,0.000070313,16,0.000109375,0.000109375,0.000093750,0.000125000,0.000125000,0.000109375,16,0.000093750,0.000093750,0.000125000,0.000062500,0.000125000,0.000093750,16,0.000164063,0.000171875,0.000187500,0.000187500,0.000125000,0.000164063,16,0.000093750,0.000093750,0.000093750,0.000062500,0.000125000,0.000093750,16
1765347656.4842105,2025-12-10 14:20:56,-0.000250000,-0.000250000,0.000000000,0.000000000,0.000000000,-0.000250000,16,0.000000000,0.000000000,0.000000000,0.000000000,0.000000000,0.000000000,16,0.000187500,0.000187500,0.000187500,0.000187500,0.000125000,0.000187500,16,0.000117187,0.000125000,0.000125000,0.000125000,0.000125000,0.000117187,16,0.000195313,0.000203125,0.000187500,0.000187500,0.000250000,0.000195313,16,0.000148437,0.000140625,0.000156250,0.000187500,0.000125000,0.000148437,16,0.000218750,0.000218750,0.000218750,0.000187500,0.000250000,0.000218750,16,0.000164063,0.000156250,0.000156250,0.000125000,0.000125000,0.000164063,16
1765347667.3308961,2025-12-10 14:21:07,-0.000125000,-0.000250000,0.000000000,0.000000000,0.000000000,-0.000125000,16,0.000000000,0.000000000,0.000000000,0.000000000,0.000000000,0.000000000,16,0.000179687,0.000171875,0.000187500,0.000187500,0.000125000,0.000179687,16,0.000109375,0.000109375,0.000093750,0.000125000,0.000125000,0.000109375,16,0.000179687,0.000171875,0.000156250,0.000187500,0.000250000,0.000179687,16,0.000132813,0.000125000,0.000156250,0.000125000,0.000125000,0.000132813,16,0.000195313,0.000187500,0.000187500,0.000187500,0.000250000,0.000195313,16,0.000148437,0.000140625,0.000156250,0.000187500,0.000125000,0.000148437,16
1765347678.1754973,2025-12-10 14:21:18,-0.000125000,-0.000250000,0.000000000,0.000000000,0.000000000,-0.000125000,16,0.000000000,0.000000000,0.000000000,0.000000000,0.000000000,0.000000000,16,0.000171875,0.000171875,0.000156250,0.000187500,0.000250000,0.000171875,16,0.000109375,0.000109375,0.000093750,0.000125000,0.000125000,0.000109375,16,0.000132813,0.000125000,0.000125000,0.000125000,0.000125000,0.000132813,16,0.000109375,0.000109375,0.000125000,0.000125000,0.000125000,0.000109375,16,0.000187500,0.000187500,0.000187500,0.000187500,0.000250000,0.000187500,16,0.000132813,0.000125000,0.000156250,0.000125000,0.000125000,0.000132813,16
1765347689.0226684,2025-12-10 14:21:29,-0.000125000,-0.000250000,0.000000000,0.000000000,0.000000000,-0.000125000,16,0.000000000,0.000000000,0.000000000,0.000000000,0.000000000,0.000000000,16,0.000179687,0.000187500,0.000187500,0.000187500,0.000125000,0.000179687,16,0.000109375,0.000109375,0.000093750,0.000125000,0.000125000,0.000109375,16,0.000140625,0.000140625,0.000125000,0.000125000,0.000125000,0.000140625,16,0.000109375,0.000109375,0.000125000,0.000125000,0.000125000,0.000109375,16,0.000195313,0.000203125,0.000218750,0.000187500,0.000250000,0.000195313,16,0.000148437,0.000140625,0.000125000,0.000125000,0.000125000,0.000148437,16
1765347699.8714924,2025-12-10 14:21:39,-0.000125000,-0.000250000,0.000000000,0.000000000,0.000000000,-0.000125000,16,0.000000000,0.000000000,0.000000000,0.000000000,0.000000000,0.000000000,16,0.000187500,0.000187500,0.000187500,0.000187500,0.000125000,0.000187500,16,0.000093750,0.000093750,0.000093750,0.000062500,0.000125000,0.000093750,16,0.000117187,0.000125000,0.000125000,0.000125000,0.000125000,0.000117187,16,0.000101563,0.000109375,0.000125000,0.000125000,0.000125000,0.000101563,16,0.000195313,0.000203125,0.000187500,0.000187500,0.000250000,0.000195313,16,0.000140625,0.000140625,0.000156250,0.000187500,0.000125000,0.000140625,16
1765347710.7161849,2025-12-10 14:21:50,-0.000125000,-0.000250000,0.000000000,0.000000000,0.000000000,-0.000125000,16,0.000000000,0.000000000,0.000000000,0.000000000,0.000000000,0.000000000,16,0.000195313,0.000203125,0.000187500,0.000187500,0.000250000,0.000195313,16,0.000125000,0.000125000,0.000125000,0.000125000,0.000125000,0.000125000,16,0.000148437,0.000140625,0.000125000,0.000125000,0.000125000,0.000148437,16,0.000125000,0.000125000,0.000125000,0.000125000,0.000125000,0.000125000,16,0.000226563,0.000218750,0.000218750,0.000187500,0.000250000,0.000226563,16,0.000195313,0.000187500,0.000187500,0.000187500,0.000125000,0.000195313,16
1765347721.563419,2025-12-10 14:22:01,-0.000125000,-0.000250000,0.000000000,0.000000000,0.000000000,-0.000125000,16,0.000000000,0.000000000,0.000000000,0.000000000,0.000000000,0.000000000,16,0.000171875,0.000171875,0.000156250,0.000125000,0.000250000,0.000171875,16,0.000125000,0.000125000,0.000125000,0.000125000,0.000125000,0.000125000,16,0.000101563,0.000109375,0.000093750,0.000125000,0.000125000,0.000101563,16,0.000109375,0.000109375,0.000093750,0.000125000,0.000125000,0.000109375,16,0.000203125,0.000203125,0.000187500,0.000187500,0.000250000,0.000203125,16,0.000156250,0.000156250,0.000156250,0.000125000,0.000125000,0.000156250,16
1765347732.4100716,2025-12-10 14:22:12,-0.000250000,-0.000250000,0.000000000,0.000000000,0.000000000,-0.000250000,16,0.000000000,0.000000000,0.000000000,0.000000000,0.000000000,0.000000000,16,0.000195313,0.000187500,0.000218750,0.000187500,0.000250000,0.000195313,16,0.000117187,0.000125000,0.000125000,0.000125000,0.000125000,0.000117187,16,0.000164063,0.000156250,0.000156250,0.000187500,0.000125000,0.000164063,16,0.000140625,0.000140625,0.000125000,0.000125000,0.000125000,0.000140625,16,0.000210937,0.000203125,0.000187500,0.000187500,0.000250000,0.000210937,16,0.000179687,0.000187500,0.000187500,0.000187500,0.000250000,0.000179687,16
1765347743.2556634,2025-12-10 14:22:23,-0.000250000,-0.000250000,0.000000000,0.000000000,0.000000000,-0.000250000,16,0.000000000,0.000000000,0.000000000,0.000000000,0.000000000,0.000000000,16,0.000187500,0.000187500,0.000187500,0.000187500,0.000250000,0.000187500,16,0.000117187,0.000125000,0.000125000,0.000125000,0.000125000,0.000117187,16,0.000148437,0.000156250,0.000156250,0.000125000,0.000125000,0.000148437,16,0.000125000,0.000125000,0.000125000,0.000125000,0.000125000,0.000125000,16,0.000210937,0.000203125,0.000218750,0.000187500,0.000250000,0.000210937,16,0.000210937,0.000203125,0.000218750,0.000187500,0.000250000,0.000210937,16
1765347754.1027083,2025-12-10 14:22:34,-0.000125000,-0.000250000,0.000000000,0.000000000,0.000000000,-0.000125000,16,0.000000000,0.000000000,0.000000000,0.000000000,0.000000000,0.000000000,16,0.000164063,0.000156250,0.000156250,0.000125000,0.000250000,0.000164063,16,0.000101563,0.000093750,0.000093750,0.000062500,0.000125000,0.000101563,16,0.000093750,0.000093750,0.000093750,0.000062500,0.000125000,0.000093750,16,0.000078125,0.000078125,0.000062500,0.000125000,0.000000000,0.000078125,16,0.000187500,0.000187500,0.000187500,0.000187500,0.000250000,0.000187500,16,0.000171875,0.000171875,0.000187500,0.000187500,0.000125000,0.000171875,16
1765347764.947044,2025-12-10 14:22:44,-0.000125000,-0.000250000,0.000000000,0.000000000,0.000000000,-0.000125000,16,0.000000000,0.000000000,0.000000000,0.000000000,0.000000000,0.000000000,16,0.000195313,0.000203125,0.000218750,0.000187500,0.000250000,0.000195313,16,0.000125000,0.000125000,0.000125000,0.000125000,0.000125000,0.000125000,16,0.000171875,0.000171875,0.000187500,0.000187500,0.000125000,0.000171875,16,0.000156250,0.000156250,0.000156250,0.000187500,0.000125000,0.000156250,16,0.000203125,0.000203125,0.000187500,0.000187500,0.000250000,0.000203125,16,0.000187500,0.000187500,0.000187500,0.000187500,0.000250000,0.000187500,16
1765347775.7915,2025-12-10 14:22:55,-0.000125000,-0.000250000,0.000000000,0.000000000,0.000000000,-0.000125000,16,0.000000000,0.000000000,0.000000000,0.000000000,0.000000000,0.000000000,16,0.000195313,0.000187500,0.000187500,0.000187500,0.000125000,0.000195313,16,0.000125000,0.000140625,0.000125000,0.000125000,0.000125000,0.000125000,16,0.000171875,0.000171875,0.000187500,0.000187500,0.000125000,0.000171875,16,0.000148437,0.000140625,0.000156250,0.000125000,0.000125000,0.000148437,16,0.000210937,0.000203125,0.000218750,0.000187500,0.000250000,0.000210937,16,0.000203125,0.000203125,0.000218750,0.000187500,0.000250000,0.000203125,16
1765347786.6371212,2025-12-10 14:23:06,-0.000250000,-0.000250000,0.000000000,0.000000000,0.000000000,-0.000250000,16,0.000000000,0.000000000,0.000000000,0.000000000,0.000000000,0.000000000,16,0.000179687,0.000171875,0.000156250,0.000187500,0.000125000,0.000179687,16,0.000085937,0.000093750,0.000093750,0.000125000,0.000125000,0.000085937,16,0.000164063,0.000156250,0.000156250,0.000125000,0.000125000,0.000164063,16,0.000140625,0.000140625,0.000125000,0.000125000,0.000125000,0.000140625,16,0.000203125,0.000203125,0.000218750,0.000187500,0.000250000,0.000203125,16,0.000218750,0.000218750,0.000218750,0.000250000,0.000250000,0.000218750,16
1765347797.4825373,2025-12-10 14:23:17,-0.000250000,-0.000250000,0.000000000,0.000000000,0.000000000,-0.000250000,16,0.000000000,0.000000000,0.000000000,0.000000000,0.000000000,0.000000000,16,0.000179687,0.000171875,0.000187500,0.000187500,0.000125000,0.000179687,16,0.000117187,0.000109375,0.000125000,0.000125000,0.000125000,0.000117187,16,0.000179687,0.000171875,0.000187500,0.000187500,0.000125000,0.000179687,16,0.000148437,0.000140625,0.000156250,0.000125000,0.000125000,0.000148437,16,0.000195313,0.000187500,0.000187500,0.000187500,0.000250000,0.000195313,16,0.000210937,0.000203125,0.000187500,0.000187500,0.000250000,0.000210937,16
1765347808.3258984,2025-12-10 14:23:28,-0.000125000,-0.000250000,0.000000000,0.000000000,0.000000000,-0.000125000,16,0.000000000,0.000000000,0.000000000,0.000000000,0.000000000,0.000000000,16,0.000171875,0.000171875,0.000187500,0.000187500,0.000125000,0.000171875,16,0.000101563,0.000109375,0.000093750,0.000062500,0.000000000,0.000101563,16,0.000187500,0.000187500,0.000187500,0.000187500,0.000125000,0.000187500,16,0.000132813,0.000140625,0.000156250,0.000125000,0.000125000,0.000132813,16,0.000187500,0.000187500,0.000187500,0.000187500,0.000125000,0.000187500,16,0.000210937,0.000203125,0.000187500,0.000187500,0.000250000,0.000210937,16
1765347819.1707146,2025-12-10 14:23:39,-0.000125000,-0.000250000,0.000000000,0.000000000,0.000000000,-0.000125000,16,0.000000000,0.000000000,0.000000000,0.000000000,0.000000000,0.000000000,16,0.000156250,0.000156250,0.000156250,0.000187500,0.000125000,0.000156250,16,0.000093750,0.000109375,0.000093750,0.000062500,0.000125000,0.000093750,16,0.000195313,0.000187500,0.000187500,0.000187500,0.000125000,0.000195313,16,0.000148437,0.000140625,0.000125000,0.000125000,0.000125000,0.000148437,16,0.000187500,0.000187500,0.000187500,0.000187500,0.000250000,0.000187500,16,0.000210937,0.000218750,0.000218750,0.000187500,0.000250000,0.000210937,16
1765347830.0171187,2025-12-10 14:23:50,-0.000125000,-0.000250000,0.000000000,0.000000000,0.000000000,-0.000125000,16,0.000000000,0.000000000,0.000000000,0.000000000,0.000000000,0.000000000,16,0.000140625,0.000140625,0.000156250,0.000125000,0.000125000,0.000140625,16,0.000078125,0.000078125,0.000093750,0.000062500,0.000000000,0.000078125,16,0.000171875,0.000171875,0.000187500,0.000187500,0.000125000,0.000171875,16,0.000117187,0.000125000,0.000125000,0.000125000,0.000125000,0.000117187,16,0.000164063,0.000171875,0.000156250,0.000125000,0.000125000,0.000164063,16,0.000148437,0.000140625,0.000156250,0.000125000,0.000125000,0.000148437,16
1765347840.864251,2025-12-10 14:24:00,-0.000125000,-0.000250000,0.000000000,0.000000000,0.000000000,-0.000125000,16,0.000000000,0.000000000,0.000000000,0.000000000,0.000000000,0.000000000,16,0.000132813,0.000125000,0.000125000,0.000125000,0.000125000,0.000132813,16,0.000054688,0.000062500,0.000062500,0.000062500,0.000000000,0.000054688,16,0.000148437,0.000140625,0.000156250,0.000187500,0.000125000,0.000148437,16,0.000093750,0.000093750,0.000093750,0.000062500,0.000125000,0.000093750,16,0.000164063,0.000171875,0.000156250,0.000187500,0.000125000,0.000164063,16,0.000125000,0.000125000,0.000125000,0.000125000,0.000125000,0.000125000,16
1765347851.709957,2025-12-10 14:24:11,-0.000125000,-0.000250000,0.000000000,0.000000000,0.000000000,-0.000125000,16,0.000000000,0.000000000,0.000000000,0.000000000,0.000000000,0.000000000,16,0.000164063,0.000171875,0.000156250,0.000125000,0.000125000,0.000164063,16,0.000101563,0.000093750,0.000093750,0.000125000,0.000125000,0.000101563,16,0.000164063,0.000171875,0.000156250,0.000187500,0.000250000,0.000164063,16,0.000125000,0.000125000,0.000125000,0.000125000,0.000125000,0.000125000,16,0.000187500,0.000187500,0.000187500,0.000187500,0.000125000,0.000187500,16,0.000179687,0.000171875,0.000187500,0.000187500,0.000250000,0.000179687,16
1765347862.5553308,2025-12-10 14:24:22,-0.000125000,-0.000250000,0.000000000,0.000000000,0.000000000,-0.000125000,16,0.000000000,0.000000000,0.000000000,0.000000000,0.000000000,0.000000000,16,0.000171875,0.000171875,0.000156250,0.000187500,0.000125000,0.000171875,16,0.000109375,0.000109375,0.000093750,0.000125000,0.000125000,0.000109375,16,0.000179687,0.000187500,0.000187500,0.000187500,0.000250000,0.000179687,16,0.000140625,0.000140625,0.000125000,0.000125000,0.000125000,0.000140625,16,0.000187500,0.000187500,0.000187500,0.000187500,0.000250000,0.000187500,16,0.000156250,0.000156250,0.000156250,0.000125000,0.000125000,0.000156250,16
1765347873.4028156,2025-12-10 14:24:33,-0.000250000,-0.000250000,0.000000000,0.000000000,0.000000000,-0.000250000,16,0.000000000,0.000000000,0.000000000,0.000000000,0.000000000,0.000000000,16,0.000171875,0.000171875,0.000156250,0.000187500,0.000125000,0.000171875,16,0.000101563,0.000109375,0.000093750,0.000125000,0.000125000,0.000101563,16,0.000164063,0.000156250,0.000156250,0.000187500,0.000250000,0.000164063,16,0.000125000,0.000125000,0.000125000,0.000125000,0.000125000,0.000125000,16,0.000187500,0.000187500,0.000187500,0.000187500,0.000250000,0.000187500,16,0.000156250,0.000156250,0.000156250,0.000187500,0.000125000,0.000156250,16
1765347884.2485895,2025-12-10 14:24:44,-0.000125000,-0.000250000,0.000000000,0.000000000,0.000000000,-0.000125000,16,0.000000000,0.000000000,0.000000000,0.000000000,0.000000000,0.000000000,16,0.000171875,0.000171875,0.000156250,0.000187500,0.000250000,0.000171875,16,0.000117187,0.000125000,0.000125000,0.000125000,0.000125000,0.000117187,16,0.000156250,0.000156250,0.000156250,0.000187500,0.000125000,0.000156250,16,0.000132813,0.000140625,0.000125000,0.000125000,0.000125000,0.000132813,16,0.000187500,0.000187500,0.000187500,0.000187500,0.000250000,0.000187500,16,0.000156250,0.000156250,0.000156250,0.000187500,0.000125000,0.000156250,16
1765347895.0934103,2025-12-10 14:24:55,-0.000125000,-0.000250000,0.000000000,0.000000000,0.000000000,-0.000125000,16,0.000000000,0.000000000,0.000000000,0.000000000,0.000000000,0.000000000,16,0.000148437,0.000140625,0.000156250,0.000125000,0.000125000,0.000148437,16,0.000117187,0.000109375,0.000125000,0.000125000,0.000125000,0.000117187,16,0.000093750,0.000093750,0.000093750,0.000062500,0.000125000,0.000093750,16,0.000109375,0.000109375,0.000093750,0.000125000,0.000125000,0.000109375,16,0.000187500,0.000187500,0.000187500,0.000187500,0.000250000,0.000187500,16,0.000132813,0.000125000,0.000156250,0.000125000,0.000125000,0.000132813,16
1765347905.9383657,2025-12-10 14:25:05,-0.000125000,-0.000250000,0.000000000,0.000000000,0.000000000,-0.000125000,16,0.000000000,0.000000000,0.000000000,0.000000000,0.000000000,0.000000000,16,0.000187500,0.000187500,0.000187500,0.000187500,0.000250000,0.000187500,16,0.000140625,0.000140625,0.000156250,0.000125000,0.000125000,0.000140625,16,0.000171875,0.000171875,0.000156250,0.000187500,0.000125000,0.000171875,16,0.000156250,0.000140625,0.000156250,0.000125000,0.000125000,0.000156250,16,0.000203125,0.000218750,0.000218750,0.000187500,0.000125000,0.000203125,16,0.000195313,0.000187500,0.000187500,0.000187500,0.000250000,0.000195313,16
1765347916.7873425,2025-12-10 14:25:16,-0.000125000,-0.000250000,0.000000000,0.000000000,0.000000000,-0.000125000,16,0.000000000,0.000000000,0.000000000,0.000000000,0.000000000,0.000000000,16,0.000171875,0.000171875,0.000156250,0.000187500,0.000250000,0.000171875,16,0.000109375,0.000109375,0.000125000,0.000125000,0.000125000,0.000109375,16,0.000148437,0.000156250,0.000156250,0.000187500,0.000125000,0.000148437,16,0.000125000,0.000109375,0.000125000,0.000125000,0.000125000,0.000125000,16,0.000195313,0.000187500,0.000187500,0.000187500,0.000250000,0.000195313,16,0.000171875,0.000156250,0.000156250,0.000187500,0.000250000,0.000171875,16
1765347927.6345334,2025-12-10 14:25:27,-0.000125000,-0.000250000,0.000000000,0.000000000,0.000000000,-0.000125000,16,0.000000000,0.000000000,0.000000000,0.000000000,0.000000000,0.000000000,16,0.000179687,0.000187500,0.000187500,0.000187500,0.000250000,0.000179687,16,0.000125000,0.000125000,0.000125000,0.000125000,0.000125000,0.000125000,16,0.000156250,0.000156250,0.000156250,0.000187500,0.000125000,0.000156250,16,0.000140625,0.000140625,0.000125000,0.000125000,0.000125000,0.000140625,16,0.000203125,0.000203125,0.000218750,0.000187500,0.000125000,0.000203125,16,0.000171875,0.000171875,0.000187500,0.000187500,0.000125000,0.000171875,16
1765347938.4809911,2025-12-10 14:25:38,-0.000125000,-0.000250000,0.000000000,0.000000000,0.000000000,-0.000125000,16,0.000000000,0.000000000,0.000000000,0.000000000,0.000000000,0.000000000,16,0.000187500,0.000187500,0.000187500,0.000187500,0.000125000,0.000187500,16,0.000125000,0.000125000,0.000125000,0.000125000,0.000125000,0.000125000,16,0.000195313,0.000203125,0.000187500,0.000187500,0.000125000,0.000195313,16,0.000164063,0.000171875,0.000156250,0.000187500,0.000125000,0.000164063,16,0.000210937,0.000218750,0.000218750,0.000187500,0.000250000,0.000210937,16,0.000203125,0.000203125,0.000187500,0.000187500,0.000250000,0.000203125,16
1765347949.3270333,2025-12-10 14:25:49,-0.000125000,-0.000250000,0.000000000,0.000000000,0.000000000,-0.000125000,16,0.000000000,0.000000000,0.000000000,0.000000000,0.000000000,0.000000000,16,0.000171875,0.000156250,0.000156250,0.000187500,0.000125000,0.000171875,16,0.000070313,0.000078125,0.000062500,0.000062500,0.000125000,0.000070313,16,0.000140625,0.000140625,0.000125000,0.000125000,0.000125000,0.000140625,16,0.000101563,0.000109375,0.000093750,0.000062500,0.000125000,0.000101563,16,0.000164063,0.000156250,0.000156250,0.000125000,0.000125000,0.000164063,16,0.000101563,0.000093750,0.000125000,0.000125000,0.000125000,0.000101563,16
1765347960.1722417,2025-12-10 14:26:00,-0.000125000,-0.000250000,0.000000000,0.000000000,0.000000000,-0.000125000,16,0.000000000,0.000000000,0.000000000,0.000000000,0.000000000,0.000000000,16,0.000179687,0.000187500,0.000187500,0.000187500,0.000125000,0.000179687,16,0.000117187,0.000125000,0.000125000,0.000125000,0.000125000,0.000117187,16,0.000195313,0.000203125,0.000187500,0.000187500,0.000125000,0.000195313,16,0.000156250,0.000156250,0.000156250,0.000187500,0.000125000,0.000156250,16,0.000203125,0.000203125,0.000218750,0.000187500,0.000250000,0.000203125,16,0.000179687,0.000187500,0.000187500,0.000187500,0.000125000,0.000179687,16
1765347971.0193045,2025-12-10 14:26:11,-0.000250000,-0.000250000,0.000000000,0.000000000,0.000000000,-0.000250000,16,0.000000000,0.000000000,0.000000000,0.000000000,0.000000000,0.000000000,16,0.000171875,0.000171875,0.000187500,0.000187500,0.000250000,0.000171875,16,0.000117187,0.000109375,0.000093750,0.000125000,0.000125000,0.000117187,16,0.000187500,0.000187500,0.000187500,0.000187500,0.000250000,0.000187500,16,0.000148437,0.000140625,0.000156250,0.000125000,0.000125000,0.000148437,16,0.000187500,0.000187500,0.000187500,0.000187500,0.000125000,0.000187500,16,0.000164063,0.000156250,0.000156250,0.000125000,0.000125000,0.000164063,16
1765347981.865538,2025-12-10 14:26:21,-0.000125000,-0.000250000,0.000000000,0.000000000,0.000000000,-0.000125000,16,0.000000000,0.000000000,0.000000000,0.000000000,0.000000000,0.000000000,16,0.000164063,0.000156250,0.000156250,0.000187500,0.000125000,0.000164063,16,0.000109375,0.000109375,0.000093750,0.000125000,0.000125000,0.000109375,16,0.000171875,0.000171875,0.000187500,0.000187500,0.000125000,0.000171875,16,0.000148437,0.000140625,0.000156250,0.000125000,0.000125000,0.000148437,16,0.000179687,0.000187500,0.000187500,0.000187500,0.000250000,0.000179687,16,0.000171875,0.000171875,0.000187500,0.000187500,0.000250000,0.000171875,16
1765347992.7103593,2025-12-10 14:26:32,-0.000250000,-0.000250000,0.000000000,0.000000000,0.000000000,-0.000250000,16,0.000000000,0.000000000,0.000000000,0.000000000,0.000000000,0.000000000,16,0.000156250,0.000171875,0.000156250,0.000187500,0.000125000,0.000156250,16,0.000101563,0.000093750,0.000093750,0.000125000,0.000125000,0.000101563,16,0.000179687,0.000187500,0.000187500,0.000187500,0.000125000,0.000179687,16,0.000148437,0.000156250,0.000156250,0.000187500,0.000125000,0.000148437,16,0.000195313,0.000187500,0.000187500,0.000187500,0.000125000,0.000195313,16,0.000171875,0.000171875,0.000156250,0.000187500,0.000125000,0.000171875,16
1765348003.5542135,2025-12-10 14:26:43,-0.000125000,-0.000250000,0.000000000,0.000000000,0.000000000,-0.000125000,16,0.000000000,0.000000000,0.000000000,0.000000000,0.000000000,0.000000000,16,0.000164063,0.000171875,0.000156250,0.000187500,0.000250000,0.000164063,16,0.000101563,0.000093750,0.000093750,0.000125000,0.000125000,0.000101563,16,0.000179687,0.000171875,0.000156250,0.000187500,0.000125000,0.000179687,16,0.000148437,0.000140625,0.000156250,0.000125000,0.000125000,0.000148437,16,0.000195313,0.000187500,0.000187500,0.000187500,0.000125000,0.000195313,16,0.000171875,0.000171875,0.000156250,0.000187500,0.000125000,0.000171875,16
1765348014.4012978,2025-12-10 14:26:54,-0.000125000,-0.000250000,0.000000000,0.000000000,0.000000000,-0.000125000,16,0.000000000,0.000000000,0.000000000,0.000000000,0.000000000,0.000000000,16,0.000164063,0.000156250,0.000156250,0.000187500,0.000125000,0.000164063,16,0.000109375,0.000125000,0.000125000,0.000125000,0.000125000,0.000109375,16,0.000125000,0.000125000,0.000125000,0.000125000,0.000125000,0.000125000,16,0.000093750,0.000093750,0.000093750,0.000062500,0.000125000,0.000093750,16,0.000195313,0.000203125,0.000187500,0.000187500,0.000125000,0.000195313,16,0.000156250,0.000156250,0.000156250,0.000187500,0.000125000,0.000156250,16
1765348025.2457387,2025-12-10 14:27:05,-0.000250000,-0.000250000,0.000000000,0.000000000,0.000000000,-0.000250000,16,0.000000000,0.000000000,0.000000000,0.000000000,0.000000000,0.000000000,16,0.000195313,0.000187500,0.000187500,0.000187500,0.000250000,0.000195313,16,0.000148437,0.000140625,0.000156250,0.000187500,0.000125000,0.000148437,16,0.000179687,0.000187500,0.000187500,0.000187500,0.000250000,0.000179687,16,0.000156250,0.000156250,0.000156250,0.000187500,0.000125000,0.000156250,16,0.000203125,0.000203125,0.000218750,0.000187500,0.000250000,0.000203125,16,0.000195313,0.000187500,0.000187500,0.000187500,0.000250000,0.000195313,16
1765348036.0897095,2025-12-10 14:27:16,-0.000250000,-0.000250000,0.000000000,0.000000000,0.000000000,-0.000250000,16,0.000000000,0.000000000,0.000000000,0.000000000,0.000000000,0.000000000,16,0.000179687,0.000171875,0.000187500,0.000187500,0.000125000,0.000179687,16,0.000125000,0.000125000,0.000125000,0.000125000,0.000125000,0.000125000,16,0.000179687,0.000171875,0.000187500,0.000187500,0.000125000,0.000179687,16,0.000125000,0.000125000,0.000156250,0.000125000,0.000250000,0.000125000,16,0.000195313,0.000187500,0.000187500,0.000187500,0.000250000,0.000195313,16,0.000148437,0.000156250,0.000156250,0.000125000,0.000125000,0.000148437,16
1765348046.9362288,2025-12-10 14:27:26,-0.000125000,-0.000250000,0.000000000,0.000000000,0.000000000,-0.000125000,16,0.000000000,0.000000000,0.000000000,0.000000000,0.000000000,0.000000000,16,0.000156250,0.000156250,0.000156250,0.000187500,0.000125000,0.000156250,16,0.000109375,0.000109375,0.000125000,0.000125000,0.000125000,0.000109375,16,0.000140625,0.000140625,0.000125000,0.000125000,0.000125000,0.000140625,16,0.000101563,0.000109375,0.000125000,0.000125000,0.000125000,0.000101563,16,0.000195313,0.000187500,0.000187500,0.000187500,0.000125000,0.000195313,16,0.000179687,0.000171875,0.000156250,0.000187500,0.000250000,0.000179687,16
1765348057.7822065,2025-12-10 14:27:37,-0.000125000,-0.000250000,0.000000000,0.000000000,0.000000000,-0.000125000,16,0.000000000,0.000000000,0.000000000,0.000000000,0.000000000,0.000000000,16,0.000164063,0.000156250,0.000156250,0.000187500,0.000125000,0.000164063,16,0.000070313,0.000078125,0.000062500,0.000062500,0.000000000,0.000070313,16,0.000140625,0.000140625,0.000156250,0.000187500,0.000125000,0.000140625,16,0.000109375,0.000109375,0.000093750,0.000125000,0.000125000,0.000109375,16,0.000179687,0.000171875,0.000187500,0.000187500,0.000125000,0.000179687,16,0.000125000,0.000125000,0.000125000,0.000125000,0.000125000,0.000125000,16
1765348068.6301186,2025-12-10 14:27:48,-0.000125000,-0.000250000,0.000000000,0.000000000,0.000000000,-0.000125000,16,0.000000000,0.000000000,0.000000000,0.000000000,0.000000000,0.000000000,16,0.000179687,0.000171875,0.000187500,0.000187500,0.000125000,0.000179687,16,0.000132813,0.000125000,0.000125000,0.000125000,0.000125000,0.000132813,16,0.000156250,0.000156250,0.000156250,0.000125000,0.000125000,0.000156250,16,0.000125000,0.000125000,0.000125000,0.000125000,0.000125000,0.000125000,16,0.000203125,0.000203125,0.000218750,0.000187500,0.000250000,0.000203125,16,0.000179687,0.000171875,0.000187500,0.000187500,0.000125000,0.000179687,16
1765348079.4735565,2025-12-10 14:27:59,-0.000250000,-0.000250000,0.000000000,0.000000000,0.000000000,-0.000250000,16,0.000000000,0.000000000,0.000000000,0.000000000,0.000000000,0.000000000,16,0.000187500,0.000187500,0.000187500,0.000187500,0.000250000,0.000187500,16,0.000109375,0.000109375,0.000093750,0.000125000,0.000125000,0.000109375,16,0.000187500,0.000203125,0.000187500,0.000187500,0.000250000,0.000187500,16,0.000156250,0.000156250,0.000156250,0.000125000,0.000125000,0.000156250,16,0.000210937,0.000203125,0.000218750,0.000187500,0.000250000,0.000210937,16,0.000203125,0.000203125,0.000187500,0.000187500,0.000250000,0.000203125,16
1765348090.3200336,2025-12-10 14:28:10,-0.000125000,-0.000250000,0.000000000,0.000000000,0.000000000,-0.000125000,16,-0.000125000,0.000000000,0.000000000,0.000000000,0.000000000,-0.000125000,16,0.000164063,0.000171875,0.000156250,0.000125000,0.000125000,0.000164063,16,0.000039063,0.000031250,0.000031250,0.000062500,0.000000000,0.000039063,16,0.000085937,0.000078125,0.000093750,0.000062500,0.000000000,0.000085937,16,0.000070313,0.000078125,0.000062500,0.000062500,0.000000000,0.000070313,16,0.000203125,0.000187500,0.000187500,0.000187500,0.000125000,0.000203125,16,0.000195313,0.000187500,0.000187500,0.000187500,0.000250000,0.000195313,16
1765348101.1661994,2025-12-10 14:28:21,-0.000250000,-0.000250000,0.000000000,0.000000000,0.000000000,-0.000250000,16,0.000000000,0.000000000,0.000000000,0.000000000,0.000000000,0.000000000,16,0.000187500,0.000187500,0.000187500,0.000187500,0.000250000,0.000187500,16,0.000125000,0.000125000,0.000125000,0.000125000,0.000125000,0.000125000,16,0.000156250,0.000171875,0.000156250,0.000187500,0.000125000,0.000156250,16,0.000132813,0.000140625,0.000156250,0.000125000,0.000125000,0.000132813,16,0.000203125,0.000203125,0.000187500,0.000187500,0.000250000,0.000203125,16,0.000195313,0.000187500,0.000187500,0.000187500,0.000250000,0.000195313,16
1765348112.0130992,2025-12-10 14:28:32,-0.000250000,-0.000250000,0.000000000,0.000000000,0.000000000,-0.000250000,16,0.000000000,0.000000000,0.000000000,0.000000000,0.000000000,0.000000000,16,0.000187500,0.000187500,0.000187500,0.000187500,0.000250000,0.000187500,16,0.000117187,0.000125000,0.000125000,0.000125000,0.000125000,0.000117187,16,0.000171875,0.000171875,0.000156250,0.000187500,0.000125000,0.000171875,16,0.000132813,0.000140625,0.000125000,0.000125000,0.000125000,0.000132813,16,0.000203125,0.000187500,0.000218750,0.000187500,0.000250000,0.000203125,16,0.000210937,0.000203125,0.000218750,0.000250000,0.000250000,0.000210937,16
1765348122.8590753,2025-12-10 14:28:42,-0.000125000,-0.000250000,0.000000000,0.000000000,0.000000000,-0.000125000,16,0.000000000,0.000000000,0.000000000,0.000000000,0.000000000,0.000000000,16,0.000179687,0.000171875,0.000187500,0.000187500,0.000250000,0.000179687,16,0.000117187,0.000125000,0.000125000,0.000125000,0.000125000,0.000117187,16,0.000179687,0.000171875,0.000156250,0.000187500,0.000125000,0.000179687,16,0.000148437,0.000140625,0.000156250,0.000125000,0.000125000,0.000148437,16,0.000195313,0.000203125,0.000187500,0.000187500,0.000125000,0.000195313,16,0.000203125,0.000203125,0.000218750,0.000187500,0.000250000,0.000203125,16
1765348133.7054982,2025-12-10 14:28:53,-0.000125000,-0.000250000,0.000000000,0.000000000,0.000000000,-0.000125000,16,0.000000000,0.000000000,0.000000000,0.000000000,0.000000000,0.000000000,16,0.000156250,0.000156250,0.000156250,0.000187500,0.000125000,0.000156250,16,0.000117187,0.000109375,0.000093750,0.000125000,0.000125000,0.000117187,16,0.000187500,0.000187500,0.000187500,0.000187500,0.000125000,0.000187500,16,0.000148437,0.000140625,0.000156250,0.000125000,0.000125000,0.000148437,16,0.000179687,0.000171875,0.000187500,0.000187500,0.000125000,0.000179687,16,0.000195313,0.000187500,0.000187500,0.000187500,0.000250000,0.000195313,16
1765348144.5560238,2025-12-10 14:29:04,-0.000125000,-0.000250000,0.000000000,0.000000000,0.000000000,-0.000125000,16,0.000000000,0.000000000,0.000000000,0.000000000,0.000000000,0.000000000,16,0.000132813,0.000140625,0.000156250,0.000187500,0.000125000,0.000132813,16,0.000093750,0.000093750,0.000093750,0.000062500,0.000125000,0.000093750,16,0.000156250,0.000171875,0.000156250,0.000125000,0.000125000,0.000156250,16,0.000125000,0.000125000,0.000125000,0.000125000,0.000125000,0.000125000,16,0.000171875,0.000171875,0.000187500,0.000187500,0.000250000,0.000171875,16,0.000171875,0.000171875,0.000187500,0.000187500,0.000250000,0.000171875,16
1765348155.404432,2025-12-10 14:29:15,-0.000125000,-0.000250000,0.000000000,0.000000000,0.000000000,-0.000125000,16,0.000000000,0.000000000,0.000000000,0.000000000,0.000000000,0.000000000,16,0.000132813,0.000125000,0.000125000,0.000125000,0.000125000,0.000132813,16,0.000085937,0.000078125,0.000093750,0.000062500,0.000125000,0.000085937,16,0.000179687,0.000171875,0.000187500,0.000187500,0.000250000,0.000179687,16,0.000125000,0.000125000,0.000125000,0.000125000,0.000125000,0.000125000,16,0.000171875,0.000171875,0.000156250,0.000187500,0.000125000,0.000171875,16,0.000164063,0.000156250,0.000156250,0.000187500,0.000125000,0.000164063,16
1765348166.2510226,2025-12-10 14:29:26,-0.000125000,-0.000250000,0.000000000,0.000000000,0.000000000,-0.000125000,16,0.000000000,0.000000000,0.000000000,0.000000000,0.000000000,0.000000000,16,0.000125000,0.000125000,0.000125000,0.000125000,0.000125000,0.000125000,16,0.000078125,0.000078125,0.000062500,0.000062500,0.000125000,0.000078125,16,0.000148437,0.000156250,0.000156250,0.000125000,0.000125000,0.000148437,16,0.000101563,0.000093750,0.000093750,0.000062500,0.000125000,0.000101563,16,0.000171875,0.000171875,0.000156250,0.000187500,0.000125000,0.000171875,16,0.000187500,0.000171875,0.000187500,0.000187500,0.000125000,0.000187500,16
1765348177.0997102,2025-12-10 14:29:37,-0.000125000,-0.000250000,0.000000000,0.000000000,0.000000000,-0.000125000,16,0.000000000,0.000000000,0.000000000,0.000000000,0.000000000,0.000000000,16,0.000117187,0.000125000,0.000125000,0.000125000,0.000125000,0.000117187,16,0.000070313,0.000078125,0.000062500,0.000062500,0.000125000,0.000070313,16,0.000171875,0.000171875,0.000156250,0.000125000,0.000125000,0.000171875,16,0.000117187,0.000125000,0.000125000,0.000125000,0.000125000,0.000117187,16,0.000148437,0.000156250,0.000156250,0.000125000,0.000125000,0.000148437,16,0.000148437,0.000156250,0.000156250,0.000187500,0.000125000,0.000148437,16
1765348187.9479797,2025-12-10 14:29:47,-0.000125000,-0.000250000,0.000000000,0.000000000,0.000000000,-0.000125000,16,0.000000000,0.000000000,0.000000000,0.000000000,0.000000000,0.000000000,16,0.000132813,0.000125000,0.000125000,0.000125000,0.000125000,0.000132813,16,0.000078125,0.000078125,0.000062500,0.000062500,0.000125000,0.000078125,16,0.000164063,0.000156250,0.000156250,0.000187500,0.000125000,0.000164063,16,0.000125000,0.000125000,0.000125000,0.000125000,0.000125000,0.000125000,16,0.000171875,0.000171875,0.000187500,0.000187500,0.000125000,0.000171875,16,0.000164063,0.000171875,0.000187500,0.000187500,0.000125000,0.000164063,16
1765348198.792792,2025-12-10 14:29:58,-0.000125000,-0.000250000,0.000000000,0.000000000,0.000000000,-0.000125000,16,0.000000000,0.000000000,0.000000000,0.000000000,0.000000000,0.000000000,16,0.000132813,0.000140625,0.000125000,0.000125000,0.000125000,0.000132813,16,0.000085937,0.000078125,0.000093750,0.000125000,0.000125000,0.000085937,16,0.000164063,0.000171875,0.000187500,0.000187500,0.000125000,0.000164063,16,0.000132813,0.000125000,0.000125000,0.000125000,0.000125000,0.000132813,16,0.000171875,0.000171875,0.000156250,0.000187500,0.000125000,0.000171875,16,0.000171875,0.000171875,0.000187500,0.000187500,0.000125000,0.000171875,16
1765348209.6375322,2025-12-10 14:30:09,-0.000125000,0.000000000,0.000000000,0.000000000,0.000000000,-0.000125000,16,0.000000000,0.000000000,0.000000000,0.000000000,0.000000000,0.000000000,16,0.000117187,0.000125000,0.000125000,0.000125000,0.000125000,0.000117187,16,0.000070313,0.000078125,0.000062500,0.000062500,0.000125000,0.000070313,16,0.000117187,0.000125000,0.000125000,0.000125000,0.000125000,0.000117187,16,0.000078125,0.000078125,0.000093750,0.000062500,0.000125000,0.000078125,16,0.000156250,0.000156250,0.000156250,0.000125000,0.000125000,0.000156250,16,0.000093750,0.000093750,0.000093750,0.000125000,0.000125000,0.000093750,16
1765348220.4830925,2025-12-10 14:30:20,-0.000125000,-0.000250000,0.000000000,0.000000000,0.000000000,-0.000125000,16,0.000000000,0.000000000,0.000000000,0.000000000,0.000000000,0.000000000,16,0.000156250,0.000156250,0.000156250,0.000187500,0.000125000,0.000156250,16,0.000117187,0.000109375,0.000125000,0.000125000,0.000125000,0.000117187,16,0.000195313,0.000203125,0.000187500,0.000187500,0.000250000,0.000195313,16,0.000148437,0.000140625,0.000156250,0.000125000,0.000125000,0.000148437,16,0.000195313,0.000187500,0.000156250,0.000187500,0.000125000,0.000195313,16,0.000171875,0.000171875,0.000187500,0.000187500,0.000125000,0.000171875,16
1765348231.328405,2025-12-10 14:30:31,-0.000125000,-0.000250000,0.000000000,0.000000000,0.000000000,-0.000125000,16,0.000000000,0.000000000,0.000000000,0.000000000,0.000000000,0.000000000,16,0.000148437,0.000156250,0.000156250,0.000125000,0.000125000,0.000148437,16,0.000117187,0.000109375,0.000093750,0.000125000,0.000125000,0.000117187,16,0.000187500,0.000187500,0.000187500,0.000187500,0.000250000,0.000187500,16,0.000140625,0.000140625,0.000125000,0.000125000,0.000125000,0.000140625,16,0.000187500,0.000187500,0.000187500,0.000187500,0.000250000,0.000187500,16,0.000179687,0.000187500,0.000187500,0.000187500,0.000125000,0.000179687,16
1765348242.1744766,2025-12-10 14:30:42,-0.000125000,-0.000250000,0.000000000,0.000000000,0.000000000,-0.000125000,16,0.000000000,0.000000000,0.000000000,0.000000000,0.000000000,0.000000000,16,0.000132813,0.000125000,0.000125000,0.000125000,0.000125000,0.000132813,16,0.000093750,0.000078125,0.000093750,0.000062500,0.000125000,0.000093750,16,0.000164063,0.000156250,0.000187500,0.000125000,0.000125000,0.000164063,16,0.000125000,0.000125000,0.000125000,0.000125000,0.000125000,0.000125000,16,0.000164063,0.000171875,0.000156250,0.000187500,0.000250000,0.000164063,16,0.000140625,0.000140625,0.000156250,0.000125000,0.000125000,0.000140625,16
1765348253.0196707,2025-12-10 14:30:53,-0.000125000,-0.000250000,0.000000000,0.000000000,0.000000000,-0.000125000,16,0.000000000,0.000000000,0.000000000,0.000000000,0.000000000,0.000000000,16,0.000132813,0.000140625,0.000125000,0.000125000,0.000125000,0.000132813,16,0.000093750,0.000093750,0.000093750,0.000125000,0.000125000,0.000093750,16,0.000148437,0.000140625,0.000156250,0.000125000,0.000125000,0.000148437,16,0.000101563,0.000109375,0.000093750,0.000125000,0.000125000,0.000101563,16,0.000164063,0.000156250,0.000156250,0.000187500,0.000125000,0.000164063,16,0.000140625,0.000140625,0.000125000,0.000125000,0.000125000,0.000140625,16
1765348263.8671196,2025-12-10 14:31:03,-0.000125000,-0.000250000,0.000000000,0.000000000,0.000000000,-0.000125000,16,0.000000000,0.000000000,0.000000000,0.000000000,0.000000000,0.000000000,16,0.000148437,0.000140625,0.000156250,0.000125000,0.000125000,0.000148437,16,0.000101563,0.000109375,0.000125000,0.000125000,0.000125000,0.000101563,16,0.000132813,0.000140625,0.000125000,0.000125000,0.000250000,0.000132813,16,0.000109375,0.000109375,0.000125000,0.000125000,0.000125000,0.000109375,16,0.000179687,0.000171875,0.000187500,0.000187500,0.000125000,0.000179687,16,0.000171875,0.000156250,0.000156250,0.000187500,0.000125000,0.000171875,16
1765348274.712697,2025-12-10 14:31:14,-0.000125000,-0.000250000,0.000000000,0.000000000,0.000000000,-0.000125000,16,0.000000000,0.000000000,0.000000000,0.000000000,0.000000000,0.000000000,16,0.000156250,0.000156250,0.000156250,0.000187500,0.000250000,0.000156250,16,0.000109375,0.000109375,0.000093750,0.000125000,0.000125000,0.000109375,16,0.000171875,0.000171875,0.000187500,0.000187500,0.000250000,0.000171875,16,0.000140625,0.000125000,0.000125000,0.000125000,0.000125000,0.000140625,16,0.000187500,0.000187500,0.000187500,0.000187500,0.000250000,0.000187500,16,0.000187500,0.000187500,0.000187500,0.000187500,0.000125000,0.000187500,16
1765348285.5583808,2025-12-10 14:31:25,-0.000125000,-0.000250000,0.000000000,0.000000000,0.000000000,-0.000125000,16,0.000000000,0.000000000,0.000000000,0.000000000,0.000000000,0.000000000,16,0.000156250,0.000156250,0.000156250,0.000125000,0.000125000,0.000156250,16,0.000109375,0.000109375,0.000125000,0.000125000,0.000125000,0.000109375,16,0.000195313,0.000203125,0.000187500,0.000187500,0.000250000,0.000195313,16,0.000148437,0.000140625,0.000125000,0.000125000,0.000125000,0.000148437,16,0.000187500,0.000187500,0.000187500,0.000187500,0.000125000,0.000187500,16,0.000195313,0.000203125,0.000187500,0.000187500,0.000250000,0.000195313,16
1765348296.4032366,2025-12-10 14:31:36,-0.000125000,-0.000250000,0.000000000,0.000000000,0.000000000,-0.000125000,16,0.000000000,0.000000000,0.000000000,0.000000000,0.000000000,0.000000000,16,0.000132813,0.000140625,0.000156250,0.000125000,0.000125000,0.000132813,16,0.000093750,0.000093750,0.000093750,0.000062500,0.000125000,0.000093750,16,0.000171875,0.000171875,0.000156250,0.000187500,0.000250000,0.000171875,16,0.000117187,0.000109375,0.000125000,0.000125000,0.000125000,0.000117187,16,0.000171875,0.000171875,0.000156250,0.000125000,0.000250000,0.000171875,16,0.000171875,0.000171875,0.000187500,0.000187500,0.000250000,0.000171875,16
1765348307.2483706,2025-12-10 14:31:47,-0.000125000,-0.000250000,0.000000000,0.000000000,0.000000000,-0.000125000,16,0.000000000,0.000000000,0.000000000,0.000000000,0.000000000,0.000000000,16,0.000132813,0.000140625,0.000125000,0.000125000,0.000125000,0.000132813,16,0.000093750,0.000093750,0.000093750,0.000062500,0.000125000,0.000093750,16,0.000171875,0.000187500,0.000187500,0.000187500,0.000250000,0.000171875,16,0.000125000,0.000125000,0.000125000,0.000125000,0.000125000,0.000125000,16,0.000171875,0.000156250,0.000156250,0.000187500,0.000125000,0.000171875,16,0.000179687,0.000171875,0.000187500,0.000187500,0.000250000,0.000179687,16
1765348318.097307,2025-12-10 14:31:58,-0.000125000,-0.000250000,0.000000000,0.000000000,0.000000000,-0.000125000,16,0.000000000,0.000000000,0.000000000,0.000000000,0.000000000,0.000000000,16,0.000117187,0.000125000,0.000125000,0.000125000,0.000125000,0.000117187,16,0.000062500,0.000062500,0.000062500,0.000062500,0.000000000,0.000062500,16,0.000156250,0.000156250,0.000156250,0.000187500,0.000125000,0.000156250,16,0.000117187,0.000125000,0.000125000,0.000125000,0.000125000,0.000117187,16,0.000156250,0.000156250,0.000156250,0.000125000,0.000250000,0.000156250,16,0.000156250,0.000156250,0.000156250,0.000187500,0.000125000,0.000156250,16
1765348328.9441721,2025-12-10 14:32:08,-0.000125000,-0.000250000,0.000000000,0.000000000,0.000000000,-0.000125000,16,0.000000000,0.000000000,0.000000000,0.000000000,0.000000000,0.000000000,16,0.000132813,0.000140625,0.000125000,0.000125000,0.000125000,0.000132813,16,0.000093750,0.000093750,0.000093750,0.000125000,0.000125000,0.000093750,16,0.000179687,0.000171875,0.000187500,0.000187500,0.000125000,0.000179687,16,0.000140625,0.000140625,0.000125000,0.000125000,0.000125000,0.000140625,16,0.000164063,0.000156250,0.000156250,0.000187500,0.000250000,0.000164063,16,0.000187500,0.000187500,0.000187500,0.000187500,0.000125000,0.000187500,16
1765348339.7935727,2025-12-10 14:32:19,-0.000125000,-0.000250000,0.000000000,0.000000000,0.000000000,-0.000125000,16,0.000000000,0.000000000,0.000000000,0.000000000,0.000000000,0.000000000,16,0.000132813,0.000125000,0.000125000,0.000125000,0.000125000,0.000132813,16,0.000085937,0.000093750,0.000093750,0.000062500,0.000125000,0.000085937,16,0.000179687,0.000187500,0.000187500,0.000187500,0.000250000,0.000179687,16,0.000140625,0.000125000,0.000156250,0.000125000,0.000125000,0.000140625,16,0.000164063,0.000171875,0.000156250,0.000125000,0.000125000,0.000164063,16,0.000171875,0.000171875,0.000187500,0.000125000,0.000250000,0.000171875,16
1765348350.6412058,2025-12-10 14:32:30,-0.000125000,-0.000250000,0.000000000,0.000000000,0.000000000,-0.000125000,16,0.000000000,0.000000000,0.000000000,0.000000000,0.000000000,0.000000000,16,0.000117187,0.000125000,0.000125000,0.000125000,0.000125000,0.000117187,16,0.000070313,0.000078125,0.000062500,0.000062500,0.000125000,0.000070313,16,0.000156250,0.000156250,0.000156250,0.000125000,0.000125000,0.000156250,16,0.000117187,0.000109375,0.000125000,0.000125000,0.000125000,0.000117187,16,0.000156250,0.000156250,0.000156250,0.000187500,0.000125000,0.000156250,16,0.000171875,0.000171875,0.000156250,0.000187500,0.000250000,0.000171875,16
1765348361.4895575,2025-12-10 14:32:41,-0.000125000,-0.000250000,0.000000000,0.000000000,0.000000000,-0.000125000,16,0.000000000,0.000000000,0.000000000,0.000000000,0.000000000,0.000000000,16,0.000140625,0.000140625,0.000125000,0.000125000,0.000125000,0.000140625,16,0.000093750,0.000093750,0.000093750,0.000125000,0.000125000,0.000093750,16,0.000187500,0.000187500,0.000187500,0.000187500,0.000250000,0.000187500,16,0.000148437,0.000140625,0.000156250,0.000125000,0.000125000,0.000148437,16,0.000171875,0.000171875,0.000156250,0.000187500,0.000125000,0.000171875,16,0.000171875,0.000171875,0.000187500,0.000187500,0.000250000,0.000171875,16
1765348372.3361197,2025-12-10 14:32:52,-0.000125000,-0.000250000,0.000000000,0.000000000,0.000000000,-0.000125000,16,0.000000000,0.000000000,0.000000000,0.000000000,0.000000000,0.000000000,16,0.000125000,0.000125000,0.000125000,0.000125000,0.000125000,0.000125000,16,0.000093750,0.000093750,0.000093750,0.000125000,0.000125000,0.000093750,16,0.000171875,0.000171875,0.000156250,0.000187500,0.000125000,0.000171875,16,0.000117187,0.000109375,0.000125000,0.000125000,0.000125000,0.000117187,16,0.000171875,0.000171875,0.000187500,0.000187500,0.000125000,0.000171875,16,0.000156250,0.000156250,0.000156250,0.000187500,0.000125000,0.000156250,16
1765348383.1835873,2025-12-10 14:33:03,-0.000125000,-0.000250000,0.000000000,0.000000000,0.000000000,-0.000125000,16,0.000000000,0.000000000,0.000000000,0.000000000,0.000000000,0.000000000,16,0.000132813,0.000125000,0.000125000,0.000125000,0.000125000,0.000132813,16,0.000101563,0.000093750,0.000093750,0.000125000,0.000125000,0.000101563,16,0.000148437,0.000140625,0.000156250,0.000125000,0.000125000,0.000148437,16,0.000109375,0.000109375,0.000125000,0.000125000,0.000125000,0.000109375,16,0.000187500,0.000187500,0.000187500,0.000187500,0.000250000,0.000187500,16,0.000164063,0.000171875,0.000156250,0.000187500,0.000250000,0.000164063,16
1765348394.0315995,2025-12-10 14:33:14,-0.000250000,-0.000250000,0.000000000,0.000000000,0.000000000,-0.000250000,16,0.000000000,0.000000000,0.000000000,0.000000000,0.000000000,0.000000000,16,0.000148437,0.000156250,0.000156250,0.000125000,0.000125000,0.000148437,16,0.000093750,0.000093750,0.000093750,0.000125000,0.000125000,0.000093750,16,0.000179687,0.000187500,0.000187500,0.000187500,0.000250000,0.000179687,16,0.000148437,0.000140625,0.000156250,0.000187500,0.000125000,0.000148437,16,0.000195313,0.000203125,0.000187500,0.000187500,0.000125000,0.000195313,16,0.000171875,0.000171875,0.000156250,0.000187500,0.000250000,0.000171875,16
1765348404.8792784,2025-12-10 14:33:24,-0.000125000,-0.000250000,0.000000000,0.000000000,0.000000000,-0.000125000,16,0.000000000,0.000000000,0.000000000,0.000000000,0.000000000,0.000000000,16,0.000148437,0.000156250,0.000156250,0.000187500,0.000125000,0.000148437,16,0.000117187,0.000125000,0.000125000,0.000125000,0.000125000,0.000117187,16,0.000210937,0.000203125,0.000218750,0.000187500,0.000250000,0.000210937,16,0.000156250,0.000156250,0.000156250,0.000125000,0.000125000,0.000156250,16,0.000195313,0.000203125,0.000187500,0.000187500,0.000125000,0.000195313,16,0.000195313,0.000203125,0.000187500,0.000187500,0.000250000,0.000195313,16
1765348415.727262,2025-12-10 14:33:35,-0.000250000,-0.000250000,0.000000000,0.000000000,0.000000000,-0.000250000,16,0.000000000,0.000000000,0.000000000,0.000000000,0.000000000,0.000000000,16,0.000132813,0.000140625,0.000156250,0.000125000,0.000125000,0.000132813,16,0.000093750,0.000093750,0.000093750,0.000125000,0.000125000,0.000093750,16,0.000187500,0.000187500,0.000187500,0.000187500,0.000250000,0.000187500,16,0.000140625,0.000140625,0.000156250,0.000187500,0.000125000,0.000140625,16,0.000179687,0.000187500,0.000156250,0.000187500,0.000125000,0.000179687,16,0.000187500,0.000187500,0.000187500,0.000187500,0.000250000,0.000187500,16
1765348426.5734966,2025-12-10 14:33:46,-0.000125000,-0.000250000,0.000000000,0.000000000,0.000000000,-0.000125000,16,0.000000000,0.000000000,0.000000000,0.000000000,0.000000000,0.000000000,16,0.000109375,0.000109375,0.000125000,0.000125000,0.000125000,0.000109375,16,0.000078125,0.000078125,0.000062500,0.000062500,0.000125000,0.000078125,16,0.000164063,0.000171875,0.000156250,0.000125000,0.000125000,0.000164063,16,0.000125000,0.000125000,0.000125000,0.000125000,0.000125000,0.000125000,16,0.000156250,0.000156250,0.000156250,0.000187500,0.000125000,0.000156250,16,0.000164063,0.000156250,0.000156250,0.000125000,0.000125000,0.000164063,16
1765348437.4190974,2025-12-10 14:33:57,-0.000125000,-0.000250000,0.000000000,0.000000000,0.000000000,-0.000125000,16,0.000000000,0.000000000,0.000000000,0.000000000,0.000000000,0.000000000,16,0.000101563,0.000093750,0.000093750,0.000125000,0.000125000,0.000101563,16,0.000070313,0.000062500,0.000062500,0.000062500,0.000125000,0.000070313,16,0.000171875,0.000171875,0.000187500,0.000187500,0.000125000,0.000171875,16,0.000117187,0.000109375,0.000125000,0.000125000,0.000125000,0.000117187,16,0.000148437,0.000156250,0.000156250,0.000125000,0.000125000,0.000148437,16,0.000156250,0.000156250,0.000156250,0.000187500,0.000125000,0.000156250,16
1765348448.2638643,2025-12-10 14:34:08,-0.000125000,-0.000250000,0.000000000,0.000000000,0.000000000,-0.000125000,16,0.000000000,0.000000000,0.000000000,0.000000000,0.000000000,0.000000000,16,0.000101563,0.000093750,0.000093750,0.000125000,0.000125000,0.000101563,16,0.000070313,0.000062500,0.000062500,0.000062500,0.000125000,0.000070313,16,0.000171875,0.000171875,0.000156250,0.000187500,0.000125000,0.000171875,16,0.000109375,0.000109375,0.000125000,0.000125000,0.000125000,0.000109375,16,0.000148437,0.000156250,0.000156250,0.000125000,0.000125000,0.000148437,16,0.000148437,0.000156250,0.000156250,0.000125000,0.000125000,0.000148437,16
1765348459.110695,2025-12-10 14:34:19,-0.000125000,-0.000250000,0.000000000,0.000000000,0.000000000,-0.000125000,16,0.000000000,0.000000000,0.000000000,0.000000000,0.000000000,0.000000000,16,0.000109375,0.000109375,0.000093750,0.000125000,0.000125000,0.000109375,16,0.000070313,0.000078125,0.000062500,0.000062500,0.000000000,0.000070313,16,0.000179687,0.000187500,0.000187500,0.000187500,0.000250000,0.000179687,16,0.000125000,0.000125000,0.000125000,0.000125000,0.000125000,0.000125000,16,0.000156250,0.000156250,0.000156250,0.000187500,0.000125000,0.000156250,16,0.000148437,0.000140625,0.000156250,0.000187500,0.000125000,0.000148437,16
1765348469.9579043,2025-12-10 14:34:29,-0.000125000,-0.000250000,0.000000000,0.000000000,0.000000000,-0.000125000,16,0.000000000,0.000000000,0.000000000,0.000000000,0.000000000,0.000000000,16,0.000117187,0.000109375,0.000093750,0.000125000,0.000125000,0.000117187,16,0.000070313,0.000078125,0.000062500,0.000062500,0.000125000,0.000070313,16,0.000164063,0.000171875,0.000156250,0.000125000,0.000125000,0.000164063,16,0.000117187,0.000109375,0.000125000,0.000125000,0.000125000,0.000117187,16,0.000171875,0.000171875,0.000156250,0.000187500,0.000125000,0.000171875,16,0.000171875,0.000171875,0.000187500,0.000187500,0.000125000,0.000171875,16
1765348480.8005903,2025-12-10 14:34:40,-0.000125000,-0.000250000,0.000000000,0.000000000,0.000000000,-0.000125000,16,0.000000000,0.000000000,0.000000000,0.000000000,0.000000000,0.000000000,16,0.000132813,0.000125000,0.000125000,0.000125000,0.000125000,0.000132813,16,0.000085937,0.000093750,0.000093750,0.000125000,0.000125000,0.000085937,16,0.000203125,0.000203125,0.000218750,0.000187500,0.000250000,0.000203125,16,0.000148437,0.000140625,0.000156250,0.000125000,0.000125000,0.000148437,16,0.000171875,0.000171875,0.000187500,0.000187500,0.000125000,0.000171875,16,0.000179687,0.000171875,0.000187500,0.000187500,0.000125000,0.000179687,16
1765348491.646371,2025-12-10 14:34:51,-0.000250000,-0.000250000,0.000000000,0.000000000,0.000000000,-0.000250000,16,0.000000000,0.000000000,0.000000000,0.000000000,0.000000000,0.000000000,16,0.000132813,0.000140625,0.000125000,0.000125000,0.000125000,0.000132813,16,0.000101563,0.000093750,0.000093750,0.000125000,0.000125000,0.000101563,16,0.000210937,0.000203125,0.000218750,0.000187500,0.000250000,0.000210937,16,0.000156250,0.000156250,0.000156250,0.000125000,0.000125000,0.000156250,16,0.000179687,0.000187500,0.000187500,0.000187500,0.000250000,0.000179687,16,0.000179687,0.000171875,0.000187500,0.000187500,0.000125000,0.000179687,16
1765348502.492214,2025-12-10 14:35:02,-0.000125000,-0.000250000,0.000000000,0.000000000,0.000000000,-0.000125000,16,0.000000000,0.000000000,0.000000000,0.000000000,0.000000000,0.000000000,16,0.000125000,0.000125000,0.000125000,0.000125000,0.000125000,0.000125000,16,0.000093750,0.000093750,0.000093750,0.000125000,0.000125000,0.000093750,16,0.000203125,0.000203125,0.000187500,0.000187500,0.000250000,0.000203125,16,0.000148437,0.000156250,0.000156250,0.000125000,0.000125000,0.000148437,16,0.000179687,0.000171875,0.000187500,0.000187500,0.000125000,0.000179687,16,0.000179687,0.000171875,0.000187500,0.000187500,0.000250000,0.000179687,16
1765348513.3370078,2025-12-10 14:35:13,-0.000125000,-0.000250000,0.000000000,0.000000000,0.000000000,-0.000125000,16,0.000000000,0.000000000,0.000000000,0.000000000,0.000000000,0.000000000,16,0.000109375,0.000109375,0.000093750,0.000125000,0.000125000,0.000109375,16,0.000085937,0.000078125,0.000093750,0.000125000,0.000125000,0.000085937,16,0.000187500,0.000187500,0.000187500,0.000187500,0.000250000,0.000187500,16,0.000140625,0.000140625,0.000125000,0.000125000,0.000125000,0.000140625,16,0.000171875,0.000171875,0.000156250,0.000187500,0.000125000,0.000171875,16,0.000164063,0.000156250,0.000187500,0.000125000,0.000250000,0.000164063,16
1765348524.1854055,2025-12-10 14:35:24,-0.000125000,-0.000250000,0.000000000,0.000000000,0.000000000,-0.000125000,16,0.000000000,0.000000000,0.000000000,0.000000000,0.000000000,0.000000000,16,0.000101563,0.000109375,0.000093750,0.000125000,0.000125000,0.000101563,16,0.000039063,0.000046875,0.000062500,0.000062500,0.000000000,0.000039063,16,0.000148437,0.000156250,0.000156250,0.000125000,0.000125000,0.000148437,16,0.000109375,0.000109375,0.000125000,0.000125000,0.000125000,0.000109375,16,0.000171875,0.000171875,0.000156250,0.000187500,0.000125000,0.000171875,16,0.000156250,0.000156250,0.000156250,0.000125000,0.000125000,0.000156250,16
1765348535.031484,2025-12-10 14:35:35,-0.000125000,-0.000250000,0.000000000,0.000000000,0.000000000,-0.000125000,16,-0.000125000,0.000000000,0.000000000,0.000000000,0.000000000,-0.000125000,16,0.000132813,0.000125000,0.000125000,0.000125000,0.000125000,0.000132813,16,0.000101563,0.000093750,0.000093750,0.000062500,0.000125000,0.000101563,16,0.000210937,0.000203125,0.000218750,0.000187500,0.000250000,0.000210937,16,0.000148437,0.000156250,0.000156250,0.000187500,0.000125000,0.000148437,16,0.000187500,0.000187500,0.000187500,0.000187500,0.000250000,0.000187500,16,0.000179687,0.000187500,0.000187500,0.000187500,0.000125000,0.000179687,16
1765348545.8769867,2025-12-10 14:35:45,-0.000125000,-0.000250000,0.000000000,0.000000000,0.000000000,-0.000125000,16,0.000000000,0.000000000,0.000000000,0.000000000,0.000000000,0.000000000,16,0.000117187,0.000109375,0.000125000,0.000125000,0.000125000,0.000117187,16,0.000085937,0.000093750,0.000093750,0.000125000,0.000125000,0.000085937,16,0.000195313,0.000187500,0.000187500,0.000187500,0.000125000,0.000195313,16,0.000140625,0.000140625,0.000125000,0.000125000,0.000125000,0.000140625,16,0.000179687,0.000171875,0.000187500,0.000187500,0.000125000,0.000179687,16,0.000164063,0.000171875,0.000187500,0.000187500,0.000125000,0.000164063,16
1765348556.723074,2025-12-10 14:35:56,-0.000125000,-0.000250000,0.000000000,0.000000000,0.000000000,-0.000125000,16,0.000000000,0.000000000,0.000000000,0.000000000,0.000000000,0.000000000,16,0.000109375,0.000109375,0.000093750,0.000125000,0.000125000,0.000109375,16,0.000078125,0.000078125,0.000062500,0.000062500,0.000125000,0.000078125,16,0.000164063,0.000156250,0.000156250,0.000125000,0.000125000,0.000164063,16,0.000125000,0.000125000,0.000125000,0.000125000,0.000125000,0.000125000,16,0.000171875,0.000171875,0.000156250,0.000187500,0.000125000,0.000171875,16,0.000140625,0.000140625,0.000156250,0.000125000,0.000125000,0.000140625,16
1765348567.5732815,2025-12-10 14:36:07,-0.000250000,-0.000250000,0.000000000,0.000000000,0.000000000,-0.000250000,16,0.000000000,0.000000000,0.000000000,0.000000000,0.000000000,0.000000000,16,0.000140625,0.000140625,0.000156250,0.000125000,0.000125000,0.000140625,16,0.000117187,0.000125000,0.000125000,0.000125000,0.000125000,0.000117187,16,0.000210937,0.000218750,0.000218750,0.000187500,0.000250000,0.000210937,16,0.000164063,0.000171875,0.000156250,0.000187500,0.000250000,0.000164063,16,0.000195313,0.000187500,0.000187500,0.000187500,0.000250000,0.000195313,16,0.000179687,0.000171875,0.000187500,0.000187500,0.000125000,0.000179687,16
1765348578.4212692,2025-12-10 14:36:18,-0.000250000,-0.000250000,0.000000000,0.000000000,0.000000000,-0.000250000,16,0.000000000,0.000000000,0.000000000,0.000000000,0.000000000,0.000000000,16,0.000140625,0.000140625,0.000156250,0.000125000,0.000125000,0.000140625,16,0.000117187,0.000109375,0.000125000,0.000125000,0.000125000,0.000117187,16,0.000195313,0.000203125,0.000187500,0.000187500,0.000250000,0.000195313,16,0.000156250,0.000171875,0.000156250,0.000187500,0.000125000,0.000156250,16,0.000195313,0.000203125,0.000187500,0.000187500,0.000250000,0.000195313,16,0.000171875,0.000171875,0.000156250,0.000187500,0.000125000,0.000171875,16
1765348589.267695,2025-12-10 14:36:29,-0.000250000,-0.000250000,0.000000000,0.000000000,0.000000000,-0.000250000,16,0.000000000,0.000000000,0.000000000,0.000000000,0.000000000,0.000000000,16,0.000148437,0.000140625,0.000156250,0.000125000,0.000125000,0.000148437,16,0.000117187,0.000109375,0.000125000,0.000125000,0.000125000,0.000117187,16,0.000210937,0.000203125,0.000187500,0.000187500,0.000250000,0.000210937,16,0.000171875,0.000171875,0.000156250,0.000125000,0.000125000,0.000171875,16,0.000203125,0.000218750,0.000218750,0.000187500,0.000250000,0.000203125,16,0.000195313,0.000187500,0.000187500,0.000187500,0.000125000,0.000195313,16
1765348600.117071,2025-12-10 14:36:40,-0.000250000,-0.000250000,0.000000000,0.000000000,0.000000000,-0.000250000,16,0.000000000,0.000000000,0.000000000,0.000000000,0.000000000,0.000000000,16,0.000140625,0.000140625,0.000125000,0.000125000,0.000125000,0.000140625,16,0.000109375,0.000125000,0.000093750,0.000125000,0.000125000,0.000109375,16,0.000203125,0.000203125,0.000218750,0.000187500,0.000250000,0.000203125,16,0.000156250,0.000156250,0.000156250,0.000125000,0.000125000,0.000156250,16,0.000195313,0.000187500,0.000187500,0.000187500,0.000125000,0.000195313,16,0.000187500,0.000187500,0.000187500,0.000187500,0.000250000,0.000187500,16
1765348610.9664407,2025-12-10 14:36:50,-0.000125000,-0.000250000,0.000000000,0.000000000,0.000000000,-0.000125000,16,0.000000000,0.000000000,0.000000000,0.000000000,0.000000000,0.000000000,16,0.000125000,0.000125000,0.000156250,0.000125000,0.000125000,0.000125000,16,0.000109375,0.000109375,0.000125000,0.000062500,0.000125000,0.000109375,16,0.000195313,0.000203125,0.000187500,0.000187500,0.000250000,0.000195313,16,0.000148437,0.000156250,0.000156250,0.000125000,0.000125000,0.000148437,16,0.000187500,0.000187500,0.000187500,0.000187500,0.000250000,0.000187500,16,0.000179687,0.000187500,0.000187500,0.000187500,0.000250000,0.000179687,16
1765348621.8108737,2025-12-10 14:37:01,-0.000125000,-0.000250000,0.000000000,0.000000000,0.000000000,-0.000125000,16,0.000000000,0.000000000,0.000000000,0.000000000,0.000000000,0.000000000,16,0.000117187,0.000109375,0.000125000,0.000125000,0.000125000,0.000117187,16,0.000085937,0.000093750,0.000093750,0.000062500,0.000125000,0.000085937,16,0.000179687,0.000187500,0.000187500,0.000187500,0.000250000,0.000179687,16,0.000132813,0.000140625,0.000125000,0.000125000,0.000125000,0.000132813,16,0.000179687,0.000171875,0.000156250,0.000187500,0.000250000,0.000179687,16,0.000171875,0.000171875,0.000187500,0.000125000,0.000125000,0.000171875,16
1765348632.657358,2025-12-10 14:37:12,-0.000250000,-0.000250000,0.000000000,0.000000000,0.000000000,-0.000250000,16,0.000000000,0.000000000,0.000000000,0.000000000,0.000000000,0.000000000,16,0.000140625,0.000140625,0.000125000,0.000125000,0.000125000,0.000140625,16,0.000101563,0.000109375,0.000093750,0.000062500,0.000125000,0.000101563,16,0.000203125,0.000203125,0.000218750,0.000187500,0.000250000,0.000203125,16,0.000156250,0.000156250,0.000156250,0.000187500,0.000125000,0.000156250,16,0.000187500,0.000187500,0.000187500,0.000187500,0.000250000,0.000187500,16,0.000187500,0.000187500,0.000187500,0.000187500,0.000250000,0.000187500,16
1765348643.5026844,2025-12-10 14:37:23,-0.000125000,-0.000250000,0.000000000,0.000000000,0.000000000,-0.000125000,16,0.000000000,0.000000000,0.000000000,0.000000000,0.000000000,0.000000000,16,0.000117187,0.000125000,0.000125000,0.000125000,0.000125000,0.000117187,16,0.000093750,0.000093750,0.000093750,0.000125000,0.000125000,0.000093750,16,0.000164063,0.000171875,0.000187500,0.000187500,0.000125000,0.000164063,16,0.000125000,0.000125000,0.000125000,0.000125000,0.000125000,0.000125000,16,0.000187500,0.000187500,0.000187500,0.000187500,0.000250000,0.000187500,16,0.000148437,0.000140625,0.000125000,0.000125000,0.000125000,0.000148437,16
1765348654.3493342,2025-12-10 14:37:34,-0.000125000,-0.000250000,0.000000000,0.000000000,0.000000000,-0.000125000,16,0.000000000,0.000000000,0.000000000,0.000000000,0.000000000,0.000000000,16,0.000132813,0.000125000,0.000125000,0.000125000,0.000125000,0.000132813,16,0.000093750,0.000093750,0.000093750,0.000062500,0.000125000,0.000093750,16,0.000179687,0.000171875,0.000156250,0.000187500,0.000250000,0.000179687,16,0.000125000,0.000140625,0.000125000,0.000125000,0.000125000,0.000125000,16,0.000203125,0.000203125,0.000187500,0.000187500,0.000250000,0.000203125,16,0.000140625,0.000140625,0.000156250,0.000125000,0.000125000,0.000140625,16
1765348665.1945703,2025-12-10 14:37:45,-0.000125000,-0.000250000,0.000000000,0.000000000,0.000000000,-0.000125000,16,0.000000000,0.000000000,0.000000000,0.000000000,0.000000000,0.000000000,16,0.000164063,0.000171875,0.000156250,0.000187500,0.000125000,0.000164063,16,0.000125000,0.000125000,0.000125000,0.000125000,0.000125000,0.000125000,16,0.000179687,0.000171875,0.000187500,0.000187500,0.000125000,0.000179687,16,0.000132813,0.000125000,0.000125000,0.000125000,0.000125000,0.000132813,16,0.000218750,0.000218750,0.000218750,0.000187500,0.000250000,0.000218750,16,0.000171875,0.000171875,0.000187500,0.000187500,0.000125000,0.000171875,16
1765348676.0391011,2025-12-10 14:37:56,-0.000250000,-0.000250000,0.000000000,0.000000000,0.000000000,-0.000250000,16,0.000000000,0.000000000,0.000000000,0.000000000,0.000000000,0.000000000,16,0.000187500,0.000187500,0.000187500,0.000187500,0.000250000,0.000187500,16,0.000140625,0.000140625,0.000125000,0.000125000,0.000125000,0.000140625,16,0.000164063,0.000171875,0.000156250,0.000187500,0.000125000,0.000164063,16,0.000148437,0.000140625,0.000156250,0.000187500,0.000125000,0.000148437,16,0.000234375,0.000234375,0.000218750,0.000250000,0.000250000,0.000234375,16,0.000187500,0.000171875,0.000187500,0.000187500,0.000125000,0.000187500,16
1765348686.8851268,2025-12-10 14:38:06,-0.000250000,-0.000250000,0.000000000,0.000000000,0.000000000,-0.000250000,16,0.000000000,0.000000000,0.000000000,0.000000000,0.000000000,0.000000000,16,0.000187500,0.000171875,0.000187500,0.000187500,0.000125000,0.000187500,16,0.000140625,0.000140625,0.000125000,0.000125000,0.000125000,0.000140625,16,0.000203125,0.000203125,0.000218750,0.000187500,0.000250000,0.000203125,16,0.000156250,0.000156250,0.000156250,0.000187500,0.000125000,0.000156250,16,0.000234375,0.000218750,0.000218750,0.000250000,0.000250000,0.000234375,16,0.000195313,0.000203125,0.000187500,0.000187500,0.000250000,0.000195313,16
1765348697.7315493,2025-12-10 14:38:17,-0.000250000,-0.000250000,0.000000000,0.000000000,0.000000000,-0.000250000,16,-0.000125000,0.000000000,0.000000000,0.000000000,0.000000000,-0.000125000,16,0.000187500,0.000187500,0.000187500,0.000187500,0.000250000,0.000187500,16,0.000140625,0.000140625,0.000156250,0.000125000,0.000125000,0.000140625,16,0.000226563,0.000234375,0.000218750,0.000250000,0.000250000,0.000226563,16,0.000179687,0.000187500,0.000187500,0.000187500,0.000250000,0.000179687,16,0.000226563,0.000234375,0.000218750,0.000250000,0.000250000,0.000226563,16,0.000210937,0.000203125,0.000218750,0.000187500,0.000250000,0.000210937,16
1765348708.5784082,2025-12-10 14:38:28,-0.000250000,-0.000250000,0.000000000,0.000000000,0.000000000,-0.000250000,16,-0.000125000,0.000000000,0.000000000,0.000000000,0.000000000,-0.000125000,16,0.000179687,0.000187500,0.000187500,0.000187500,0.000125000,0.000179687,16,0.000132813,0.000125000,0.000125000,0.000125000,0.000125000,0.000132813,16,0.000218750,0.000218750,0.000218750,0.000250000,0.000125000,0.000218750,16,0.000171875,0.000171875,0.000156250,0.000187500,0.000250000,0.000171875,16,0.000218750,0.000218750,0.000218750,0.000187500,0.000250000,0.000218750,16,0.000218750,0.000203125,0.000218750,0.000187500,0.000250000,0.000218750,16
1765348719.4240465,2025-12-10 14:38:39,-0.000250000,-0.000250000,0.000000000,0.000000000,0.000000000,-0.000250000,16,0.000000000,0.000000000,0.000000000,0.000000000,0.000000000,0.000000000,16,0.000156250,0.000156250,0.000156250,0.000187500,0.000125000,0.000156250,16,0.000101563,0.000093750,0.000093750,0.000125000,0.000125000,0.000101563,16,0.000171875,0.000171875,0.000156250,0.000187500,0.000125000,0.000171875,16,0.000140625,0.000140625,0.000125000,0.000125000,0.000125000,0.000140625,16,0.000203125,0.000203125,0.000218750,0.000187500,0.000250000,0.000203125,16,0.000187500,0.000187500,0.000187500,0.000187500,0.000125000,0.000187500,16
1765348730.267721,2025-12-10 14:38:50,-0.000250000,-0.000250000,0.000000000,0.000000000,0.000000000,-0.000250000,16,0.000000000,0.000000000,0.000000000,0.000000000,0.000000000,0.000000000,16,0.000171875,0.000171875,0.000156250,0.000125000,0.000125000,0.000171875,16,0.000093750,0.000093750,0.000093750,0.000062500,0.000125000,0.000093750,16,0.000156250,0.000140625,0.000156250,0.000125000,0.000125000,0.000156250,16,0.000117187,0.000109375,0.000125000,0.000125000,0.000125000,0.000117187,16,0.000218750,0.000218750,0.000218750,0.000187500,0.000250000,0.000218750,16,0.000210937,0.000203125,0.000218750,0.000187500,0.000250000,0.000210937,16
1765348741.115351,2025-12-10 14:39:01,-0.000250000,-0.000250000,0.000000000,0.000000000,0.000000000,-0.000250000,16,0.000000000,0.000000000,0.000000000,0.000000000,0.000000000,0.000000000,16,0.000187500,0.000187500,0.000187500,0.000187500,0.000250000,0.000187500,16,0.000132813,0.000140625,0.000156250,0.000187500,0.000125000,0.000132813,16,0.000203125,0.000203125,0.000218750,0.000187500,0.000250000,0.000203125,16,0.000171875,0.000171875,0.000156250,0.000187500,0.000250000,0.000171875,16,0.000218750,0.000218750,0.000218750,0.000187500,0.000250000,0.000218750,16,0.000210937,0.000218750,0.000218750,0.000187500,0.000250000,0.000210937,16
1765348751.9608293,2025-12-10 14:39:11,-0.000125000,-0.000250000,0.000000000,0.000000000,0.000000000,-0.000125000,16,-0.000125000,0.000000000,0.000000000,0.000000000,0.000000000,-0.000125000,16,0.000171875,0.000171875,0.000156250,0.000187500,0.000125000,0.000171875,16,0.000125000,0.000125000,0.000125000,0.000125000,0.000125000,0.000125000,16,0.000210937,0.000203125,0.000218750,0.000187500,0.000250000,0.000210937,16,0.000164063,0.000171875,0.000156250,0.000187500,0.000125000,0.000164063,16,0.000210937,0.000218750,0.000218750,0.000250000,0.000250000,0.000210937,16,0.000203125,0.000203125,0.000187500,0.000250000,0.000250000,0.000203125,16
1765348762.8056052,2025-12-10 14:39:22,-0.000125000,-0.000250000,0.000000000,0.000000000,0.000000000,-0.000125000,16,0.000000000,0.000000000,0.000000000,0.000000000,0.000000000,0.000000000,16,0.000164063,0.000171875,0.000156250,0.000187500,0.000125000,0.000164063,16,0.000125000,0.000109375,0.000125000,0.000125000,0.000125000,0.000125000,16,0.000195313,0.000187500,0.000187500,0.000187500,0.000125000,0.000195313,16,0.000156250,0.000156250,0.000156250,0.000125000,0.000125000,0.000156250,16,0.000195313,0.000203125,0.000187500,0.000187500,0.000250000,0.000195313,16,0.000187500,0.000187500,0.000187500,0.000187500,0.000250000,0.000187500,16
1765348773.65423,2025-12-10 14:39:33,-0.000125000,-0.000250000,0.000000000,0.000000000,0.000000000,-0.000125000,16,-0.000125000,0.000000000,0.000000000,0.000000000,0.000000000,-0.000125000,16,0.000164063,0.000156250,0.000156250,0.000125000,0.000125000,0.000164063,16,0.000117187,0.000109375,0.000125000,0.000125000,0.000125000,0.000117187,16,0.000195313,0.000187500,0.000187500,0.000187500,0.000250000,0.000195313,16,0.000148437,0.000156250,0.000156250,0.000125000,0.000125000,0.000148437,16,0.000203125,0.000203125,0.000218750,0.000187500,0.000125000,0.000203125,16,0.000195313,0.000203125,0.000187500,0.000187500,0.000250000,0.000195313,16
1765348784.5024204,2025-12-10 14:39:44,-0.000125000,-0.000250000,0.000000000,0.000000000,0.000000000,-0.000125000,16,-0.000125000,0.000000000,0.000000000,0.000000000,0.000000000,-0.000125000,16,0.000140625,0.000140625,0.000156250,0.000125000,0.000125000,0.000140625,16,0.000093750,0.000093750,0.000093750,0.000125000,0.000125000,0.000093750,16,0.000171875,0.000187500,0.000187500,0.000187500,0.000125000,0.000171875,16,0.000132813,0.000140625,0.000125000,0.000125000,0.000125000,0.000132813,16,0.000203125,0.000203125,0.000187500,0.000187500,0.000250000,0.000203125,16,0.000179687,0.000187500,0.000187500,0.000187500,0.000250000,0.000179687,16
1765348795.3500037,2025-12-10 14:39:55,-0.000125000,-0.000250000,0.000000000,0.000000000,0.000000000,-0.000125000,16,-0.000125000,0.000000000,0.000000000,0.000000000,0.000000000,-0.000125000,16,0.000156250,0.000156250,0.000156250,0.000125000,0.000125000,0.000156250,16,0.000109375,0.000109375,0.000093750,0.000125000,0.000125000,0.000109375,16,0.000210937,0.000218750,0.000187500,0.000250000,0.000250000,0.000210937,16,0.000156250,0.000156250,0.000156250,0.000187500,0.000125000,0.000156250,16,0.000195313,0.000203125,0.000187500,0.000187500,0.000250000,0.000195313,16,0.000195313,0.000187500,0.000187500,0.000187500,0.000125000,0.000195313,16
1765348806.1988556,2025-12-10 14:40:06,-0.000125000,-0.000250000,0.000000000,0.000000000,0.000000000,-0.000125000,16,0.000000000,0.000000000,0.000000000,0.000000000,0.000000000,0.000000000,16,0.000156250,0.000156250,0.000156250,0.000125000,0.000125000,0.000156250,16,0.000101563,0.000109375,0.000093750,0.000062500,0.000125000,0.000101563,16,0.000203125,0.000203125,0.000187500,0.000187500,0.000250000,0.000203125,16,0.000148437,0.000140625,0.000156250,0.000125000,0.000125000,0.000148437,16,0.000195313,0.000187500,0.000187500,0.000187500,0.000250000,0.000195313,16,0.000187500,0.000187500,0.000187500,0.000187500,0.000250000,0.000187500,16
1765348817.0456789,2025-12-10 14:40:17,-0.000125000,-0.000250000,0.000000000,0.000000000,0.000000000,-0.000125000,16,0.000000000,0.000000000,0.000000000,0.000000000,0.000000000,0.000000000,16,0.000132813,0.000140625,0.000156250,0.000125000,0.000125000,0.000132813,16,0.000093750,0.000093750,0.000093750,0.000125000,0.000125000,0.000093750,16,0.000195313,0.000187500,0.000187500,0.000187500,0.000250000,0.000195313,16,0.000148437,0.000140625,0.000156250,0.000125000,0.000125000,0.000148437,16,0.000195313,0.000187500,0.000187500,0.000187500,0.000250000,0.000195313,16,0.000171875,0.000171875,0.000187500,0.000187500,0.000125000,0.000171875,16
1765348827.890125,2025-12-10 14:40:27,-0.000250000,-0.000250000,0.000000000,0.000000000,0.000000000,-0.000250000,16,0.000000000,0.000000000,0.000000000,0.000000000,0.000000000,0.000000000,16,0.000148437,0.000140625,0.000156250,0.000125000,0.000125000,0.000148437,16,0.000093750,0.000093750,0.000093750,0.000062500,0.000125000,0.000093750,16,0.000179687,0.000187500,0.000187500,0.000187500,0.000250000,0.000179687,16,0.000132813,0.000140625,0.000125000,0.000125000,0.000125000,0.000132813,16,0.000203125,0.000203125,0.000187500,0.000187500,0.000250000,0.000203125,16,0.000187500,0.000187500,0.000187500,0.000187500,0.000125000,0.000187500,16
1765348838.73633,2025-12-10 14:40:38,-0.000125000,-0.000250000,0.000000000,0.000000000,0.000000000,-0.000125000,16,0.000000000,0.000000000,0.000000000,0.000000000,0.000000000,0.000000000,16,0.000132813,0.000140625,0.000125000,0.000125000,0.000125000,0.000132813,16,0.000085937,0.000093750,0.000093750,0.000062500,0.000125000,0.000085937,16,0.000101563,0.000093750,0.000093750,0.000125000,0.000125000,0.000101563,16,0.000101563,0.000093750,0.000093750,0.000125000,0.000125000,0.000101563,16,0.000195313,0.000187500,0.000187500,0.000187500,0.000125000,0.000195313,16,0.000125000,0.000125000,0.000125000,0.000125000,0.000125000,0.000125000,16
1765348849.5825922,2025-12-10 14:40:49,-0.000250000,-0.000250000,0.000000000,0.000000000,0.000000000,-0.000250000,16,0.000000000,0.000000000,0.000000000,0.000000000,0.000000000,0.000000000,16,0.000148437,0.000140625,0.000125000,0.000125000,0.000125000,0.000148437,16,0.000093750,0.000093750,0.000093750,0.000125000,0.000125000,0.000093750,16,0.000125000,0.000125000,0.000125000,0.000125000,0.000125000,0.000125000,16,0.000109375,0.000109375,0.000093750,0.000125000,0.000125000,0.000109375,16,0.000195313,0.000187500,0.000187500,0.000187500,0.000250000,0.000195313,16,0.000132813,0.000125000,0.000125000,0.000125000,0.000125000,0.000132813,16
1765348860.428056,2025-12-10 14:41:00,-0.000250000,-0.000250000,0.000000000,0.000000000,0.000000000,-0.000250000,16,0.000000000,0.000000000,0.000000000,0.000000000,0.000000000,0.000000000,16,0.000179687,0.000187500,0.000187500,0.000187500,0.000250000,0.000179687,16,0.000132813,0.000140625,0.000125000,0.000125000,0.000125000,0.000132813,16,0.000179687,0.000187500,0.000187500,0.000187500,0.000250000,0.000179687,16,0.000156250,0.000140625,0.000156250,0.000125000,0.000125000,0.000156250,16,0.000226563,0.000234375,0.000250000,0.000250000,0.000250000,0.000226563,16,0.000203125,0.000203125,0.000218750,0.000187500,0.000250000,0.000203125,16
1765348871.27392,2025-12-10 14:41:11,-0.000250000,-0.000250000,0.000000000,0.000000000,0.000000000,-0.000250000,16,-0.000125000,0.000000000,0.000000000,0.000000000,0.000000000,-0.000125000,16,0.000179687,0.000171875,0.000187500,0.000187500,0.000125000,0.000179687,16,0.000117187,0.000109375,0.000093750,0.000125000,0.000125000,0.000117187,16,0.000218750,0.000218750,0.000218750,0.000250000,0.000250000,0.000218750,16,0.000156250,0.000156250,0.000156250,0.000187500,0.000125000,0.000156250,16,0.000210937,0.000218750,0.000218750,0.000187500,0.000250000,0.000210937,16,0.000171875,0.000187500,0.000187500,0.000187500,0.000250000,0.000171875,16
1765348882.1185608,2025-12-10 14:41:22,-0.000250000,-0.000250000,0.000000000,0.000000000,0.000000000,-0.000250000,16,0.000000000,0.000000000,0.000000000,0.000000000,0.000000000,0.000000000,16,0.000171875,0.000171875,0.000187500,0.000187500,0.000125000,0.000171875,16,0.000109375,0.000109375,0.000093750,0.000125000,0.000125000,0.000109375,16,0.000203125,0.000203125,0.000218750,0.000187500,0.000250000,0.000203125,16,0.000156250,0.000156250,0.000156250,0.000187500,0.000125000,0.000156250,16,0.000218750,0.000218750,0.000218750,0.000187500,0.000250000,0.000218750,16,0.000195313,0.000203125,0.000187500,0.000187500,0.000125000,0.000195313,16
1765348892.9645095,2025-12-10 14:41:32,-0.000125000,-0.000250000,0.000000000,0.000000000,0.000000000,-0.000125000,16,0.000000000,0.000000000,0.000000000,0.000000000,0.000000000,0.000000000,16,0.000164063,0.000156250,0.000156250,0.000187500,0.000125000,0.000164063,16,0.000085937,0.000093750,0.000093750,0.000062500,0.000125000,0.000085937,16,0.000187500,0.000187500,0.000187500,0.000187500,0.000125000,0.000187500,16,0.000132813,0.000140625,0.000125000,0.000125000,0.000125000,0.000132813,16,0.000187500,0.000187500,0.000187500,0.000187500,0.000250000,0.000187500,16,0.000132813,0.000125000,0.000125000,0.000125000,0.000125000,0.000132813,16
1765348903.80999,2025-12-10 14:41:43,-0.000125000,-0.000250000,0.000000000,0.000000000,0.000000000,-0.000125000,16,0.000000000,0.000000000,0.000000000,0.000000000,0.000000000,0.000000000,16,0.000171875,0.000171875,0.000187500,0.000187500,0.000125000,0.000171875,16,0.000101563,0.000093750,0.000093750,0.000062500,0.000125000,0.000101563,16,0.000179687,0.000171875,0.000187500,0.000187500,0.000125000,0.000179687,16,0.000117187,0.000125000,0.000093750,0.000125000,0.000125000,0.000117187,16,0.000195313,0.000187500,0.000187500,0.000187500,0.000250000,0.000195313,16,0.000156250,0.000156250,0.000156250,0.000125000,0.000250000,0.000156250,16
1765348914.6543741,2025-12-10 14:41:54,-0.000125000,-0.000250000,0.000000000,0.000000000,0.000000000,-0.000125000,16,0.000000000,0.000000000,0.000000000,0.000000000,0.000000000,0.000000000,16,0.000179687,0.000187500,0.000187500,0.000187500,0.000250000,0.000179687,16,0.000109375,0.000109375,0.000125000,0.000125000,0.000125000,0.000109375,16,0.000195313,0.000187500,0.000187500,0.000187500,0.000250000,0.000195313,16,0.000140625,0.000140625,0.000156250,0.000125000,0.000125000,0.000140625,16,0.000210937,0.000203125,0.000218750,0.000187500,0.000125000,0.000210937,16,0.000148437,0.000156250,0.000156250,0.000187500,0.000250000,0.000148437,16
1765348925.501153,2025-12-10 14:42:05,-0.000250000,-0.000250000,0.000000000,0.000000000,0.000000000,-0.000250000,16,-0.000125000,0.000000000,0.000000000,0.000000000,0.000000000,-0.000125000,16,0.000187500,0.000187500,0.000187500,0.000187500,0.000125000,0.000187500,16,0.000125000,0.000125000,0.000125000,0.000125000,0.000125000,0.000125000,16,0.000203125,0.000203125,0.000187500,0.000187500,0.000125000,0.000203125,16,0.000156250,0.000156250,0.000156250,0.000187500,0.000125000,0.000156250,16,0.000218750,0.000218750,0.000218750,0.000250000,0.000250000,0.000218750,16,0.000179687,0.000187500,0.000187500,0.000187500,0.000250000,0.000179687,16
1765348936.3455367,2025-12-10 14:42:16,-0.000125000,-0.000250000,0.000000000,0.000000000,0.000000000,-0.000125000,16,0.000000000,0.000000000,0.000000000,0.000000000,0.000000000,0.000000000,16,0.000187500,0.000187500,0.000187500,0.000187500,0.000125000,0.000187500,16,0.000093750,0.000093750,0.000093750,0.000125000,0.000125000,0.000093750,16,0.000171875,0.000187500,0.000187500,0.000187500,0.000125000,0.000171875,16,0.000109375,0.000109375,0.000125000,0.000125000,0.000125000,0.000109375,16,0.000210937,0.000203125,0.000218750,0.000187500,0.000250000,0.000210937,16,0.000148437,0.000156250,0.000156250,0.000187500,0.000125000,0.000148437,16
1765348947.1926167,2025-12-10 14:42:27,-0.000125000,-0.000250000,0.000000000,0.000000000,0.000000000,-0.000125000,16,0.000000000,0.000000000,0.000000000,0.000000000,0.000000000,0.000000000,16,0.000195313,0.000203125,0.000187500,0.000187500,0.000250000,0.000195313,16,0.000125000,0.000125000,0.000125000,0.000125000,0.000125000,0.000125000,16,0.000195313,0.000187500,0.000187500,0.000187500,0.000250000,0.000195313,16,0.000148437,0.000140625,0.000156250,0.000125000,0.000125000,0.000148437,16,0.000218750,0.000218750,0.000218750,0.000187500,0.000250000,0.000218750,16,0.000179687,0.000171875,0.000187500,0.000187500,0.000125000,0.000179687,16
1765348958.0355875,2025-12-10 14:42:38,-0.000250000,-0.000250000,0.000000000,0.000000000,0.000000000,-0.000250000,16,0.000000000,0.000000000,0.000000000,0.000000000,0.000000000,0.000000000,16,0.000187500,0.000187500,0.000187500,0.000187500,0.000250000,0.000187500,16,0.000117187,0.000109375,0.000125000,0.000125000,0.000125000,0.000117187,16,0.000171875,0.000171875,0.000156250,0.000187500,0.000250000,0.000171875,16,0.000125000,0.000125000,0.000125000,0.000125000,0.000125000,0.000125000,16,0.000218750,0.000218750,0.000218750,0.000250000,0.000250000,0.000218750,16,0.000187500,0.000187500,0.000187500,0.000187500,0.000250000,0.000187500,16
1765348968.883079,2025-12-10 14:42:48,-0.000250000,-0.000250000,0.000000000,0.000000000,0.000000000,-0.000250000,16,0.000000000,0.000000000,0.000000000,0.000000000,0.000000000,0.000000000,16,0.000195313,0.000187500,0.000187500,0.000187500,0.000250000,0.000195313,16,0.000125000,0.000125000,0.000125000,0.000125000,0.000125000,0.000125000,16,0.000203125,0.000203125,0.000218750,0.000187500,0.000250000,0.000203125,16,0.000156250,0.000156250,0.000156250,0.000187500,0.000250000,0.000156250,16,0.000218750,0.000218750,0.000218750,0.000250000,0.000250000,0.000218750,16,0.000195313,0.000187500,0.000187500,0.000187500,0.000250000,0.000195313,16
1765348979.7299488,2025-12-10 14:42:59,-0.000125000,0.000000000,0.000000000,0.000000000,0.000000000,-0.000125000,16,0.000000000,0.000000000,0.000000000,0.000000000,0.000000000,0.000000000,16,0.000164063,0.000156250,0.000156250,0.000187500,0.000125000,0.000164063,16,0.000085937,0.000078125,0.000093750,0.000062500,0.000125000,0.000085937,16,0.000085937,0.000078125,0.000093750,0.000062500,0.000125000,0.000085937,16,0.000070313,0.000062500,0.000062500,0.000062500,0.000125000,0.000070313,16,0.000171875,0.000171875,0.000156250,0.000187500,0.000125000,0.000171875,16,0.000093750,0.000093750,0.000093750,0.000125000,0.000125000,0.000093750,16
1765348990.577545,2025-12-10 14:43:10,-0.000125000,-0.000250000,0.000000000,0.000000000,0.000000000,-0.000125000,16,0.000000000,0.000000000,0.000000000,0.000000000,0.000000000,0.000000000,16,0.000171875,0.000171875,0.000187500,0.000187500,0.000250000,0.000171875,16,0.000109375,0.000109375,0.000125000,0.000125000,0.000125000,0.000109375,16,0.000101563,0.000109375,0.000125000,0.000125000,0.000125000,0.000101563,16,0.000109375,0.000109375,0.000125000,0.000125000,0.000125000,0.000109375,16,0.000203125,0.000203125,0.000187500,0.000187500,0.000250000,0.000203125,16,0.000117187,0.000125000,0.000125000,0.000125000,0.000125000,0.000117187,16
1765349001.4253411,2025-12-10 14:43:21,-0.000125000,-0.000250000,0.000000000,0.000000000,0.000000000,-0.000125000,16,0.000000000,0.000000000,0.000000000,0.000000000,0.000000000,0.000000000,16,0.000179687,0.000187500,0.000156250,0.000187500,0.000125000,0.000179687,16,0.000093750,0.000093750,0.000093750,0.000125000,0.000125000,0.000093750,16,0.000148437,0.000140625,0.000156250,0.000125000,0.000125000,0.000148437,16,0.000109375,0.000109375,0.000125000,0.000125000,0.000125000,0.000109375,16,0.000218750,0.000218750,0.000218750,0.000187500,0.000250000,0.000218750,16,0.000140625,0.000140625,0.000125000,0.000125000,0.000125000,0.000140625,16
1765349012.2745612,2025-12-10 14:43:32,-0.000125000,-0.000250000,0.000000000,0.000000000,0.000000000,-0.000125000,16,0.000000000,0.000000000,0.000000000,0.000000000,0.000000000,0.000000000,16,0.000195313,0.000187500,0.000187500,0.000187500,0.000125000,0.000195313,16,0.000117187,0.000109375,0.000125000,0.000125000,0.000125000,0.000117187,16,0.000125000,0.000125000,0.000125000,0.000125000,0.000125000,0.000125000,16,0.000109375,0.000125000,0.000125000,0.000125000,0.000125000,0.000109375,16,0.000226563,0.000218750,0.000218750,0.000250000,0.000250000,0.000226563,16,0.000156250,0.000156250,0.000156250,0.000187500,0.000125000,0.000156250,16
1765349023.1236022,2025-12-10 14:43:43,-0.000250000,-0.000250000,0.000000000,0.000000000,0.000000000,-0.000250000,16,0.000000000,0.000000000,0.000000000,0.000000000,0.000000000,0.000000000,16,0.000218750,0.000218750,0.000218750,0.000250000,0.000250000,0.000218750,16,0.000125000,0.000125000,0.000125000,0.000125000,0.000125000,0.000125000,16,0.000140625,0.000140625,0.000156250,0.000125000,0.000125000,0.000140625,16,0.000109375,0.000109375,0.000125000,0.000125000,0.000125000,0.000109375,16,0.000218750,0.000218750,0.000218750,0.000250000,0.000250000,0.000218750,16,0.000187500,0.000187500,0.000187500,0.000187500,0.000250000,0.000187500,16
1765349033.9711838,2025-12-10 14:43:53,-0.000125000,-0.000250000,0.000000000,0.000000000,0.000000000,-0.000125000,16,0.000000000,0.000000000,0.000000000,0.000000000,0.000000000,0.000000000,16,0.000179687,0.000171875,0.000187500,0.000187500,0.000125000,0.000179687,16,0.000125000,0.000125000,0.000125000,0.000125000,0.000125000,0.000125000,16,0.000101563,0.000093750,0.000093750,0.000125000,0.000125000,0.000101563,16,0.000109375,0.000093750,0.000093750,0.000125000,0.000125000,0.000109375,16,0.000218750,0.000218750,0.000218750,0.000250000,0.000250000,0.000218750,16,0.000179687,0.000171875,0.000187500,0.000187500,0.000250000,0.000179687,16
1765349044.8174903,2025-12-10 14:44:04,-0.000125000,-0.000250000,0.000000000,0.000000000,0.000000000,-0.000125000,16,0.000000000,0.000000000,0.000000000,0.000000000,0.000000000,0.000000000,16,0.000226563,0.000218750,0.000218750,0.000250000,0.000250000,0.000226563,16,0.000132813,0.000125000,0.000125000,0.000125000,0.000125000,0.000132813,16,0.000156250,0.000156250,0.000156250,0.000125000,0.000125000,0.000156250,16,0.000140625,0.000140625,0.000156250,0.000125000,0.000125000,0.000140625,16,0.000226563,0.000234375,0.000218750,0.000250000,0.000250000,0.000226563,16,0.000179687,0.000171875,0.000187500,0.000187500,0.000250000,0.000179687,16
1765349055.6641405,2025-12-10 14:44:15,-0.000250000,-0.000250000,0.000000000,0.000000000,0.000000000,-0.000250000,16,0.000000000,0.000000000,0.000000000,0.000000000,0.000000000,0.000000000,16,0.000218750,0.000218750,0.000218750,0.000187500,0.000250000,0.000218750,16,0.000132813,0.000140625,0.000125000,0.000125000,0.000125000,0.000132813,16,0.000195313,0.000203125,0.000187500,0.000187500,0.000125000,0.000195313,16,0.000148437,0.000156250,0.000156250,0.000187500,0.000125000,0.000148437,16,0.000218750,0.000218750,0.000218750,0.000187500,0.000250000,0.000218750,16,0.000179687,0.000171875,0.000187500,0.000187500,0.000250000,0.000179687,16
1765349066.5116408,2025-12-10 14:44:26,-0.000125000,-0.000250000,0.000000000,0.000000000,0.000000000,-0.000125000,16,0.000000000,0.000000000,0.000000000,0.000000000,0.000000000,0.000000000,16,0.000187500,0.000187500,0.000187500,0.000187500,0.000125000,0.000187500,16,0.000101563,0.000109375,0.000125000,0.000125000,0.000125000,0.000101563,16,0.000093750,0.000093750,0.000093750,0.000062500,0.000125000,0.000093750,16,0.000109375,0.000109375,0.000125000,0.000125000,0.000125000,0.000109375,16,0.000218750,0.000218750,0.000218750,0.000187500,0.000250000,0.000218750,16,0.000156250,0.000156250,0.000156250,0.000125000,0.000125000,0.000156250,16
1765349077.3553123,2025-12-10 14:44:37,-0.000250000,-0.000250000,0.000000000,0.000000000,0.000000000,-0.000250000,16,0.000000000,0.000000000,0.000000000,0.000000000,0.000000000,0.000000000,16,0.000195313,0.000203125,0.000187500,0.000187500,0.000125000,0.000195313,16,0.000109375,0.000109375,0.000125000,0.000125000,0.000125000,0.000109375,16,0.000156250,0.000156250,0.000156250,0.000187500,0.000125000,0.000156250,16,0.000132813,0.000140625,0.000156250,0.000125000,0.000125000,0.000132813,16,0.000226563,0.000218750,0.000218750,0.000250000,0.000250000,0.000226563,16,0.000187500,0.000187500,0.000187500,0.000187500,0.000250000,0.000187500,16
1765349088.199909,2025-12-10 14:44:48,-0.000125000,-0.000250000,0.000000000,0.000000000,0.000000000,-0.000125000,16,0.000000000,0.000000000,0.000000000,0.000000000,0.000000000,0.000000000,16,0.000195313,0.000187500,0.000187500,0.000187500,0.000250000,0.000195313,16,0.000093750,0.000093750,0.000093750,0.000125000,0.000125000,0.000093750,16,0.000117187,0.000125000,0.000125000,0.000125000,0.000125000,0.000117187,16,0.000093750,0.000093750,0.000093750,0.000125000,0.000125000,0.000093750,16,0.000195313,0.000187500,0.000187500,0.000187500,0.000125000,0.000195313,16,0.000132813,0.000140625,0.000125000,0.000125000,0.000125000,0.000132813,16
1765349099.045756,2025-12-10 14:44:59,-0.000125000,-0.000250000,0.000000000,0.000000000,0.000000000,-0.000125000,16,0.000000000,0.000000000,0.000000000,0.000000000,0.000000000,0.000000000,16,0.000210937,0.000203125,0.000218750,0.000250000,0.000250000,0.000210937,16,0.000117187,0.000125000,0.000125000,0.000125000,0.000125000,0.000117187,16,0.000187500,0.000187500,0.000187500,0.000187500,0.000125000,0.000187500,16,0.000156250,0.000156250,0.000156250,0.000187500,0.000125000,0.000156250,16,0.000218750,0.000218750,0.000218750,0.000250000,0.000250000,0.000218750,16,0.000195313,0.000187500,0.000187500,0.000187500,0.000250000,0.000195313,16
1765349109.891065,2025-12-10 14:45:09,-0.000125000,-0.000250000,0.000000000,0.000000000,0.000000000,-0.000125000,16,0.000000000,0.000000000,0.000000000,0.000000000,0.000000000,0.000000000,16,0.000187500,0.000187500,0.000187500,0.000187500,0.000250000,0.000187500,16,0.000070313,0.000078125,0.000062500,0.000062500,0.000125000,0.000070313,16,0.000140625,0.000140625,0.000125000,0.000187500,0.000250000,0.000140625,16,0.000101563,0.000093750,0.000093750,0.000125000,0.000000000,0.000101563,16,0.000203125,0.000203125,0.000218750,0.000187500,0.000250000,0.000203125,16,0.000171875,0.000171875,0.000187500,0.000187500,0.000125000,0.000171875,16
1765349120.7375784,2025-12-10 14:45:20,-0.000125000,-0.000250000,0.000000000,0.000000000,0.000000000,-0.000125000,16,0.000000000,0.000000000,0.000000000,0.000000000,0.000000000,0.000000000,16,0.000203125,0.000203125,0.000187500,0.000187500,0.000250000,0.000203125,16,0.000101563,0.000093750,0.000093750,0.000125000,0.000125000,0.000101563,16,0.000171875,0.000171875,0.000156250,0.000187500,0.000125000,0.000171875,16,0.000117187,0.000125000,0.000125000,0.000125000,0.000125000,0.000117187,16,0.000203125,0.000203125,0.000218750,0.000187500,0.000250000,0.000203125,16,0.000195313,0.000187500,0.000187500,0.000187500,0.000250000,0.000195313,16
1765349131.5845475,2025-12-10 14:45:31,-0.000250000,-0.000250000,0.000000000,0.000000000,0.000000000,-0.000250000,16,0.000000000,0.000000000,0.000000000,0.000000000,0.000000000,0.000000000,16,0.000203125,0.000203125,0.000218750,0.000187500,0.000250000,0.000203125,16,0.000117187,0.000109375,0.000125000,0.000125000,0.000125000,0.000117187,16,0.000179687,0.000171875,0.000187500,0.000187500,0.000125000,0.000179687,16,0.000156250,0.000156250,0.000156250,0.000187500,0.000125000,0.000156250,16,0.000226563,0.000218750,0.000218750,0.000250000,0.000250000,0.000226563,16,0.000203125,0.000203125,0.000218750,0.000187500,0.000250000,0.000203125,16
1765349142.4314847,2025-12-10 14:45:42,-0.000125000,-0.000250000,0.000000000,0.000000000,0.000000000,-0.000125000,16,0.000000000,0.000000000,0.000000000,0.000000000,0.000000000,0.000000000,16,0.000187500,0.000187500,0.000187500,0.000187500,0.000250000,0.000187500,16,0.000093750,0.000093750,0.000093750,0.000062500,0.000125000,0.000093750,16,0.000156250,0.000156250,0.000156250,0.000187500,0.000125000,0.000156250,16,0.000117187,0.000109375,0.000093750,0.000125000,0.000125000,0.000117187,16,0.000187500,0.000187500,0.000187500,0.000187500,0.000125000,0.000187500,16,0.000164063,0.000171875,0.000156250,0.000187500,0.000250000,0.000164063,16
1765349153.2769127,2025-12-10 14:45:53,-0.000250000,-0.000250000,0.000000000,0.000000000,0.000000000,-0.000250000,16,0.000000000,0.000000000,0.000000000,0.000000000,0.000000000,0.000000000,16,0.000195313,0.000187500,0.000187500,0.000187500,0.000250000,0.000195313,16,0.000117187,0.000109375,0.000125000,0.000125000,0.000125000,0.000117187,16,0.000195313,0.000203125,0.000187500,0.000187500,0.000125000,0.000195313,16,0.000156250,0.000140625,0.000156250,0.000125000,0.000125000,0.000156250,16,0.000210937,0.000203125,0.000218750,0.000250000,0.000250000,0.000210937,16,0.000187500,0.000187500,0.000187500,0.000187500,0.000250000,0.000187500,16
1765349164.1225386,2025-12-10 14:46:04,-0.000250000,-0.000250000,0.000000000,0.000000000,0.000000000,-0.000250000,16,0.000000000,0.000000000,0.000000000,0.000000000,0.000000000,0.000000000,16,0.000171875,0.000187500,0.000187500,0.000187500,0.000125000,0.000171875,16,0.000117187,0.000109375,0.000093750,0.000125000,0.000125000,0.000117187,16,0.000195313,0.000203125,0.000218750,0.000187500,0.000250000,0.000195313,16,0.000148437,0.000156250,0.000156250,0.000187500,0.000125000,0.000148437,16,0.000195313,0.000203125,0.000187500,0.000187500,0.000250000,0.000195313,16,0.000179687,0.000187500,0.000187500,0.000187500,0.000125000,0.000179687,16
1765349174.967174,2025-12-10 14:46:14,-0.000125000,-0.000250000,0.000000000,0.000000000,0.000000000,-0.000125000,16,0.000000000,0.000000000,0.000000000,0.000000000,0.000000000,0.000000000,16,0.000140625,0.000140625,0.000156250,0.000125000,0.000125000,0.000140625,16,0.000039063,0.000046875,0.000031250,0.000062500,0.000000000,0.000039063,16,0.000117187,0.000109375,0.000125000,0.000125000,0.000125000,0.000117187,16,0.000093750,0.000093750,0.000093750,0.000062500,0.000000000,0.000093750,16,0.000195313,0.000187500,0.000187500,0.000187500,0.000250000,0.000195313,16,0.000195313,0.000203125,0.000187500,0.000187500,0.000250000,0.000195313,16
1765349185.8139834,2025-12-10 14:46:25,-0.000250000,-0.000250000,0.000000000,0.000000000,0.000000000,-0.000250000,16,0.000000000,0.000000000,0.000000000,0.000000000,0.000000000,0.000000000,16,0.000179687,0.000171875,0.000156250,0.000187500,0.000125000,0.000179687,16,0.000101563,0.000093750,0.000093750,0.000062500,0.000125000,0.000101563,16,0.000187500,0.000187500,0.000187500,0.000187500,0.000250000,0.000187500,16,0.000148437,0.000140625,0.000156250,0.000125000,0.000125000,0.000148437,16,0.000187500,0.000203125,0.000187500,0.000187500,0.000250000,0.000187500,16,0.000203125,0.000187500,0.000187500,0.000187500,0.000125000,0.000203125,16
1765349196.6584158,2025-12-10 14:46:36,-0.000125000,-0.000250000,0.000000000,0.000000000,0.000000000,-0.000125000,16,0.000000000,0.000000000,0.000000000,0.000000000,0.000000000,0.000000000,16,0.000148437,0.000140625,0.000156250,0.000187500,0.000125000,0.000148437,16,0.000085937,0.000078125,0.000093750,0.000062500,0.000125000,0.000085937,16,0.000187500,0.000187500,0.000187500,0.000187500,0.000250000,0.000187500,16,0.000148437,0.000140625,0.000125000,0.000125000,0.000125000,0.000148437,16,0.000187500,0.000187500,0.000187500,0.000187500,0.000125000,0.000187500,16,0.000187500,0.000187500,0.000187500,0.000187500,0.000125000,0.000187500,16
1765349207.504408,2025-12-10 14:46:47,-0.000125000,-0.000250000,0.000000000,0.000000000,0.000000000,-0.000125000,16,-0.000125000,0.000000000,0.000000000,0.000000000,0.000000000,-0.000125000,16,0.000156250,0.000156250,0.000156250,0.000125000,0.000125000,0.000156250,16,0.000085937,0.000078125,0.000093750,0.000062500,0.000000000,0.000085937,16,0.000171875,0.000171875,0.000187500,0.000187500,0.000250000,0.000171875,16,0.000140625,0.000140625,0.000156250,0.000187500,0.000125000,0.000140625,16,0.000179687,0.000171875,0.000187500,0.000187500,0.000250000,0.000179687,16,0.000195313,0.000187500,0.000187500,0.000187500,0.000125000,0.000195313,16
1765349218.3495476,2025-12-10 14:46:58,-0.000125000,-0.000250000,0.000000000,0.000000000,0.000000000,-0.000125000,16,0.000000000,0.000000000,0.000000000,0.000000000,0.000000000,0.000000000,16,0.000148437,0.000156250,0.000156250,0.000125000,0.000250000,0.000148437,16,0.000078125,0.000078125,0.000093750,0.000125000,0.000125000,0.000078125,16,0.000164063,0.000171875,0.000156250,0.000125000,0.000250000,0.000164063,16,0.000117187,0.000125000,0.000125000,0.000125000,0.000125000,0.000117187,16,0.000171875,0.000171875,0.000187500,0.000187500,0.000125000,0.000171875,16,0.000164063,0.000156250,0.000156250,0.000125000,0.000125000,0.000164063,16
1765349229.198595,2025-12-10 14:47:09,-0.000125000,-0.000250000,0.000000000,0.000000000,0.000000000,-0.000125000,16,-0.000125000,0.000000000,0.000000000,0.000000000,0.000000000,-0.000125000,16,0.000148437,0.000156250,0.000156250,0.000187500,0.000125000,0.000148437,16,0.000093750,0.000093750,0.000093750,0.000125000,0.000125000,0.000093750,16,0.000187500,0.000187500,0.000187500,0.000187500,0.000125000,0.000187500,16,0.000140625,0.000140625,0.000156250,0.000125000,0.000125000,0.000140625,16,0.000179687,0.000171875,0.000187500,0.000187500,0.000125000,0.000179687,16,0.000187500,0.000187500,0.000187500,0.000187500,0.000250000,0.000187500,16
1765349240.04588,2025-12-10 14:47:20,-0.000125000,-0.000250000,0.000000000,0.000000000,0.000000000,-0.000125000,16,0.000000000,0.000000000,0.000000000,0.000000000,0.000000000,0.000000000,16,0.000140625,0.000140625,0.000156250,0.000125000,0.000125000,0.000140625,16,0.000085937,0.000093750,0.000093750,0.000062500,0.000125000,0.000085937,16,0.000179687,0.000187500,0.000187500,0.000187500,0.000250000,0.000179687,16,0.000148437,0.000140625,0.000125000,0.000125000,0.000125000,0.000148437,16,0.000179687,0.000171875,0.000187500,0.000187500,0.000250000,0.000179687,16,0.000179687,0.000187500,0.000187500,0.000187500,0.000125000,0.000179687,16
1765349250.8935237,2025-12-10 14:47:30,-0.000125000,-0.000250000,0.000000000,0.000000000,0.000000000,-0.000125000,16,0.000000000,0.000000000,0.000000000,0.000000000,0.000000000,0.000000000,16,0.000125000,0.000125000,0.000156250,0.000125000,0.000125000,0.000125000,16,0.000062500,0.000078125,0.000062500,0.000062500,0.000000000,0.000062500,16,0.000148437,0.000140625,0.000156250,0.000125000,0.000125000,0.000148437,16,0.000125000,0.000125000,0.000125000,0.000125000,0.000125000,0.000125000,16,0.000171875,0.000171875,0.000187500,0.000187500,0.000125000,0.000171875,16,0.000179687,0.000187500,0.000187500,0.000187500,0.000125000,0.000179687,16
1765349261.7396464,2025-12-10 14:47:41,-0.000125000,-0.000250000,0.000000000,0.000000000,0.000000000,-0.000125000,16,0.000000000,0.000000000,0.000000000,0.000000000,0.000000000,0.000000000,16,0.000132813,0.000140625,0.000125000,0.000125000,0.000125000,0.000132813,16,0.000078125,0.000078125,0.000062500,0.000062500,0.000125000,0.000078125,16,0.000156250,0.000156250,0.000156250,0.000125000,0.000125000,0.000156250,16,0.000117187,0.000109375,0.000125000,0.000125000,0.000125000,0.000117187,16,0.000164063,0.000156250,0.000187500,0.000125000,0.000125000,0.000164063,16,0.000156250,0.000156250,0.000156250,0.000125000,0.000125000,0.000156250,16
1765349272.5865834,2025-12-10 14:47:52,-0.000125000,-0.000250000,0.000000000,0.000000000,0.000000000,-0.000125000,16,0.000000000,0.000000000,0.000000000,0.000000000,0.000000000,0.000000000,16,0.000132813,0.000125000,0.000125000,0.000125000,0.000125000,0.000132813,16,0.000078125,0.000078125,0.000062500,0.000062500,0.000125000,0.000078125,16,0.000179687,0.000171875,0.000187500,0.000187500,0.000125000,0.000179687,16,0.000125000,0.000125000,0.000125000,0.000125000,0.000125000,0.000125000,16,0.000164063,0.000156250,0.000156250,0.000125000,0.000125000,0.000164063,16,0.000164063,0.000171875,0.000156250,0.000187500,0.000125000,0.000164063,16
1765349283.4310212,2025-12-10 14:48:03,-0.000250000,-0.000250000,0.000000000,0.000000000,0.000000000,-0.000250000,16,0.000000000,0.000000000,0.000000000,0.000000000,0.000000000,0.000000000,16,0.000125000,0.000125000,0.000125000,0.000125000,0.000125000,0.000125000,16,0.000070313,0.000078125,0.000062500,0.000062500,0.000125000,0.000070313,16,0.000164063,0.000171875,0.000156250,0.000187500,0.000125000,0.000164063,16,0.000125000,0.000125000,0.000125000,0.000125000,0.000125000,0.000125000,16,0.000156250,0.000156250,0.000156250,0.000187500,0.000125000,0.000156250,16,0.000140625,0.000140625,0.000156250,0.000125000,0.000250000,0.000140625,16
1765349294.2790875,2025-12-10 14:48:14,-0.000125000,-0.000250000,0.000000000,0.000000000,0.000000000,-0.000125000,16,-0.000125000,0.000000000,0.000000000,0.000000000,0.000000000,-0.000125000,16,0.000125000,0.000125000,0.000125000,0.000125000,0.000125000,0.000125000,16,0.000085937,0.000093750,0.000062500,0.000125000,0.000125000,0.000085937,16,0.000171875,0.000171875,0.000156250,0.000187500,0.000125000,0.000171875,16,0.000125000,0.000125000,0.000125000,0.000125000,0.000125000,0.000125000,16,0.000164063,0.000156250,0.000156250,0.000125000,0.000125000,0.000164063,16,0.000164063,0.000171875,0.000156250,0.000187500,0.000250000,0.000164063,16
1765349305.1225152,2025-12-10 14:48:25,-0.000125000,-0.000250000,0.000000000,0.000000000,0.000000000,-0.000125000,16,0.000000000,0.000000000,0.000000000,0.000000000,0.000000000,0.000000000,16,0.000109375,0.000109375,0.000093750,0.000125000,0.000125000,0.000109375,16,0.000054688,0.000062500,0.000062500,0.000062500,0.000000000,0.000054688,16,0.000148437,0.000140625,0.000125000,0.000125000,0.000125000,0.000148437,16,0.000101563,0.000093750,0.000125000,0.000125000,0.000125000,0.000101563,16,0.000156250,0.000156250,0.000156250,0.000187500,0.000125000,0.000156250,16,0.000125000,0.000125000,0.000125000,0.000125000,0.000125000,0.000125000,16
1765349315.967332,2025-12-10 14:48:35,-0.000125000,-0.000250000,0.000000000,0.000000000,0.000000000,-0.000125000,16,0.000000000,0.000000000,0.000000000,0.000000000,0.000000000,0.000000000,16,0.000125000,0.000125000,0.000125000,0.000125000,0.000125000,0.000125000,16,0.000070313,0.000078125,0.000093750,0.000062500,0.000125000,0.000070313,16,0.000171875,0.000171875,0.000156250,0.000125000,0.000125000,0.000171875,16,0.000125000,0.000125000,0.000125000,0.000125000,0.000125000,0.000125000,16,0.000156250,0.000156250,0.000156250,0.000187500,0.000125000,0.000156250,16,0.000125000,0.000125000,0.000125000,0.000125000,0.000125000,0.000125000,16
1765349326.814567,2025-12-10 14:48:46,-0.000125000,-0.000250000,0.000000000,0.000000000,0.000000000,-0.000125000,16,0.000000000,0.000000000,0.000000000,0.000000000,0.000000000,0.000000000,16,0.000132813,0.000125000,0.000125000,0.000125000,0.000125000,0.000132813,16,0.000078125,0.000078125,0.000093750,0.000062500,0.000125000,0.000078125,16,0.000164063,0.000156250,0.000156250,0.000187500,0.000125000,0.000164063,16,0.000125000,0.000125000,0.000125000,0.000125000,0.000125000,0.000125000,16,0.000171875,0.000171875,0.000156250,0.000187500,0.000125000,0.000171875,16,0.000148437,0.000156250,0.000156250,0.000187500,0.000125000,0.000148437,16
1765349337.6606414,2025-12-10 14:48:57,-0.000125000,-0.000250000,0.000000000,0.000000000,0.000000000,-0.000125000,16,0.000000000,0.000000000,0.000000000,0.000000000,0.000000000,0.000000000,16,0.000117187,0.000125000,0.000093750,0.000125000,0.000125000,0.000117187,16,0.000046875,0.000046875,0.000062500,0.000000000,0.000000000,0.000046875,16,0.000109375,0.000109375,0.000125000,0.000125000,0.000125000,0.000109375,16,0.000085937,0.000078125,0.000093750,0.000062500,0.000125000,0.000085937,16,0.000156250,0.000156250,0.000156250,0.000125000,0.000125000,0.000156250,16,0.000125000,0.000125000,0.000125000,0.000125000,0.000125000,0.000125000,16
1765349348.5054693,2025-12-10 14:49:08,-0.000125000,-0.000250000,0.000000000,0.000000000,0.000000000,-0.000125000,16,0.000000000,0.000000000,0.000000000,0.000000000,0.000000000,0.000000000,16,0.000140625,0.000140625,0.000156250,0.000125000,0.000125000,0.000140625,16,0.000093750,0.000093750,0.000093750,0.000062500,0.000125000,0.000093750,16,0.000156250,0.000171875,0.000156250,0.000187500,0.000125000,0.000156250,16,0.000125000,0.000109375,0.000125000,0.000125000,0.000125000,0.000125000,16,0.000171875,0.000171875,0.000156250,0.000187500,0.000125000,0.000171875,16,0.000132813,0.000125000,0.000125000,0.000125000,0.000125000,0.000132813,16
1765349359.3542397,2025-12-10 14:49:19,-0.000125000,-0.000250000,0.000000000,0.000000000,0.000000000,-0.000125000,16,0.000000000,0.000000000,0.000000000,0.000000000,0.000000000,0.000000000,16,0.000132813,0.000140625,0.000125000,0.000125000,0.000125000,0.000132813,16,0.000078125,0.000078125,0.000093750,0.000062500,0.000125000,0.000078125,16,0.000156250,0.000171875,0.000156250,0.000125000,0.000125000,0.000156250,16,0.000117187,0.000125000,0.000125000,0.000125000,0.000125000,0.000117187,16,0.000171875,0.000171875,0.000156250,0.000187500,0.000250000,0.000171875,16,0.000132813,0.000140625,0.000125000,0.000125000,0.000125000,0.000132813,16
1765349370.200342,2025-12-10 14:49:30,-0.000125000,-0.000250000,0.000000000,0.000000000,0.000000000,-0.000125000,16,0.000000000,0.000000000,0.000000000,0.000000000,0.000000000,0.000000000,16,0.000140625,0.000140625,0.000125000,0.000125000,0.000125000,0.000140625,16,0.000078125,0.000078125,0.000093750,0.000062500,0.000125000,0.000078125,16,0.000164063,0.000156250,0.000156250,0.000187500,0.000125000,0.000164063,16,0.000125000,0.000125000,0.000125000,0.000125000,0.000125000,0.000125000,16,0.000164063,0.000156250,0.000156250,0.000187500,0.000125000,0.000164063,16,0.000125000,0.000125000,0.000125000,0.000125000,0.000125000,0.000125000,16
1765349381.0465076,2025-12-10 14:49:41,-0.000125000,-0.000250000,0.000000000,0.000000000,0.000000000,-0.000125000,16,0.000000000,0.000000000,0.000000000,0.000000000,0.000000000,0.000000000,16,0.000140625,0.000140625,0.000125000,0.000187500,0.000125000,0.000140625,16,0.000093750,0.000078125,0.000093750,0.000125000,0.000125000,0.000093750,16,0.000164063,0.000156250,0.000156250,0.000187500,0.000125000,0.000164063,16,0.000132813,0.000125000,0.000125000,0.000125000,0.000125000,0.000132813,16,0.000179687,0.000171875,0.000187500,0.000187500,0.000125000,0.000179687,16,0.000156250,0.000156250,0.000156250,0.000187500,0.000125000,0.000156250,16
1765349391.8909247,2025-12-10 14:49:51,-0.000125000,-0.000250000,0.000000000,0.000000000,0.000000000,-0.000125000,16,0.000000000,0.000000000,0.000000000,0.000000000,0.000000000,0.000000000,16,0.000125000,0.000125000,0.000125000,0.000125000,0.000125000,0.000125000,16,0.000085937,0.000078125,0.000093750,0.000062500,0.000125000,0.000085937,16,0.000117187,0.000109375,0.000125000,0.000125000,0.000125000,0.000117187,16,0.000093750,0.000093750,0.000093750,0.000062500,0.000125000,0.000093750,16,0.000164063,0.000171875,0.000156250,0.000187500,0.000125000,0.000164063,16,0.000125000,0.000125000,0.000125000,0.000125000,0.000125000,0.000125000,16
1765349402.7380302,2025-12-10 14:50:02,-0.000125000,-0.000250000,0.000000000,0.000000000,0.000000000,-0.000125000,16,0.000000000,0.000000000,0.000000000,0.000000000,0.000000000,0.000000000,16,0.000140625,0.000140625,0.000156250,0.000125000,0.000125000,0.000140625,16,0.000085937,0.000093750,0.000093750,0.000062500,0.000125000,0.000085937,16,0.000140625,0.000140625,0.000156250,0.000187500,0.000125000,0.000140625,16,0.000109375,0.000093750,0.000093750,0.000125000,0.000125000,0.000109375,16,0.000187500,0.000171875,0.000187500,0.000187500,0.000125000,0.000187500,16,0.000132813,0.000140625,0.000125000,0.000125000,0.000125000,0.000132813,16
1765349413.5849051,2025-12-10 14:50:13,-0.000125000,-0.000250000,0.000000000,0.000000000,0.000000000,-0.000125000,16,0.000000000,0.000000000,0.000000000,0.000000000,0.000000000,0.000000000,16,0.000140625,0.000140625,0.000125000,0.000125000,0.000125000,0.000140625,16,0.000093750,0.000093750,0.000093750,0.000125000,0.000125000,0.000093750,16,0.000148437,0.000140625,0.000156250,0.000125000,0.000125000,0.000148437,16,0.000117187,0.000125000,0.000125000,0.000125000,0.000125000,0.000117187,16,0.000179687,0.000171875,0.000187500,0.000187500,0.000125000,0.000179687,16,0.000156250,0.000156250,0.000156250,0.000187500,0.000125000,0.000156250,16
1765349424.431462,2025-12-10 14:50:24,-0.000125000,-0.000250000,0.000000000,0.000000000,0.000000000,-0.000125000,16,0.000000000,0.000000000,0.000000000,0.000000000,0.000000000,0.000000000,16,0.000125000,0.000125000,0.000125000,0.000125000,0.000125000,0.000125000,16,0.000078125,0.000078125,0.000062500,0.000062500,0.000125000,0.000078125,16,0.000140625,0.000125000,0.000125000,0.000125000,0.000125000,0.000140625,16,0.000101563,0.000109375,0.000093750,0.000125000,0.000125000,0.000101563,16,0.000164063,0.000171875,0.000187500,0.000187500,0.000125000,0.000164063,16,0.000156250,0.000156250,0.000156250,0.000187500,0.000250000,0.000156250,16
1765349435.280966,2025-12-10 14:50:35,-0.000125000,-0.000250000,0.000000000,0.000000000,0.000000000,-0.000125000,16,-0.000125000,0.000000000,0.000000000,0.000000000,0.000000000,-0.000125000,16,0.000132813,0.000140625,0.000156250,0.000125000,0.000125000,0.000132813,16,0.000085937,0.000093750,0.000093750,0.000125000,0.000125000,0.000085937,16,0.000171875,0.000171875,0.000156250,0.000187500,0.000125000,0.000171875,16,0.000132813,0.000125000,0.000125000,0.000125000,0.000125000,0.000132813,16,0.000179687,0.000171875,0.000187500,0.000187500,0.000250000,0.000179687,16,0.000171875,0.000171875,0.000156250,0.000187500,0.000125000,0.000171875,16
1765349446.1279788,2025-12-10 14:50:46,-0.000125000,-0.000250000,0.000000000,0.000000000,0.000000000,-0.000125000,16,0.000000000,0.000000000,0.000000000,0.000000000,0.000000000,0.000000000,16,0.000117187,0.000109375,0.000125000,0.000125000,0.000125000,0.000117187,16,0.000070313,0.000062500,0.000062500,0.000062500,0.000000000,0.000070313,16,0.000132813,0.000140625,0.000125000,0.000125000,0.000125000,0.000132813,16,0.000101563,0.000093750,0.000093750,0.000062500,0.000125000,0.000101563,16,0.000164063,0.000156250,0.000156250,0.000187500,0.000250000,0.000164063,16,0.000132813,0.000140625,0.000125000,0.000125000,0.000125000,0.000132813,16
1765349456.9766157,2025-12-10 14:50:56,-0.000125000,-0.000250000,0.000000000,0.000000000,0.000000000,-0.000125000,16,0.000000000,0.000000000,0.000000000,0.000000000,0.000000000,0.000000000,16,0.000125000,0.000125000,0.000125000,0.000125000,0.000125000,0.000125000,16,0.000078125,0.000078125,0.000062500,0.000062500,0.000125000,0.000078125,16,0.000148437,0.000156250,0.000156250,0.000125000,0.000125000,0.000148437,16,0.000117187,0.000109375,0.000125000,0.000125000,0.000125000,0.000117187,16,0.000164063,0.000171875,0.000156250,0.000187500,0.000125000,0.000164063,16,0.000164063,0.000156250,0.000156250,0.000187500,0.000125000,0.000164063,16
1765349467.8236978,2025-12-10 14:51:07,-0.000125000,-0.000250000,0.000000000,0.000000000,0.000000000,-0.000125000,16,0.000000000,0.000000000,0.000000000,0.000000000,0.000000000,0.000000000,16,0.000125000,0.000125000,0.000125000,0.000125000,0.000125000,0.000125000,16,0.000078125,0.000078125,0.000062500,0.000062500,0.000125000,0.000078125,16,0.000156250,0.000156250,0.000156250,0.000125000,0.000125000,0.000156250,16,0.000109375,0.000109375,0.000125000,0.000125000,0.000125000,0.000109375,16,0.000156250,0.000156250,0.000187500,0.000187500,0.000125000,0.000156250,16,0.000156250,0.000156250,0.000156250,0.000187500,0.000250000,0.000156250,16
1765349478.673392,2025-12-10 14:51:18,-0.000125000,-0.000250000,0.000000000,0.000000000,0.000000000,-0.000125000,16,0.000000000,0.000000000,0.000000000,0.000000000,0.000000000,0.000000000,16,0.000117187,0.000125000,0.000125000,0.000125000,0.000125000,0.000117187,16,0.000062500,0.000062500,0.000062500,0.000062500,0.000000000,0.000062500,16,0.000156250,0.000156250,0.000156250,0.000187500,0.000125000,0.000156250,16,0.000101563,0.000093750,0.000093750,0.000125000,0.000125000,0.000101563,16,0.000132813,0.000140625,0.000125000,0.000125000,0.000125000,0.000132813,16,0.000093750,0.000109375,0.000093750,0.000125000,0.000125000,0.000093750,16
1765349489.519013,2025-12-10 14:51:29,-0.000125000,-0.000250000,0.000000000,0.000000000,0.000000000,-0.000125000,16,0.000000000,0.000000000,0.000000000,0.000000000,0.000000000,0.000000000,16,0.000101563,0.000093750,0.000093750,0.000125000,0.000125000,0.000101563,16,0.000062500,0.000062500,0.000062500,0.000062500,0.000000000,0.000062500,16,0.000093750,0.000093750,0.000093750,0.000125000,0.000125000,0.000093750,16,0.000078125,0.000078125,0.000062500,0.000062500,0.000125000,0.000078125,16,0.000132813,0.000140625,0.000125000,0.000125000,0.000125000,0.000132813,16,0.000093750,0.000093750,0.000093750,0.000062500,0.000125000,0.000093750,16
1765349500.36708,2025-12-10 14:51:40,-0.000125000,-0.000250000,0.000000000,0.000000000,0.000000000,-0.000125000,16,0.000000000,0.000000000,0.000000000,0.000000000,0.000000000,0.000000000,16,0.000117187,0.000125000,0.000125000,0.000125000,0.000125000,0.000117187,16,0.000085937,0.000093750,0.000093750,0.000062500,0.000125000,0.000085937,16,0.000085937,0.000078125,0.000093750,0.000125000,0.000125000,0.000085937,16,0.000070313,0.000062500,0.000062500,0.000062500,0.000125000,0.000070313,16,0.000171875,0.000171875,0.000156250,0.000125000,0.000250000,0.000171875,16,0.000117187,0.000109375,0.000125000,0.000125000,0.000125000,0.000117187,16
1765349511.2135527,2025-12-10 14:51:51,-0.000125000,-0.000250000,0.000000000,0.000000000,0.000000000,-0.000125000,16,0.000000000,0.000000000,0.000000000,0.000000000,0.000000000,0.000000000,16,0.000125000,0.000125000,0.000125000,0.000125000,0.000125000,0.000125000,16,0.000070313,0.000062500,0.000062500,0.000062500,0.000125000,0.000070313,16,0.000109375,0.000109375,0.000093750,0.000125000,0.000125000,0.000109375,16,0.000093750,0.000093750,0.000093750,0.000125000,0.000125000,0.000093750,16,0.000164063,0.000171875,0.000156250,0.000187500,0.000125000,0.000164063,16,0.000093750,0.000093750,0.000093750,0.000062500,0.000125000,0.000093750,16
1765349522.0594485,2025-12-10 14:52:02,-0.000125000,-0.000250000,0.000000000,0.000000000,0.000000000,-0.000125000,16,0.000000000,0.000000000,0.000000000,0.000000000,0.000000000,0.000000000,16,0.000140625,0.000140625,0.000125000,0.000125000,0.000125000,0.000140625,16,0.000093750,0.000078125,0.000093750,0.000125000,0.000125000,0.000093750,16,0.000085937,0.000093750,0.000093750,0.000125000,0.000125000,0.000085937,16,0.000078125,0.000093750,0.000093750,0.000062500,0.000125000,0.000078125,16,0.000171875,0.000171875,0.000187500,0.000187500,0.000250000,0.000171875,16,0.000117187,0.000125000,0.000125000,0.000125000,0.000125000,0.000117187,16
1765349532.903502,2025-12-10 14:52:12,-0.000125000,-0.000250000,0.000000000,0.000000000,0.000000000,-0.000125000,16,0.000000000,0.000000000,0.000000000,0.000000000,0.000000000,0.000000000,16,0.000156250,0.000156250,0.000156250,0.000187500,0.000125000,0.000156250,16,0.000109375,0.000109375,0.000093750,0.000125000,0.000125000,0.000109375,16,0.000171875,0.000171875,0.000187500,0.000187500,0.000250000,0.000171875,16,0.000140625,0.000140625,0.000156250,0.000125000,0.000125000,0.000140625,16,0.000187500,0.000187500,0.000187500,0.000187500,0.000250000,0.000187500,16,0.000148437,0.000156250,0.000156250,0.000125000,0.000125000,0.000148437,16
1765349543.7474716,2025-12-10 14:52:23,-0.000250000,-0.000250000,0.000000000,0.000000000,0.000000000,-0.000250000,16,0.000000000,0.000000000,0.000000000,0.000000000,0.000000000,0.000000000,16,0.000140625,0.000156250,0.000156250,0.000187500,0.000125000,0.000140625,16,0.000093750,0.000093750,0.000093750,0.000125000,0.000125000,0.000093750,16,0.000156250,0.000156250,0.000156250,0.000187500,0.000125000,0.000156250,16,0.000132813,0.000125000,0.000156250,0.000125000,0.000125000,0.000132813,16,0.000179687,0.000187500,0.000187500,0.000187500,0.000250000,0.000179687,16,0.000171875,0.000171875,0.000187500,0.000125000,0.000125000,0.000171875,16
1765349554.5930798,2025-12-10 14:52:34,-0.000125000,0.000000000,0.000000000,0.000000000,0.000000000,-0.000125000,16,0.000000000,0.000000000,0.000000000,0.000000000,0.000000000,0.000000000,16,0.000117187,0.000109375,0.000125000,0.000125000,0.000125000,0.000117187,16,0.000062500,0.000062500,0.000062500,0.000062500,0.000125000,0.000062500,16,0.000085937,0.000078125,0.000093750,0.000125000,0.000125000,0.000085937,16,0.000070313,0.000062500,0.000062500,0.000062500,0.000125000,0.000070313,16,0.000148437,0.000140625,0.000156250,0.000125000,0.000125000,0.000148437,16,0.000109375,0.000109375,0.000093750,0.000125000,0.000125000,0.000109375,16
1765349565.4400911,2025-12-10 14:52:45,-0.000125000,-0.000250000,0.000000000,0.000000000,0.000000000,-0.000125000,16,0.000000000,0.000000000,0.000000000,0.000000000,0.000000000,0.000000000,16,0.000148437,0.000140625,0.000156250,0.000125000,0.000125000,0.000148437,16,0.000085937,0.000093750,0.000093750,0.000125000,0.000125000,0.000085937,16,0.000164063,0.000156250,0.000156250,0.000125000,0.000125000,0.000164063,16,0.000125000,0.000125000,0.000125000,0.000125000,0.000125000,0.000125000,16,0.000171875,0.000171875,0.000187500,0.000187500,0.000125000,0.000171875,16,0.000156250,0.000156250,0.000156250,0.000125000,0.000125000,0.000156250,16
1765349576.2844133,2025-12-10 14:52:56,-0.000125000,0.000000000,0.000000000,0.000000000,0.000000000,-0.000125000,16,0.000000000,0.000000000,0.000000000,0.000000000,0.000000000,0.000000000,16,0.000109375,0.000109375,0.000093750,0.000125000,0.000125000,0.000109375,16,0.000046875,0.000031250,0.000031250,0.000062500,0.000125000,0.000046875,16,0.000070313,0.000078125,0.000062500,0.000062500,0.000125000,0.000070313,16,0.000070313,0.000062500,0.000062500,0.000062500,0.000000000,0.000070313,16,0.000140625,0.000140625,0.000125000,0.000125000,0.000125000,0.000140625,16,0.000093750,0.000093750,0.000093750,0.000062500,0.000125000,0.000093750,16
1765349587.1303504,2025-12-10 14:53:07,-0.000125000,-0.000250000,0.000000000,0.000000000,0.000000000,-0.000125000,16,0.000000000,0.000000000,0.000000000,0.000000000,0.000000000,0.000000000,16,0.000132813,0.000125000,0.000156250,0.000125000,0.000125000,0.000132813,16,0.000054688,0.000062500,0.000062500,0.000062500,0.000125000,0.000054688,16,0.000085937,0.000078125,0.000093750,0.000125000,0.000125000,0.000085937,16,0.000070313,0.000078125,0.000062500,0.000062500,0.000125000,0.000070313,16,0.000148437,0.000140625,0.000156250,0.000125000,0.000125000,0.000148437,16,0.000093750,0.000109375,0.000093750,0.000125000,0.000125000,0.000093750,16
1765349597.9749632,2025-12-10 14:53:17,-0.000125000,-0.000250000,0.000000000,0.000000000,0.000000000,-0.000125000,16,0.000000000,0.000000000,0.000000000,0.000000000,0.000000000,0.000000000,16,0.000140625,0.000140625,0.000125000,0.000125000,0.000125000,0.000140625,16,0.000085937,0.000093750,0.000093750,0.000062500,0.000000000,0.000085937,16,0.000117187,0.000125000,0.000125000,0.000125000,0.000125000,0.000117187,16,0.000093750,0.000093750,0.000093750,0.000125000,0.000125000,0.000093750,16,0.000164063,0.000156250,0.000156250,0.000125000,0.000125000,0.000164063,16,0.000132813,0.000125000,0.000125000,0.000125000,0.000125000,0.000132813,16
1765349608.8215806,2025-12-10 14:53:28,-0.000125000,-0.000250000,0.000000000,0.000000000,0.000000000,-0.000125000,16,0.000000000,0.000000000,0.000000000,0.000000000,0.000000000,0.000000000,16,0.000132813,0.000140625,0.000156250,0.000125000,0.000125000,0.000132813,16,0.000070313,0.000078125,0.000062500,0.000062500,0.000125000,0.000070313,16,0.000101563,0.000093750,0.000093750,0.000125000,0.000125000,0.000101563,16,0.000085937,0.000093750,0.000093750,0.000062500,0.000125000,0.000085937,16,0.000171875,0.000171875,0.000156250,0.000187500,0.000125000,0.000171875,16,0.000132813,0.000125000,0.000125000,0.000125000,0.000125000,0.000132813,16
1765349619.6673727,2025-12-10 14:53:39,-0.000125000,0.000000000,0.000000000,0.000000000,0.000000000,-0.000125000,16,0.000000000,0.000000000,0.000000000,0.000000000,0.000000000,0.000000000,16,0.000117187,0.000125000,0.000125000,0.000125000,0.000125000,0.000117187,16,0.000070313,0.000078125,0.000062500,0.000062500,0.000000000,0.000070313,16,0.000062500,0.000062500,0.000062500,0.000062500,0.000125000,0.000062500,16,0.000062500,0.000062500,0.000062500,0.000062500,0.000000000,0.000062500,16,0.000156250,0.000156250,0.000156250,0.000187500,0.000125000,0.000156250,16,0.000109375,0.000109375,0.000125000,0.000125000,0.000125000,0.000109375,16
1765349630.511118,2025-12-10 14:53:50,-0.000125000,-0.000250000,0.000000000,0.000000000,0.000000000,-0.000125000,16,0.000000000,0.000000000,0.000000000,0.000000000,0.000000000,0.000000000,16,0.000125000,0.000125000,0.000125000,0.000125000,0.000125000,0.000125000,16,0.000054688,0.000046875,0.000062500,0.000062500,0.000125000,0.000054688,16,0.000125000,0.000125000,0.000125000,0.000125000,0.000125000,0.000125000,16,0.000070313,0.000062500,0.000062500,0.000062500,0.000125000,0.000070313,16,0.000148437,0.000140625,0.000156250,0.000125000,0.000125000,0.000148437,16,0.000093750,0.000093750,0.000093750,0.000062500,0.000125000,0.000093750,16
1765349641.3578238,2025-12-10 14:54:01,-0.000125000,-0.000250000,0.000000000,0.000000000,0.000000000,-0.000125000,16,0.000000000,0.000000000,0.000000000,0.000000000,0.000000000,0.000000000,16,0.000156250,0.000156250,0.000156250,0.000125000,0.000125000,0.000156250,16,0.000085937,0.000093750,0.000093750,0.000125000,0.000125000,0.000085937,16,0.000148437,0.000140625,0.000156250,0.000125000,0.000125000,0.000148437,16,0.000109375,0.000109375,0.000093750,0.000125000,0.000125000,0.000109375,16,0.000171875,0.000171875,0.000156250,0.000187500,0.000125000,0.000171875,16,0.000125000,0.000125000,0.000125000,0.000125000,0.000125000,0.000125000,16
1765349652.2024927,2025-12-10 14:54:12,-0.000125000,0.000000000,0.000000000,0.000000000,0.000000000,-0.000125000,16,0.000000000,0.000000000,0.000000000,0.000000000,0.000000000,0.000000000,16,0.000132813,0.000125000,0.000125000,0.000125000,0.000125000,0.000132813,16,0.000062500,0.000062500,0.000062500,0.000062500,0.000000000,0.000062500,16,0.000093750,0.000093750,0.000093750,0.000125000,0.000125000,0.000093750,16,0.000078125,0.000078125,0.000062500,0.000062500,0.000125000,0.000078125,16,0.000148437,0.000140625,0.000156250,0.000187500,0.000125000,0.000148437,16,0.000085937,0.000093750,0.000093750,0.000062500,0.000125000,0.000085937,16
1765349663.0489402,2025-12-10 14:54:23,-0.000125000,-0.000250000,0.000000000,0.000000000,0.000000000,-0.000125000,16,0.000000000,0.000000000,0.000000000,0.000000000,0.000000000,0.000000000,16,0.000140625,0.000140625,0.000125000,0.000125000,0.000125000,0.000140625,16,0.000070313,0.000062500,0.000062500,0.000062500,0.000000000,0.000070313,16,0.000125000,0.000125000,0.000125000,0.000125000,0.000125000,0.000125000,16,0.000101563,0.000093750,0.000093750,0.000125000,0.000125000,0.000101563,16,0.000156250,0.000156250,0.000156250,0.000187500,0.000250000,0.000156250,16,0.000125000,0.000125000,0.000125000,0.000125000,0.000125000,0.000125000,16
1765349673.8981879,2025-12-10 14:54:33,-0.000125000,0.000000000,0.000000000,0.000000000,0.000000000,-0.000125000,16,0.000000000,0.000000000,0.000000000,0.000000000,0.000000000,0.000000000,16,0.000132813,0.000140625,0.000125000,0.000125000,0.000125000,0.000132813,16,0.000070313,0.000078125,0.000093750,0.000062500,0.000000000,0.000070313,16,0.000093750,0.000093750,0.000093750,0.000062500,0.000125000,0.000093750,16,0.000078125,0.000078125,0.000093750,0.000062500,0.000125000,0.000078125,16,0.000156250,0.000156250,0.000156250,0.000187500,0.000125000,0.000156250,16,0.000109375,0.000109375,0.000093750,0.000125000,0.000125000,0.000109375,16
1765349684.745486,2025-12-10 14:54:44,-0.000125000,-0.000250000,0.000000000,0.000000000,0.000000000,-0.000125000,16,0.000000000,0.000000000,0.000000000,0.000000000,0.000000000,0.000000000,16,0.000148437,0.000156250,0.000156250,0.000187500,0.000125000,0.000148437,16,0.000093750,0.000093750,0.000093750,0.000125000,0.000125000,0.000093750,16,0.000140625,0.000156250,0.000156250,0.000187500,0.000125000,0.000140625,16,0.000117187,0.000109375,0.000125000,0.000125000,0.000125000,0.000117187,16,0.000171875,0.000171875,0.000156250,0.000187500,0.000125000,0.000171875,16,0.000156250,0.000156250,0.000156250,0.000187500,0.000125000,0.000156250,16
1765349695.5933955,2025-12-10 14:54:55,-0.000125000,-0.000250000,0.000000000,0.000000000,0.000000000,-0.000125000,16,0.000000000,0.000000000,0.000000000,0.000000000,0.000000000,0.000000000,16,0.000125000,0.000125000,0.000125000,0.000125000,0.000125000,0.000125000,16,0.000078125,0.000078125,0.000062500,0.000062500,0.000000000,0.000078125,16,0.000101563,0.000109375,0.000125000,0.000125000,0.000125000,0.000101563,16,0.000093750,0.000093750,0.000093750,0.000062500,0.000125000,0.000093750,16,0.000148437,0.000156250,0.000156250,0.000187500,0.000125000,0.000148437,16,0.000125000,0.000125000,0.000125000,0.000125000,0.000125000,0.000125000,16
1765349706.4425673,2025-12-10 14:55:06,-0.000125000,-0.000250000,0.000000000,0.000000000,0.000000000,-0.000125000,16,0.000000000,0.000000000,0.000000000,0.000000000,0.000000000,0.000000000,16,0.000132813,0.000140625,0.000125000,0.000125000,0.000125000,0.000132813,16,0.000062500,0.000078125,0.000062500,0.000062500,0.000000000,0.000062500,16,0.000132813,0.000140625,0.000125000,0.000125000,0.000250000,0.000132813,16,0.000109375,0.000109375,0.000125000,0.000125000,0.000125000,0.000109375,16,0.000156250,0.000156250,0.000156250,0.000125000,0.000125000,0.000156250,16,0.000132813,0.000140625,0.000125000,0.000125000,0.000125000,0.000132813,16
1765349717.2914171,2025-12-10 14:55:17,-0.000125000,-0.000250000,0.000000000,0.000000000,0.000000000,-0.000125000,16,0.000000000,0.000000000,0.000000000,0.000000000,0.000000000,0.000000000,16,0.000132813,0.000140625,0.000156250,0.000125000,0.000125000,0.000132813,16,0.000070313,0.000078125,0.000062500,0.000062500,0.000125000,0.000070313,16,0.000117187,0.000109375,0.000125000,0.000125000,0.000125000,0.000117187,16,0.000093750,0.000109375,0.000093750,0.000125000,0.000125000,0.000093750,16,0.000148437,0.000156250,0.000156250,0.000125000,0.000125000,0.000148437,16,0.000148437,0.000156250,0.000156250,0.000125000,0.000125000,0.000148437,16
1765349728.1361573,2025-12-10 14:55:28,-0.000125000,-0.000250000,0.000000000,0.000000000,0.000000000,-0.000125000,16,0.000000000,0.000000000,0.000000000,0.000000000,0.000000000,0.000000000,16,0.000117187,0.000109375,0.000125000,0.000062500,0.000125000,0.000117187,16,0.000039063,0.000031250,0.000031250,0.000062500,0.000000000,0.000039063,16,0.000093750,0.000093750,0.000093750,0.000125000,0.000000000,0.000093750,16,0.000078125,0.000078125,0.000093750,0.000062500,0.000000000,0.000078125,16,0.000148437,0.000140625,0.000156250,0.000187500,0.000125000,0.000148437,16,0.000140625,0.000125000,0.000156250,0.000125000,0.000125000,0.000140625,16
1765349738.9812725,2025-12-10 14:55:38,-0.000125000,-0.000250000,0.000000000,0.000000000,0.000000000,-0.000125000,16,0.000000000,0.000000000,0.000000000,0.000000000,0.000000000,0.000000000,16,0.000132813,0.000140625,0.000125000,0.000125000,0.000125000,0.000132813,16,0.000078125,0.000078125,0.000062500,0.000062500,0.000000000,0.000078125,16,0.000148437,0.000140625,0.000125000,0.000125000,0.000125000,0.000148437,16,0.000117187,0.000125000,0.000125000,0.000125000,0.000125000,0.000117187,16,0.000156250,0.000156250,0.000156250,0.000187500,0.000125000,0.000156250,16,0.000156250,0.000156250,0.000156250,0.000125000,0.000125000,0.000156250,16
1765349749.8262055,2025-12-10 14:55:49,-0.000125000,-0.000250000,0.000000000,0.000000000,0.000000000,-0.000125000,16,0.000000000,0.000000000,0.000000000,0.000000000,0.000000000,0.000000000,16,0.000125000,0.000125000,0.000125000,0.000125000,0.000125000,0.000125000,16,0.000070313,0.000078125,0.000062500,0.000062500,0.000000000,0.000070313,16,0.000140625,0.000140625,0.000156250,0.000125000,0.000125000,0.000140625,16,0.000117187,0.000109375,0.000125000,0.000125000,0.000125000,0.000117187,16,0.000148437,0.000140625,0.000156250,0.000125000,0.000125000,0.000148437,16,0.000171875,0.000156250,0.000156250,0.000187500,0.000250000,0.000171875,16
1765349760.6729434,2025-12-10 14:56:00,-0.000125000,0.000000000,0.000000000,0.000000000,0.000000000,-0.000125000,16,0.000000000,0.000000000,0.000000000,0.000000000,0.000000000,0.000000000,16,0.000101563,0.000109375,0.000125000,0.000125000,0.000125000,0.000101563,16,0.000046875,0.000046875,0.000062500,0.000062500,0.000000000,0.000046875,16,0.000125000,0.000125000,0.000125000,0.000125000,0.000125000,0.000125000,16,0.000093750,0.000093750,0.000093750,0.000125000,0.000125000,0.000093750,16,0.000125000,0.000125000,0.000125000,0.000125000,0.000125000,0.000125000,16,0.000140625,0.000140625,0.000125000,0.000125000,0.000125000,0.000140625,16
1765349771.519398,2025-12-10 14:56:11,-0.000125000,0.000000000,0.000000000,0.000000000,0.000000000,-0.000125000,16,0.000000000,0.000000000,0.000000000,0.000000000,0.000000000,0.000000000,16,0.000085937,0.000093750,0.000093750,0.000062500,0.000125000,0.000085937,16,0.000039063,0.000031250,0.000031250,0.000000000,0.000000000,0.000039063,16,0.000101563,0.000093750,0.000093750,0.000125000,0.000125000,0.000101563,16,0.000078125,0.000078125,0.000062500,0.000062500,0.000125000,0.000078125,16,0.000125000,0.000109375,0.000125000,0.000125000,0.000125000,0.000125000,16,0.000109375,0.000109375,0.000125000,0.000125000,0.000125000,0.000109375,16
1765349782.3620768,2025-12-10 14:56:22,-0.000125000,0.000000000,0.000000000,0.000000000,0.000000000,-0.000125000,16,0.000000000,0.000000000,0.000000000,0.000000000,0.000000000,0.000000000,16,0.000109375,0.000109375,0.000125000,0.000125000,0.000125000,0.000109375,16,0.000046875,0.000046875,0.000062500,0.000062500,0.000000000,0.000046875,16,0.000109375,0.000109375,0.000093750,0.000125000,0.000125000,0.000109375,16,0.000078125,0.000078125,0.000062500,0.000062500,0.000000000,0.000078125,16,0.000125000,0.000125000,0.000125000,0.000125000,0.000125000,0.000125000,16,0.000101563,0.000109375,0.000093750,0.000125000,0.000125000,0.000101563,16
1765349793.2082968,2025-12-10 14:56:33,-0.000125000,0.000000000,0.000000000,0.000000000,0.000000000,-0.000125000,16,0.000000000,0.000000000,0.000000000,0.000000000,0.000000000,0.000000000,16,0.000109375,0.000109375,0.000093750,0.000125000,0.000125000,0.000109375,16,0.000031250,0.000031250,0.000031250,0.000062500,0.000000000,0.000031250,16,0.000132813,0.000125000,0.000125000,0.000125000,0.000125000,0.000132813,16,0.000085937,0.000093750,0.000093750,0.000125000,0.000125000,0.000085937,16,0.000125000,0.000125000,0.000125000,0.000125000,0.000125000,0.000125000,16,0.000093750,0.000093750,0.000093750,0.000062500,0.000125000,0.000093750,16
1765349804.0524588,2025-12-10 14:56:44,-0.000125000,0.000000000,0.000000000,0.000000000,0.000000000,-0.000125000,16,0.000000000,0.000000000,0.000000000,0.000000000,0.000000000,0.000000000,16,0.000125000,0.000125000,0.000125000,0.000125000,0.000125000,0.000125000,16,0.000062500,0.000062500,0.000062500,0.000062500,0.000125000,0.000062500,16,0.000132813,0.000125000,0.000125000,0.000125000,0.000125000,0.000132813,16,0.000085937,0.000093750,0.000093750,0.000062500,0.000125000,0.000085937,16,0.000140625,0.000140625,0.000125000,0.000125000,0.000125000,0.000140625,16,0.000109375,0.000109375,0.000093750,0.000125000,0.000125000,0.000109375,16
1765349814.8973355,2025-12-10 14:56:54,-0.000125000,0.000000000,0.000000000,0.000000000,0.000000000,-0.000125000,16,0.000000000,0.000000000,0.000000000,0.000000000,0.000000000,0.000000000,16,0.000109375,0.000125000,0.000125000,0.000125000,0.000125000,0.000109375,16,0.000054688,0.000046875,0.000062500,0.000062500,0.000000000,0.000054688,16,0.000109375,0.000109375,0.000125000,0.000125000,0.000125000,0.000109375,16,0.000085937,0.000093750,0.000093750,0.000125000,0.000125000,0.000085937,16,0.000140625,0.000140625,0.000125000,0.000125000,0.000125000,0.000140625,16,0.000109375,0.000109375,0.000125000,0.000125000,0.000125000,0.000109375,16
1765349825.743241,2025-12-10 14:57:05,-0.000125000,0.000000000,0.000000000,0.000000000,0.000000000,-0.000125000,16,0.000000000,0.000000000,0.000000000,0.000000000,0.000000000,0.000000000,16,0.000109375,0.000109375,0.000125000,0.000125000,0.000125000,0.000109375,16,0.000046875,0.000046875,0.000062500,0.000062500,0.000000000,0.000046875,16,0.000070313,0.000078125,0.000062500,0.000062500,0.000125000,0.000070313,16,0.000070313,0.000062500,0.000062500,0.000062500,0.000000000,0.000070313,16,0.000132813,0.000140625,0.000125000,0.000125000,0.000125000,0.000132813,16,0.000109375,0.000109375,0.000125000,0.000125000,0.000125000,0.000109375,16
1765349836.5884526,2025-12-10 14:57:16,-0.000125000,-0.000250000,0.000000000,0.000000000,0.000000000,-0.000125000,16,0.000000000,0.000000000,0.000000000,0.000000000,0.000000000,0.000000000,16,0.000125000,0.000125000,0.000093750,0.000125000,0.000125000,0.000125000,16,0.000070313,0.000062500,0.000062500,0.000062500,0.000125000,0.000070313,16,0.000109375,0.000109375,0.000125000,0.000125000,0.000125000,0.000109375,16,0.000085937,0.000093750,0.000093750,0.000062500,0.000125000,0.000085937,16,0.000148437,0.000140625,0.000156250,0.000125000,0.000125000,0.000148437,16,0.000125000,0.000109375,0.000125000,0.000125000,0.000125000,0.000125000,16
1765349847.435217,2025-12-10 14:57:27,-0.000125000,-0.000250000,0.000000000,0.000000000,0.000000000,-0.000125000,16,0.000000000,0.000000000,0.000000000,0.000000000,0.000000000,0.000000000,16,0.000132813,0.000125000,0.000125000,0.000125000,0.000125000,0.000132813,16,0.000070313,0.000078125,0.000093750,0.000062500,0.000000000,0.000070313,16,0.000125000,0.000125000,0.000125000,0.000125000,0.000125000,0.000125000,16,0.000101563,0.000109375,0.000093750,0.000125000,0.000125000,0.000101563,16,0.000148437,0.000156250,0.000156250,0.000125000,0.000125000,0.000148437,16,0.000132813,0.000140625,0.000125000,0.000125000,0.000125000,0.000132813,16
1765349858.2813416,2025-12-10 14:57:38,-0.000125000,-0.000250000,0.000000000,0.000000000,0.000000000,-0.000125000,16,0.000000000,0.000000000,0.000000000,0.000000000,0.000000000,0.000000000,16,0.000117187,0.000109375,0.000125000,0.000125000,0.000125000,0.000117187,16,0.000070313,0.000062500,0.000062500,0.000062500,0.000125000,0.000070313,16,0.000132813,0.000140625,0.000156250,0.000125000,0.000125000,0.000132813,16,0.000109375,0.000109375,0.000125000,0.000125000,0.000125000,0.000109375,16,0.000148437,0.000140625,0.000156250,0.000125000,0.000125000,0.000148437,16,0.000140625,0.000140625,0.000156250,0.000125000,0.000125000,0.000140625,16
1765349869.1293097,2025-12-10 14:57:49,-0.000125000,0.000000000,0.000000000,0.000000000,0.000000000,-0.000125000,16,0.000000000,0.000000000,0.000000000,0.000000000,0.000000000,0.000000000,16,0.000109375,0.000109375,0.000125000,0.000125000,0.000000000,0.000109375,16,0.000062500,0.000062500,0.000062500,0.000062500,0.000000000,0.000062500,16,0.000125000,0.000125000,0.000125000,0.000125000,0.000125000,0.000125000,16,0.000101563,0.000093750,0.000093750,0.000125000,0.000125000,0.000101563,16,0.000132813,0.000140625,0.000125000,0.000125000,0.000125000,0.000132813,16,0.000125000,0.000125000,0.000125000,0.000125000,0.000125000,0.000125000,16
1765349879.977957,2025-12-10 14:57:59,-0.000125000,-0.000250000,0.000000000,0.000000000,0.000000000,-0.000125000,16,0.000000000,0.000000000,0.000000000,0.000000000,0.000000000,0.000000000,16,0.000078125,0.000078125,0.000062500,0.000062500,0.000125000,0.000078125,16,0.000007813,0.000015625,0.000000000,0.000000000,0.000000000,0.000007813,16,0.000070313,0.000078125,0.000062500,0.000062500,0.000125000,0.000070313,16,0.000046875,0.000046875,0.000062500,0.000062500,0.000125000,0.000046875,16,0.000117187,0.000109375,0.000125000,0.000125000,0.000125000,0.000117187,16,0.000070313,0.000062500,0.000093750,0.000062500,0.000125000,0.000070313,16
1765349890.8272164,2025-12-10 14:58:10,-0.000125000,-0.000250000,0.000000000,0.000000000,0.000000000,-0.000125000,16,0.000000000,0.000000000,0.000000000,0.000000000,0.000000000,0.000000000,16,0.000117187,0.000109375,0.000125000,0.000125000,0.000125000,0.000117187,16,0.000054688,0.000062500,0.000062500,0.000062500,0.000125000,0.000054688,16,0.000125000,0.000125000,0.000125000,0.000125000,0.000125000,0.000125000,16,0.000101563,0.000093750,0.000093750,0.000125000,0.000125000,0.000101563,16,0.000140625,0.000140625,0.000156250,0.000125000,0.000125000,0.000140625,16,0.000132813,0.000140625,0.000125000,0.000125000,0.000125000,0.000132813,16
1765349901.6749275,2025-12-10 14:58:21,-0.000125000,0.000000000,0.000000000,0.000000000,0.000000000,-0.000125000,16,0.000000000,0.000000000,0.000000000,0.000000000,0.000000000,0.000000000,16,0.000109375,0.000109375,0.000125000,0.000125000,0.000125000,0.000109375,16,0.000062500,0.000062500,0.000062500,0.000062500,0.000125000,0.000062500,16,0.000101563,0.000093750,0.000125000,0.000062500,0.000125000,0.000101563,16,0.000085937,0.000078125,0.000062500,0.000062500,0.000125000,0.000085937,16,0.000140625,0.000140625,0.000156250,0.000125000,0.000125000,0.000140625,16,0.000109375,0.000109375,0.000125000,0.000125000,0.000125000,0.000109375,16
1765349912.5228956,2025-12-10 14:58:32,-0.000125000,0.000000000,0.000000000,0.000000000,0.000000000,-0.000125000,16,0.000000000,0.000000000,0.000000000,0.000000000,0.000000000,0.000000000,16,0.000109375,0.000109375,0.000125000,0.000125000,0.000125000,0.000109375,16,0.000062500,0.000062500,0.000062500,0.000062500,0.000000000,0.000062500,16,0.000125000,0.000125000,0.000125000,0.000125000,0.000125000,0.000125000,16,0.000101563,0.000093750,0.000093750,0.000125000,0.000125000,0.000101563,16,0.000132813,0.000125000,0.000125000,0.000125000,0.000125000,0.000132813,16,0.000109375,0.000109375,0.000125000,0.000125000,0.000125000,0.000109375,16
1765349923.3692732,2025-12-10 14:58:43,-0.000125000,0.000000000,0.000000000,0.000000000,0.000000000,-0.000125000,16,0.000000000,0.000000000,0.000000000,0.000000000,0.000000000,0.000000000,16,0.000117187,0.000109375,0.000125000,0.000125000,0.000125000,0.000117187,16,0.000070313,0.000062500,0.000062500,0.000062500,0.000125000,0.000070313,16,0.000132813,0.000140625,0.000125000,0.000125000,0.000125000,0.000132813,16,0.000101563,0.000093750,0.000125000,0.000125000,0.000125000,0.000101563,16,0.000132813,0.000140625,0.000125000,0.000125000,0.000125000,0.000132813,16,0.000125000,0.000125000,0.000125000,0.000125000,0.000125000,0.000125000,16
1765349934.2165532,2025-12-10 14:58:54,-0.000125000,0.000000000,0.000000000,0.000000000,0.000000000,-0.000125000,16,0.000000000,0.000000000,0.000000000,0.000000000,0.000000000,0.000000000,16,0.000101563,0.000109375,0.000093750,0.000125000,0.000125000,0.000101563,16,0.000062500,0.000062500,0.000062500,0.000062500,0.000000000,0.000062500,16,0.000117187,0.000125000,0.000125000,0.000125000,0.000125000,0.000117187,16,0.000078125,0.000078125,0.000093750,0.000125000,0.000125000,0.000078125,16,0.000132813,0.000140625,0.000125000,0.000125000,0.000125000,0.000132813,16,0.000132813,0.000125000,0.000156250,0.000125000,0.000125000,0.000132813,16
1765349945.063334,2025-12-10 14:59:05,-0.000125000,0.000000000,0.000000000,0.000000000,0.000000000,-0.000125000,16,0.000000000,0.000000000,0.000000000,0.000000000,0.000000000,0.000000000,16,0.000085937,0.000093750,0.000093750,0.000125000,0.000125000,0.000085937,16,0.000039063,0.000031250,0.000031250,0.000062500,0.000000000,0.000039063,16,0.000101563,0.000093750,0.000093750,0.000062500,0.000125000,0.000101563,16,0.000085937,0.000078125,0.000093750,0.000062500,0.000000000,0.000085937,16,0.000117187,0.000125000,0.000125000,0.000125000,0.000125000,0.000117187,16,0.000117187,0.000109375,0.000125000,0.000125000,0.000125000,0.000117187,16
1765349955.907472,2025-12-10 14:59:15,-0.000125000,0.000000000,0.000000000,0.000000000,0.000000000,-0.000125000,16,0.000000000,0.000000000,0.000000000,0.000000000,0.000000000,0.000000000,16,0.000109375,0.000109375,0.000093750,0.000125000,0.000125000,0.000109375,16,0.000062500,0.000062500,0.000062500,0.000062500,0.000000000,0.000062500,16,0.000140625,0.000140625,0.000156250,0.000125000,0.000125000,0.000140625,16,0.000093750,0.000093750,0.000093750,0.000125000,0.000125000,0.000093750,16,0.000132813,0.000125000,0.000125000,0.000125000,0.000125000,0.000132813,16,0.000117187,0.000109375,0.000125000,0.000125000,0.000125000,0.000117187,16
1765349966.7532964,2025-12-10 14:59:26,-0.000125000,0.000000000,0.000000000,0.000000000,0.000000000,-0.000125000,16,0.000000000,0.000000000,0.000000000,0.000000000,0.000000000,0.000000000,16,0.000101563,0.000093750,0.000093750,0.000125000,0.000125000,0.000101563,16,0.000054688,0.000046875,0.000062500,0.000062500,0.000125000,0.000054688,16,0.000132813,0.000125000,0.000125000,0.000125000,0.000125000,0.000132813,16,0.000093750,0.000093750,0.000093750,0.000125000,0.000125000,0.000093750,16,0.000125000,0.000125000,0.000125000,0.000125000,0.000125000,0.000125000,16,0.000117187,0.000109375,0.000125000,0.000125000,0.000125000,0.000117187,16
1765349977.599433,2025-12-10 14:59:37,-0.000125000,0.000000000,0.000000000,0.000000000,0.000000000,-0.000125000,16,0.000000000,0.000000000,0.000000000,0.000000000,0.000000000,0.000000000,16,0.000101563,0.000109375,0.000093750,0.000125000,0.000125000,0.000101563,16,0.000070313,0.000062500,0.000062500,0.000062500,0.000125000,0.000070313,16,0.000125000,0.000125000,0.000125000,0.000125000,0.000125000,0.000125000,16,0.000093750,0.000093750,0.000093750,0.000125000,0.000125000,0.000093750,16,0.000132813,0.000140625,0.000125000,0.000125000,0.000125000,0.000132813,16,0.000132813,0.000125000,0.000125000,0.000125000,0.000125000,0.000132813,16
1765349988.4450855,2025-12-10 14:59:48,-0.000125000,-0.000250000,0.000000000,0.000000000,0.000000000,-0.000125000,16,0.000000000,0.000000000,0.000000000,0.000000000,0.000000000,0.000000000,16,0.000101563,0.000093750,0.000093750,0.000125000,0.000125000,0.000101563,16,0.000054688,0.000062500,0.000062500,0.000062500,0.000000000,0.000054688,16,0.000117187,0.000109375,0.000125000,0.000125000,0.000125000,0.000117187,16,0.000085937,0.000093750,0.000093750,0.000062500,0.000000000,0.000085937,16,0.000125000,0.000140625,0.000125000,0.000125000,0.000125000,0.000125000,16,0.000117187,0.000109375,0.000125000,0.000125000,0.000125000,0.000117187,16
1765349999.2895617,2025-12-10 14:59:59,-0.000125000,0.000000000,0.000000000,0.000000000,0.000000000,-0.000125000,16,0.000000000,0.000000000,0.000000000,0.000000000,0.000000000,0.000000000,16,0.000093750,0.000093750,0.000093750,0.000062500,0.000125000,0.000093750,16,0.000039063,0.000031250,0.000031250,0.000062500,0.000000000,0.000039063,16,0.000078125,0.000078125,0.000093750,0.000062500,0.000125000,0.000078125,16,0.000062500,0.000062500,0.000062500,0.000062500,0.000125000,0.000062500,16,0.000125000,0.000125000,0.000125000,0.000125000,0.000125000,0.000125000,16,0.000093750,0.000093750,0.000093750,0.000125000,0.000125000,0.000093750,16
1765350010.134512,2025-12-10 15:00:10,-0.000125000,0.000000000,0.000000000,0.000000000,0.000000000,-0.000125000,16,0.000000000,0.000000000,0.000000000,0.000000000,0.000000000,0.000000000,16,0.000101563,0.000109375,0.000093750,0.000125000,0.000125000,0.000101563,16,0.000054688,0.000046875,0.000031250,0.000062500,0.000000000,0.000054688,16,0.000093750,0.000109375,0.000093750,0.000125000,0.000125000,0.000093750,16,0.000070313,0.000062500,0.000062500,0.000062500,0.000125000,0.000070313,16,0.000125000,0.000140625,0.000125000,0.000125000,0.000125000,0.000125000,16,0.000093750,0.000093750,0.000093750,0.000062500,0.000125000,0.000093750,16
1765350020.980024,2025-12-10 15:00:20,-0.000125000,-0.000250000,0.000000000,0.000000000,0.000000000,-0.000125000,16,0.000000000,0.000000000,0.000000000,0.000000000,0.000000000,0.000000000,16,0.000117187,0.000125000,0.000125000,0.000125000,0.000125000,0.000117187,16,0.000078125,0.000078125,0.000062500,0.000062500,0.000125000,0.000078125,16,0.000117187,0.000109375,0.000125000,0.000125000,0.000125000,0.000117187,16,0.000101563,0.000093750,0.000093750,0.000062500,0.000125000,0.000101563,16,0.000140625,0.000156250,0.000156250,0.000125000,0.000125000,0.000140625,16,0.000132813,0.000140625,0.000156250,0.000125000,0.000125000,0.000132813,16
1765350031.8271272,2025-12-10 15:00:31,-0.000125000,-0.000250000,0.000000000,0.000000000,0.000000000,-0.000125000,16,0.000000000,0.000000000,0.000000000,0.000000000,0.000000000,0.000000000,16,0.000101563,0.000093750,0.000093750,0.000125000,0.000125000,0.000101563,16,0.000046875,0.000046875,0.000031250,0.000062500,0.000125000,0.000046875,16,0.000101563,0.000109375,0.000125000,0.000125000,0.000125000,0.000101563,16,0.000070313,0.000078125,0.000062500,0.000062500,0.000125000,0.000070313,16,0.000140625,0.000140625,0.000156250,0.000125000,0.000125000,0.000140625,16,0.000132813,0.000125000,0.000125000,0.000125000,0.000125000,0.000132813,16
1765350042.6714044,2025-12-10 15:00:42,-0.000125000,0.000000000,0.000000000,0.000000000,0.000000000,-0.000125000,16,0.000000000,0.000000000,0.000000000,0.000000000,0.000000000,0.000000000,16,0.000109375,0.000109375,0.000125000,0.000125000,0.000125000,0.000109375,16,0.000046875,0.000046875,0.000062500,0.000062500,0.000125000,0.000046875,16,0.000101563,0.000093750,0.000093750,0.000125000,0.000000000,0.000101563,16,0.000070313,0.000078125,0.000093750,0.000062500,0.000125000,0.000070313,16,0.000125000,0.000125000,0.000125000,0.000125000,0.000125000,0.000125000,16,0.000109375,0.000109375,0.000093750,0.000125000,0.000125000,0.000109375,16
1765350053.518478,2025-12-10 15:00:53,-0.000125000,-0.000250000,0.000000000,0.000000000,0.000000000,-0.000125000,16,0.000000000,0.000000000,0.000000000,0.000000000,0.000000000,0.000000000,16,0.000109375,0.000109375,0.000093750,0.000125000,0.000125000,0.000109375,16,0.000062500,0.000062500,0.000062500,0.000062500,0.000000000,0.000062500,16,0.000125000,0.000125000,0.000125000,0.000125000,0.000125000,0.000125000,16,0.000101563,0.000093750,0.000093750,0.000062500,0.000125000,0.000101563,16,0.000140625,0.000140625,0.000156250,0.000125000,0.000125000,0.000140625,16,0.000140625,0.000140625,0.000156250,0.000125000,0.000125000,0.000140625,16
1765350064.3636255,2025-12-10 15:01:04,-0.000125000,-0.000250000,0.000000000,0.000000000,0.000000000,-0.000125000,16,0.000000000,0.000000000,0.000000000,0.000000000,0.000000000,0.000000000,16,0.000085937,0.000078125,0.000093750,0.000125000,0.000125000,0.000085937,16,0.000023438,0.000031250,0.000031250,0.000000000,0.000000000,0.000023438,16,0.000070313,0.000062500,0.000062500,0.000062500,0.000125000,0.000070313,16,0.000062500,0.000062500,0.000062500,0.000062500,0.000000000,0.000062500,16,0.000132813,0.000140625,0.000125000,0.000125000,0.000125000,0.000132813,16,0.000132813,0.000140625,0.000125000,0.000125000,0.000125000,0.000132813,16
1765350075.209328,2025-12-10 15:01:15,-0.000125000,0.000000000,0.000000000,0.000000000,0.000000000,-0.000125000,16,0.000000000,0.000000000,0.000000000,0.000000000,0.000000000,0.000000000,16,0.000109375,0.000109375,0.000125000,0.000125000,0.000125000,0.000109375,16,0.000054688,0.000046875,0.000062500,0.000062500,0.000000000,0.000054688,16,0.000101563,0.000109375,0.000125000,0.000125000,0.000125000,0.000101563,16,0.000093750,0.000078125,0.000093750,0.000062500,0.000125000,0.000093750,16,0.000132813,0.000140625,0.000125000,0.000125000,0.000125000,0.000132813,16,0.000109375,0.000109375,0.000093750,0.000125000,0.000125000,0.000109375,16
1765350086.0576804,2025-12-10 15:01:26,-0.000125000,0.000000000,0.000000000,0.000000000,0.000000000,-0.000125000,16,0.000000000,0.000000000,0.000000000,0.000000000,0.000000000,0.000000000,16,0.000093750,0.000093750,0.000093750,0.000125000,0.000000000,0.000093750,16,0.000023438,0.000031250,0.000031250,0.000000000,0.000000000,0.000023438,16,0.000078125,0.000078125,0.000093750,0.000062500,0.000125000,0.000078125,16,0.000054688,0.000062500,0.000062500,0.000062500,0.000125000,0.000054688,16,0.000101563,0.000109375,0.000093750,0.000062500,0.000125000,0.000101563,16,0.000062500,0.000078125,0.000062500,0.000062500,0.000000000,0.000062500,16
1765350096.9047277,2025-12-10 15:01:36,-0.000125000,0.000000000,0.000000000,0.000000000,0.000000000,-0.000125000,16,0.000000000,0.000000000,0.000000000,0.000000000,0.000000000,0.000000000,16,0.000109375,0.000109375,0.000093750,0.000125000,0.000125000,0.000109375,16,0.000046875,0.000046875,0.000062500,0.000062500,0.000125000,0.000046875,16,0.000062500,0.000062500,0.000062500,0.000062500,0.000125000,0.000062500,16,0.000046875,0.000046875,0.000062500,0.000062500,0.000125000,0.000046875,16,0.000125000,0.000125000,0.000125000,0.000125000,0.000125000,0.000125000,16,0.000070313,0.000062500,0.000093750,0.000062500,0.000125000,0.000070313,16
1765350107.752657,2025-12-10 15:01:47,-0.000125000,0.000000000,0.000000000,0.000000000,0.000000000,-0.000125000,16,0.000000000,0.000000000,0.000000000,0.000000000,0.000000000,0.000000000,16,0.000125000,0.000125000,0.000125000,0.000125000,0.000125000,0.000125000,16,0.000062500,0.000062500,0.000062500,0.000062500,0.000000000,0.000062500,16,0.000109375,0.000109375,0.000093750,0.000125000,0.000125000,0.000109375,16,0.000085937,0.000093750,0.000062500,0.000125000,0.000125000,0.000085937,16,0.000148437,0.000140625,0.000125000,0.000187500,0.000125000,0.000148437,16,0.000132813,0.000140625,0.000156250,0.000125000,0.000125000,0.000132813,16
1765350118.5990582,2025-12-10 15:01:58,-0.000125000,-0.000250000,0.000000000,0.000000000,0.000000000,-0.000125000,16,0.000000000,0.000000000,0.000000000,0.000000000,0.000000000,0.000000000,16,0.000117187,0.000125000,0.000125000,0.000125000,0.000125000,0.000117187,16,0.000078125,0.000078125,0.000062500,0.000062500,0.000125000,0.000078125,16,0.000132813,0.000125000,0.000125000,0.000125000,0.000125000,0.000132813,16,0.000109375,0.000109375,0.000125000,0.000125000,0.000125000,0.000109375,16,0.000148437,0.000156250,0.000156250,0.000125000,0.000125000,0.000148437,16,0.000148437,0.000140625,0.000156250,0.000125000,0.000125000,0.000148437,16
1765350129.447638,2025-12-10 15:02:09,-0.000125000,0.000000000,0.000000000,0.000000000,0.000000000,-0.000125000,16,0.000000000,0.000000000,0.000000000,0.000000000,0.000000000,0.000000000,16,0.000109375,0.000109375,0.000093750,0.000125000,0.000125000,0.000109375,16,0.000046875,0.000062500,0.000062500,0.000062500,0.000000000,0.000046875,16,0.000109375,0.000093750,0.000093750,0.000125000,0.000125000,0.000109375,16,0.000078125,0.000078125,0.000062500,0.000062500,0.000125000,0.000078125,16,0.000125000,0.000125000,0.000125000,0.000125000,0.000125000,0.000125000,16,0.000117187,0.000109375,0.000125000,0.000125000,0.000125000,0.000117187,16
1765350140.294988,2025-12-10 15:02:20,-0.000125000,0.000000000,0.000000000,0.000000000,0.000000000,-0.000125000,16,0.000000000,0.000000000,0.000000000,0.000000000,0.000000000,0.000000000,16,0.000109375,0.000109375,0.000093750,0.000125000,0.000125000,0.000109375,16,0.000054688,0.000062500,0.000062500,0.000062500,0.000000000,0.000054688,16,0.000125000,0.000125000,0.000125000,0.000125000,0.000125000,0.000125000,16,0.000085937,0.000093750,0.000093750,0.000062500,0.000125000,0.000085937,16,0.000132813,0.000125000,0.000125000,0.000125000,0.000125000,0.000132813,16,0.000132813,0.000125000,0.000125000,0.000125000,0.000125000,0.000132813,16
1765350151.139541,2025-12-10 15:02:31,-0.000125000,0.000000000,0.000000000,0.000000000,0.000000000,-0.000125000,16,0.000000000,0.000000000,0.000000000,0.000000000,0.000000000,0.000000000,16,0.000093750,0.000093750,0.000093750,0.000062500,0.000125000,0.000093750,16,0.000023438,0.000031250,0.000031250,0.000062500,0.000000000,0.000023438,16,0.000070313,0.000062500,0.000062500,0.000062500,0.000125000,0.000070313,16,0.000062500,0.000062500,0.000062500,0.000062500,0.000000000,0.000062500,16,0.000117187,0.000109375,0.000125000,0.000125000,0.000125000,0.000117187,16,0.000093750,0.000093750,0.000093750,0.000125000,0.000125000,0.000093750,16
1765350161.9867766,2025-12-10 15:02:41,-0.000125000,0.000000000,0.000000000,0.000000000,0.000000000,-0.000125000,16,0.000000000,0.000000000,0.000000000,0.000000000,0.000000000,0.000000000,16,0.000101563,0.000109375,0.000093750,0.000125000,0.000125000,0.000101563,16,0.000031250,0.000031250,0.000031250,0.000062500,0.000000000,0.000031250,16,0.000078125,0.000093750,0.000093750,0.000125000,0.000125000,0.000078125,16,0.000062500,0.000062500,0.000062500,0.000062500,0.000000000,0.000062500,16,0.000125000,0.000125000,0.000125000,0.000125000,0.000125000,0.000125000,16,0.000101563,0.000093750,0.000093750,0.000125000,0.000125000,0.000101563,16
1765350172.8321662,2025-12-10 15:02:52,-0.000125000,0.000000000,0.000000000,0.000000000,0.000000000,-0.000125000,16,0.000000000,0.000000000,0.000000000,0.000000000,0.000000000,0.000000000,16,0.000101563,0.000109375,0.000093750,0.000125000,0.000125000,0.000101563,16,0.000039063,0.000046875,0.000031250,0.000000000,0.000000000,0.000039063,16,0.000101563,0.000109375,0.000093750,0.000125000,0.000125000,0.000101563,16,0.000070313,0.000078125,0.000062500,0.000062500,0.000125000,0.000070313,16,0.000125000,0.000125000,0.000125000,0.000125000,0.000125000,0.000125000,16,0.000093750,0.000093750,0.000093750,0.000062500,0.000125000,0.000093750,16
1765350183.676095,2025-12-10 15:03:03,-0.000125000,0.000000000,0.000000000,0.000000000,0.000000000,-0.000125000,16,0.000000000,0.000000000,0.000000000,0.000000000,0.000000000,0.000000000,16,0.000109375,0.000109375,0.000125000,0.000125000,0.000125000,0.000109375,16,0.000062500,0.000062500,0.000062500,0.000062500,0.000125000,0.000062500,16,0.000125000,0.000125000,0.000125000,0.000125000,0.000125000,0.000125000,16,0.000078125,0.000078125,0.000093750,0.000062500,0.000125000,0.000078125,16,0.000132813,0.000140625,0.000125000,0.000125000,0.000125000,0.000132813,16,0.000125000,0.000125000,0.000125000,0.000125000,0.000125000,0.000125000,16
1765350194.5212367,2025-12-10 15:03:14,-0.000125000,0.000000000,0.000000000,0.000000000,0.000000000,-0.000125000,16,0.000000000,0.000000000,0.000000000,0.000000000,0.000000000,0.000000000,16,0.000117187,0.000109375,0.000125000,0.000125000,0.000125000,0.000117187,16,0.000054688,0.000062500,0.000062500,0.000062500,0.000000000,0.000054688,16,0.000109375,0.000109375,0.000125000,0.000125000,0.000125000,0.000109375,16,0.000085937,0.000078125,0.000062500,0.000125000,0.000125000,0.000085937,16,0.000132813,0.000140625,0.000125000,0.000125000,0.000125000,0.000132813,16,0.000125000,0.000140625,0.000125000,0.000125000,0.000125000,0.000125000,16
1765350205.3678823,2025-12-10 15:03:25,-0.000125000,0.000000000,0.000000000,0.000000000,0.000000000,-0.000125000,16,0.000000000,0.000000000,0.000000000,0.000000000,0.000000000,0.000000000,16,0.000101563,0.000093750,0.000093750,0.000125000,0.000125000,0.000101563,16,0.000046875,0.000046875,0.000031250,0.000062500,0.000000000,0.000046875,16,0.000101563,0.000093750,0.000093750,0.000062500,0.000125000,0.000101563,16,0.000078125,0.000078125,0.000062500,0.000062500,0.000125000,0.000078125,16,0.000117187,0.000125000,0.000125000,0.000125000,0.000125000,0.000117187,16,0.000109375,0.000109375,0.000125000,0.000125000,0.000125000,0.000109375,16
1765350216.2137756,2025-12-10 15:03:36,0.000000000,0.000000000,0.000000000,0.000000000,0.000000000,0.000000000,16,0.000000000,0.000000000,0.000000000,0.000000000,0.000000000,0.000000000,16,0.000109375,0.000109375,0.000093750,0.000062500,0.000125000,0.000109375,16,0.000031250,0.000031250,0.000031250,0.000062500,0.000000000,0.000031250,16,0.000109375,0.000109375,0.000093750,0.000062500,0.000125000,0.000109375,16,0.000070313,0.000078125,0.000062500,0.000062500,0.000125000,0.000070313,16,0.000117187,0.000125000,0.000093750,0.000125000,0.000125000,0.000117187,16,0.000093750,0.000093750,0.000093750,0.000125000,0.000125000,0.000093750,16
1765350227.0586221,2025-12-10 15:03:47,-0.000125000,0.000000000,0.000000000,0.000000000,0.000000000,-0.000125000,16,0.000000000,0.000000000,0.000000000,0.000000000,0.000000000,0.000000000,16,0.000101563,0.000093750,0.000093750,0.000125000,0.000125000,0.000101563,16,0.000046875,0.000046875,0.000062500,0.000062500,0.000000000,0.000046875,16,0.000093750,0.000093750,0.000093750,0.000062500,0.000125000,0.000093750,16,0.000054688,0.000062500,0.000062500,0.000062500,0.000125000,0.000054688,16,0.000117187,0.000125000,0.000125000,0.000125000,0.000125000,0.000117187,16,0.000117187,0.000125000,0.000125000,0.000125000,0.000125000,0.000117187,16
1765350237.9043493,2025-12-10 15:03:57,-0.000125000,0.000000000,0.000000000,0.000000000,0.000000000,-0.000125000,16,0.000000000,0.000000000,0.000000000,0.000000000,0.000000000,0.000000000,16,0.000101563,0.000093750,0.000093750,0.000125000,0.000125000,0.000101563,16,0.000062500,0.000062500,0.000062500,0.000062500,0.000000000,0.000062500,16,0.000117187,0.000109375,0.000125000,0.000125000,0.000125000,0.000117187,16,0.000085937,0.000093750,0.000093750,0.000125000,0.000125000,0.000085937,16,0.000132813,0.000140625,0.000125000,0.000125000,0.000250000,0.000132813,16,0.000132813,0.000125000,0.000125000,0.000125000,0.000125000,0.000132813,16
1765350248.7503498,2025-12-10 15:04:08,-0.000125000,-0.000250000,0.000000000,0.000000000,0.000000000,-0.000125000,16,0.000000000,0.000000000,0.000000000,0.000000000,0.000000000,0.000000000,16,0.000093750,0.000093750,0.000093750,0.000062500,0.000125000,0.000093750,16,0.000007813,0.000000000,0.000000000,0.000000000,0.000000000,0.000007813,16,0.000062500,0.000062500,0.000062500,0.000062500,0.000125000,0.000062500,16,0.000054688,0.000046875,0.000031250,0.000062500,0.000000000,0.000054688,16,0.000125000,0.000125000,0.000125000,0.000125000,0.000125000,0.000125000,16,0.000132813,0.000125000,0.000125000,0.000125000,0.000125000,0.000132813,16
1765350259.5966022,2025-12-10 15:04:19,-0.000125000,0.000000000,0.000000000,0.000000000,0.000000000,-0.000125000,16,0.000000000,0.000000000,0.000000000,0.000000000,0.000000000,0.000000000,16,0.000093750,0.000093750,0.000093750,0.000125000,0.000125000,0.000093750,16,0.000023438,0.000015625,0.000031250,0.000000000,0.000000000,0.000023438,16,0.000062500,0.000062500,0.000062500,0.000062500,0.000000000,0.000062500,16,0.000046875,0.000046875,0.000031250,0.000062500,0.000000000,0.000046875,16,0.000117187,0.000109375,0.000125000,0.000125000,0.000125000,0.000117187,16,0.000078125,0.000078125,0.000093750,0.000062500,0.000125000,0.000078125,16
1765350270.439878,2025-12-10 15:04:30,-0.000125000,0.000000000,0.000000000,0.000000000,0.000000000,-0.000125000,16,0.000000000,0.000000000,0.000000000,0.000000000,0.000000000,0.000000000,16,0.000109375,0.000125000,0.000125000,0.000125000,0.000125000,0.000109375,16,0.000054688,0.000062500,0.000062500,0.000062500,0.000000000,0.000054688,16,0.000101563,0.000109375,0.000125000,0.000125000,0.000125000,0.000101563,16,0.000085937,0.000093750,0.000093750,0.000125000,0.000125000,0.000085937,16,0.000140625,0.000140625,0.000125000,0.000125000,0.000125000,0.000140625,16,0.000109375,0.000109375,0.000125000,0.000125000,0.000125000,0.000109375,16
1765350281.2864783,2025-12-10 15:04:41,-0.000125000,0.000000000,0.000000000,0.000000000,0.000000000,-0.000125000,16,0.000000000,0.000000000,0.000000000,0.000000000,0.000000000,0.000000000,16,0.000109375,0.000109375,0.000125000,0.000125000,0.000125000,0.000109375,16,0.000039063,0.000046875,0.000031250,0.000062500,0.000000000,0.000039063,16,0.000093750,0.000093750,0.000093750,0.000125000,0.000125000,0.000093750,16,0.000070313,0.000078125,0.000062500,0.000062500,0.000125000,0.000070313,16,0.000132813,0.000125000,0.000125000,0.000125000,0.000125000,0.000132813,16,0.000093750,0.000093750,0.000093750,0.000125000,0.000125000,0.000093750,16
1765350292.130674,2025-12-10 15:04:52,-0.000125000,0.000000000,0.000000000,0.000000000,0.000000000,-0.000125000,16,0.000000000,0.000000000,0.000000000,0.000000000,0.000000000,0.000000000,16,0.000109375,0.000109375,0.000093750,0.000125000,0.000125000,0.000109375,16,0.000039063,0.000046875,0.000031250,0.000062500,0.000000000,0.000039063,16,0.000085937,0.000078125,0.000093750,0.000125000,0.000125000,0.000085937,16,0.000070313,0.000062500,0.000062500,0.000062500,0.000000000,0.000070313,16,0.000132813,0.000125000,0.000125000,0.000125000,0.000125000,0.000132813,16,0.000101563,0.000093750,0.000093750,0.000062500,0.000125000,0.000101563,16
1765350302.9781332,2025-12-10 15:05:02,-0.000125000,0.000000000,0.000000000,0.000000000,0.000000000,-0.000125000,16,0.000000000,0.000000000,0.000000000,0.000000000,0.000000000,0.000000000,16,0.000117187,0.000125000,0.000125000,0.000125000,0.000125000,0.000117187,16,0.000070313,0.000062500,0.000062500,0.000062500,0.000125000,0.000070313,16,0.000101563,0.000109375,0.000093750,0.000125000,0.000125000,0.000101563,16,0.000085937,0.000093750,0.000093750,0.000062500,0.000125000,0.000085937,16,0.000148437,0.000140625,0.000156250,0.000125000,0.000125000,0.000148437,16,0.000109375,0.000109375,0.000125000,0.000125000,0.000125000,0.000109375,16
1765350313.8247876,2025-12-10 15:05:13,-0.000125000,0.000000000,0.000000000,0.000000000,0.000000000,-0.000125000,16,0.000000000,0.000000000,0.000000000,0.000000000,0.000000000,0.000000000,16,0.000117187,0.000109375,0.000125000,0.000125000,0.000125000,0.000117187,16,0.000062500,0.000062500,0.000062500,0.000062500,0.000000000,0.000062500,16,0.000093750,0.000093750,0.000093750,0.000062500,0.000125000,0.000093750,16,0.000078125,0.000078125,0.000093750,0.000062500,0.000125000,0.000078125,16,0.000125000,0.000140625,0.000125000,0.000125000,0.000125000,0.000125000,16,0.000101563,0.000093750,0.000093750,0.000125000,0.000125000,0.000101563,16
1765350324.6713357,2025-12-10 15:05:24,-0.000125000,-0.000250000,0.000000000,0.000000000,0.000000000,-0.000125000,16,0.000000000,0.000000000,0.000000000,0.000000000,0.000000000,0.000000000,16,0.000125000,0.000125000,0.000125000,0.000125000,0.000125000,0.000125000,16,0.000078125,0.000062500,0.000062500,0.000062500,0.000000000,0.000078125,16,0.000101563,0.000109375,0.000093750,0.000125000,0.000125000,0.000101563,16,0.000093750,0.000093750,0.000093750,0.000125000,0.000125000,0.000093750,16,0.000148437,0.000156250,0.000125000,0.000125000,0.000125000,0.000148437,16,0.000140625,0.000140625,0.000156250,0.000125000,0.000125000,0.000140625,16
1765350335.5220218,2025-12-10 15:05:35,-0.000125000,0.000000000,0.000000000,0.000000000,0.000000000,-0.000125000,16,0.000000000,0.000000000,0.000000000,0.000000000,0.000000000,0.000000000,16,0.000125000,0.000125000,0.000125000,0.000125000,0.000125000,0.000125000,16,0.000070313,0.000078125,0.000062500,0.000062500,0.000125000,0.000070313,16,0.000125000,0.000125000,0.000125000,0.000125000,0.000125000,0.000125000,16,0.000093750,0.000093750,0.000093750,0.000062500,0.000125000,0.000093750,16,0.000132813,0.000140625,0.000156250,0.000125000,0.000125000,0.000132813,16,0.000132813,0.000140625,0.000125000,0.000125000,0.000125000,0.000132813,16
1765350346.3672369,2025-12-10 15:05:46,-0.000125000,0.000000000,0.000000000,0.000000000,0.000000000,-0.000125000,16,0.000000000,0.000000000,0.000000000,0.000000000,0.000000000,0.000000000,16,0.000109375,0.000109375,0.000093750,0.000125000,0.000125000,0.000109375,16,0.000023438,0.000031250,0.000031250,0.000000000,0.000000000,0.000023438,16,0.000093750,0.000078125,0.000093750,0.000062500,0.000125000,0.000093750,16,0.000062500,0.000062500,0.000062500,0.000062500,0.000125000,0.000062500,16,0.000117187,0.000125000,0.000125000,0.000125000,0.000125000,0.000117187,16,0.000109375,0.000109375,0.000125000,0.000125000,0.000125000,0.000109375,16
1765350357.215227,2025-12-10 15:05:57,-0.000125000,0.000000000,0.000000000,0.000000000,0.000000000,-0.000125000,16,0.000000000,0.000000000,0.000000000,0.000000000,0.000000000,0.000000000,16,0.000109375,0.000109375,0.000125000,0.000125000,0.000125000,0.000109375,16,0.000070313,0.000062500,0.000062500,0.000062500,0.000000000,0.000070313,16,0.000093750,0.000078125,0.000093750,0.000062500,0.000125000,0.000093750,16,0.000078125,0.000078125,0.000093750,0.000062500,0.000125000,0.000078125,16,0.000132813,0.000140625,0.000156250,0.000125000,0.000125000,0.000132813,16,0.000117187,0.000125000,0.000125000,0.000125000,0.000125000,0.000117187,16
1765350368.0619152,2025-12-10 15:06:08,-0.000125000,0.000000000,0.000000000,0.000000000,0.000000000,-0.000125000,16,0.000000000,0.000000000,0.000000000,0.000000000,0.000000000,0.000000000,16,0.000117187,0.000109375,0.000093750,0.000125000,0.000125000,0.000117187,16,0.000054688,0.000062500,0.000062500,0.000062500,0.000000000,0.000054688,16,0.000125000,0.000125000,0.000125000,0.000125000,0.000125000,0.000125000,16,0.000101563,0.000093750,0.000093750,0.000125000,0.000125000,0.000101563,16,0.000132813,0.000140625,0.000125000,0.000125000,0.000125000,0.000132813,16,0.000125000,0.000125000,0.000125000,0.000125000,0.000125000,0.000125000,16
1765350378.9073858,2025-12-10 15:06:18,-0.000125000,0.000000000,0.000000000,0.000000000,0.000000000,-0.000125000,16,0.000000000,0.000000000,0.000000000,0.000000000,0.000000000,0.000000000,16,0.000085937,0.000093750,0.000093750,0.000062500,0.000125000,0.000085937,16,0.000039063,0.000046875,0.000062500,0.000062500,0.000125000,0.000039063,16,0.000054688,0.000062500,0.000062500,0.000062500,0.000000000,0.000054688,16,0.000046875,0.000046875,0.000062500,0.000062500,0.000000000,0.000046875,16,0.000117187,0.000109375,0.000125000,0.000125000,0.000125000,0.000117187,16,0.000085937,0.000093750,0.000093750,0.000125000,0.000125000,0.000085937,16
1765350389.752623,2025-12-10 15:06:29,-0.000125000,0.000000000,0.000000000,0.000000000,0.000000000,-0.000125000,16,0.000000000,0.000000000,0.000000000,0.000000000,0.000000000,0.000000000,16,0.000117187,0.000109375,0.000125000,0.000125000,0.000125000,0.000117187,16,0.000062500,0.000062500,0.000062500,0.000062500,0.000000000,0.000062500,16,0.000109375,0.000109375,0.000125000,0.000125000,0.000125000,0.000109375,16,0.000093750,0.000093750,0.000093750,0.000125000,0.000125000,0.000093750,16,0.000132813,0.000140625,0.000125000,0.000125000,0.000125000,0.000132813,16,0.000140625,0.000125000,0.000125000,0.000125000,0.000125000,0.000140625,16
1765350400.5981886,2025-12-10 15:06:40,-0.000125000,-0.000250000,0.000000000,0.000000000,0.000000000,-0.000125000,16,0.000000000,0.000000000,0.000000000,0.000000000,0.000000000,0.000000000,16,0.000109375,0.000125000,0.000093750,0.000125000,0.000125000,0.000109375,16,0.000062500,0.000062500,0.000062500,0.000062500,0.000125000,0.000062500,16,0.000117187,0.000109375,0.000125000,0.000125000,0.000125000,0.000117187,16,0.000093750,0.000093750,0.000093750,0.000062500,0.000125000,0.000093750,16,0.000125000,0.000125000,0.000125000,0.000125000,0.000125000,0.000125000,16,0.000132813,0.000140625,0.000125000,0.000125000,0.000125000,0.000132813,16
1765350411.4432182,2025-12-10 15:06:51,-0.000125000,0.000000000,0.000000000,0.000000000,0.000000000,-0.000125000,16,0.000000000,0.000000000,0.000000000,0.000000000,0.000000000,0.000000000,16,0.000109375,0.000093750,0.000093750,0.000125000,0.000125000,0.000109375,16,0.000046875,0.000046875,0.000062500,0.000062500,0.000000000,0.000046875,16,0.000085937,0.000093750,0.000093750,0.000062500,0.000125000,0.000085937,16,0.000062500,0.000062500,0.000062500,0.000062500,0.000000000,0.000062500,16,0.000109375,0.000109375,0.000125000,0.000125000,0.000125000,0.000109375,16,0.000109375,0.000109375,0.000093750,0.000062500,0.000000000,0.000109375,16
1765350422.2911003,2025-12-10 15:07:02,-0.000125000,0.000000000,0.000000000,0.000000000,0.000000000,-0.000125000,16,0.000000000,0.000000000,0.000000000,0.000000000,0.000000000,0.000000000,16,0.000093750,0.000093750,0.000093750,0.000125000,0.000125000,0.000093750,16,0.000046875,0.000046875,0.000031250,0.000062500,0.000000000,0.000046875,16,0.000078125,0.000078125,0.000093750,0.000062500,0.000125000,0.000078125,16,0.000062500,0.000062500,0.000062500,0.000062500,0.000000000,0.000062500,16,0.000117187,0.000109375,0.000093750,0.000125000,0.000125000,0.000117187,16,0.000093750,0.000093750,0.000093750,0.000062500,0.000125000,0.000093750,16
1765350433.1350472,2025-12-10 15:07:13,-0.000125000,0.000000000,0.000000000,0.000000000,0.000000000,-0.000125000,16,0.000000000,0.000000000,0.000000000,0.000000000,0.000000000,0.000000000,16,0.000109375,0.000109375,0.000125000,0.000125000,0.000125000,0.000109375,16,0.000062500,0.000062500,0.000062500,0.000062500,0.000000000,0.000062500,16,0.000109375,0.000125000,0.000093750,0.000125000,0.000125000,0.000109375,16,0.000085937,0.000093750,0.000093750,0.000125000,0.000000000,0.000085937,16,0.000117187,0.000125000,0.000125000,0.000125000,0.000125000,0.000117187,16,0.000117187,0.000125000,0.000125000,0.000125000,0.000125000,0.000117187,16
1765350443.9816086,2025-12-10 15:07:23,-0.000125000,0.000000000,0.000000000,0.000000000,0.000000000,-0.000125000,16,0.000000000,0.000000000,0.000000000,0.000000000,0.000000000,0.000000000,16,0.000101563,0.000093750,0.000093750,0.000062500,0.000125000,0.000101563,16,0.000062500,0.000062500,0.000062500,0.000062500,0.000125000,0.000062500,16,0.000117187,0.000109375,0.000125000,0.000125000,0.000125000,0.000117187,16,0.000093750,0.000093750,0.000093750,0.000062500,0.000125000,0.000093750,16,0.000117187,0.000125000,0.000125000,0.000125000,0.000125000,0.000117187,16,0.000125000,0.000125000,0.000125000,0.000125000,0.000125000,0.000125000,16
1765350454.8277872,2025-12-10 15:07:34,-0.000125000,0.000000000,0.000000000,0.000000000,0.000000000,-0.000125000,16,0.000000000,0.000000000,0.000000000,0.000000000,0.000000000,0.000000000,16,0.000093750,0.000093750,0.000093750,0.000125000,0.000125000,0.000093750,16,0.000054688,0.000062500,0.000062500,0.000062500,0.000000000,0.000054688,16,0.000101563,0.000093750,0.000093750,0.000125000,0.000125000,0.000101563,16,0.000078125,0.000078125,0.000062500,0.000062500,0.000125000,0.000078125,16,0.000109375,0.000109375,0.000125000,0.000125000,0.000125000,0.000109375,16,0.000093750,0.000093750,0.000093750,0.000125000,0.000125000,0.000093750,16
1765350465.6742713,2025-12-10 15:07:45,-0.000125000,0.000000000,0.000000000,0.000000000,0.000000000,-0.000125000,16,0.000000000,0.000000000,0.000000000,0.000000000,0.000000000,0.000000000,16,0.000078125,0.000078125,0.000093750,0.000062500,0.000125000,0.000078125,16,0.000046875,0.000046875,0.000031250,0.000062500,0.000000000,0.000046875,16,0.000070313,0.000078125,0.000062500,0.000062500,0.000000000,0.000070313,16,0.000046875,0.000062500,0.000062500,0.000062500,0.000000000,0.000046875,16,0.000109375,0.000109375,0.000125000,0.000125000,0.000125000,0.000109375,16,0.000101563,0.000093750,0.000093750,0.000125000,0.000125000,0.000101563,16
1765350476.520542,2025-12-10 15:07:56,-0.000125000,0.000000000,0.000000000,0.000000000,0.000000000,-0.000125000,16,0.000000000,0.000000000,0.000000000,0.000000000,0.000000000,0.000000000,16,0.000109375,0.000109375,0.000093750,0.000125000,0.000125000,0.000109375,16,0.000054688,0.000062500,0.000062500,0.000062500,0.000125000,0.000054688,16,0.000132813,0.000125000,0.000125000,0.000125000,0.000125000,0.000132813,16,0.000093750,0.000093750,0.000093750,0.000125000,0.000125000,0.000093750,16,0.000125000,0.000125000,0.000125000,0.000125000,0.000125000,0.000125000,16,0.000117187,0.000125000,0.000125000,0.000125000,0.000125000,0.000117187,16
1765350487.364063,2025-12-10 15:08:07,0.000000000,0.000000000,0.000000000,0.000000000,0.000000000,0.000000000,16,0.000000000,0.000000000,0.000000000,0.000000000,0.000000000,0.000000000,16,0.000093750,0.000093750,0.000093750,0.000062500,0.000125000,0.000093750,16,0.000046875,0.000046875,0.000062500,0.000062500,0.000000000,0.000046875,16,0.000085937,0.000078125,0.000093750,0.000062500,0.000125000,0.000085937,16,0.000062500,0.000062500,0.000062500,0.000062500,0.000125000,0.000062500,16,0.000109375,0.000109375,0.000093750,0.000125000,0.000125000,0.000109375,16,0.000085937,0.000093750,0.000093750,0.000125000,0.000125000,0.000085937,16
1765350498.2110739,2025-12-10 15:08:18,-0.000125000,0.000000000,0.000000000,0.000000000,0.000000000,-0.000125000,16,0.000000000,0.000000000,0.000000000,0.000000000,0.000000000,0.000000000,16,0.000101563,0.000093750,0.000093750,0.000125000,0.000125000,0.000101563,16,0.000046875,0.000046875,0.000062500,0.000062500,0.000000000,0.000046875,16,0.000070313,0.000078125,0.000062500,0.000062500,0.000125000,0.000070313,16,0.000054688,0.000046875,0.000062500,0.000062500,0.000125000,0.000054688,16,0.000101563,0.000109375,0.000093750,0.000125000,0.000125000,0.000101563,16,0.000101563,0.000093750,0.000093750,0.000125000,0.000125000,0.000101563,16
1765350509.056028,2025-12-10 15:08:29,-0.000125000,0.000000000,0.000000000,0.000000000,0.000000000,-0.000125000,16,0.000000000,0.000000000,0.000000000,0.000000000,0.000000000,0.000000000,16,0.000093750,0.000093750,0.000093750,0.000062500,0.000125000,0.000093750,16,0.000054688,0.000062500,0.000062500,0.000062500,0.000000000,0.000054688,16,0.000109375,0.000109375,0.000125000,0.000125000,0.000125000,0.000109375,16,0.000070313,0.000078125,0.000093750,0.000062500,0.000125000,0.000070313,16,0.000109375,0.000109375,0.000125000,0.000125000,0.000125000,0.000109375,16,0.000085937,0.000093750,0.000093750,0.000125000,0.000125000,0.000085937,16
1765350519.9031699,2025-12-10 15:08:39,-0.000125000,0.000000000,0.000000000,0.000000000,0.000000000,-0.000125000,16,0.000000000,0.000000000,0.000000000,0.000000000,0.000000000,0.000000000,16,0.000093750,0.000093750,0.000093750,0.000125000,0.000125000,0.000093750,16,0.000046875,0.000046875,0.000031250,0.000062500,0.000000000,0.000046875,16,0.000093750,0.000093750,0.000093750,0.000125000,0.000125000,0.000093750,16,0.000070313,0.000062500,0.000062500,0.000062500,0.000125000,0.000070313,16,0.000117187,0.000109375,0.000125000,0.000125000,0.000125000,0.000117187,16,0.000093750,0.000109375,0.000093750,0.000125000,0.000125000,0.000093750,16
1765350530.7476754,2025-12-10 15:08:50,-0.000125000,0.000000000,0.000000000,0.000000000,0.000000000,-0.000125000,16,0.000000000,0.000000000,0.000000000,0.000000000,0.000000000,0.000000000,16,0.000093750,0.000093750,0.000093750,0.000125000,0.000125000,0.000093750,16,0.000062500,0.000062500,0.000062500,0.000062500,0.000000000,0.000062500,16,0.000117187,0.000109375,0.000093750,0.000125000,0.000125000,0.000117187,16,0.000085937,0.000078125,0.000093750,0.000125000,0.000125000,0.000085937,16,0.000117187,0.000109375,0.000125000,0.000125000,0.000125000,0.000117187,16,0.000117187,0.000125000,0.000125000,0.000125000,0.000125000,0.000117187,16
1765350541.594346,2025-12-10 15:09:01,-0.000125000,0.000000000,0.000000000,0.000000000,0.000000000,-0.000125000,16,0.000000000,0.000000000,0.000000000,0.000000000,0.000000000,0.000000000,16,0.000093750,0.000093750,0.000093750,0.000062500,0.000125000,0.000093750,16,0.000062500,0.000062500,0.000062500,0.000062500,0.000000000,0.000062500,16,0.000109375,0.000109375,0.000125000,0.000125000,0.000125000,0.000109375,16,0.000078125,0.000078125,0.000062500,0.000062500,0.000000000,0.000078125,16,0.000117187,0.000109375,0.000125000,0.000125000,0.000125000,0.000117187,16,0.000125000,0.000109375,0.000125000,0.000125000,0.000125000,0.000125000,16
1765350552.4402068,2025-12-10 15:09:12,-0.000125000,0.000000000,0.000000000,0.000000000,0.000000000,-0.000125000,16,0.000000000,0.000000000,0.000000000,0.000000000,0.000000000,0.000000000,16,0.000070313,0.000062500,0.000062500,0.000062500,0.000125000,0.000070313,16,0.000000000,0.000000000,0.000000000,0.000000000,0.000000000,0.000000000,16,0.000054688,0.000062500,0.000062500,0.000062500,0.000000000,0.000054688,16,0.000039063,0.000046875,0.000031250,0.000062500,0.000000000,0.000039063,16,0.000101563,0.000093750,0.000093750,0.000125000,0.000125000,0.000101563,16,0.000109375,0.000109375,0.000093750,0.000125000,0.000125000,0.000109375,16
1765350563.289303,2025-12-10 15:09:23,0.000000000,0.000000000,0.000000000,0.000000000,0.000000000,0.000000000,16,0.000000000,0.000000000,0.000000000,0.000000000,0.000000000,0.000000000,16,0.000085937,0.000093750,0.000093750,0.000062500,0.000125000,0.000085937,16,0.000015625,0.000031250,0.000031250,0.000062500,0.000000000,0.000015625,16,0.000070313,0.000062500,0.000062500,0.000062500,0.000125000,0.000070313,16,0.000054688,0.000062500,0.000062500,0.000062500,0.000000000,0.000054688,16,0.000109375,0.000109375,0.000093750,0.000125000,0.000125000,0.000109375,16,0.000093750,0.000109375,0.000093750,0.000125000,0.000125000,0.000093750,16
1765350574.136547,2025-12-10 15:09:34,-0.000125000,0.000000000,0.000000000,0.000000000,0.000000000,-0.000125000,16,0.000000000,0.000000000,0.000000000,0.000000000,0.000000000,0.000000000,16,0.000101563,0.000109375,0.000093750,0.000062500,0.000125000,0.000101563,16,0.000046875,0.000046875,0.000062500,0.000062500,0.000000000,0.000046875,16,0.000117187,0.000109375,0.000125000,0.000125000,0.000125000,0.000117187,16,0.000085937,0.000078125,0.000093750,0.000062500,0.000125000,0.000085937,16,0.000109375,0.000109375,0.000125000,0.000125000,0.000125000,0.000109375,16,0.000109375,0.000109375,0.000125000,0.000125000,0.000125000,0.000109375,16
1765350584.982315,2025-12-10 15:09:44,-0.000125000,0.000000000,0.000000000,0.000000000,0.000000000,-0.000125000,16,0.000000000,0.000000000,0.000000000,0.000000000,0.000000000,0.000000000,16,0.000093750,0.000093750,0.000093750,0.000062500,0.000125000,0.000093750,16,0.000046875,0.000046875,0.000031250,0.000062500,0.000000000,0.000046875,16,0.000101563,0.000109375,0.000093750,0.000125000,0.000125000,0.000101563,16,0.000070313,0.000078125,0.000062500,0.000062500,0.000000000,0.000070313,16,0.000109375,0.000109375,0.000125000,0.000125000,0.000125000,0.000109375,16,0.000117187,0.000109375,0.000125000,0.000125000,0.000125000,0.000117187,16
1765350595.828401,2025-12-10 15:09:55,-0.000125000,0.000000000,0.000000000,0.000000000,0.000000000,-0.000125000,16,0.000000000,0.000000000,0.000000000,0.000000000,0.000000000,0.000000000,16,0.000085937,0.000078125,0.000062500,0.000062500,0.000125000,0.000085937,16,0.000046875,0.000046875,0.000062500,0.000062500,0.000000000,0.000046875,16,0.000085937,0.000093750,0.000062500,0.000062500,0.000125000,0.000085937,16,0.000062500,0.000062500,0.000062500,0.000062500,0.000125000,0.000062500,16,0.000109375,0.000109375,0.000093750,0.000125000,0.000125000,0.000109375,16,0.000117187,0.000109375,0.000125000,0.000125000,0.000125000,0.000117187,16
1765350606.674722,2025-12-10 15:10:06,-0.000125000,0.000000000,0.000000000,0.000000000,0.000000000,-0.000125000,16,0.000000000,0.000000000,0.000000000,0.000000000,0.000000000,0.000000000,16,0.000093750,0.000093750,0.000093750,0.000062500,0.000125000,0.000093750,16,0.000039063,0.000046875,0.000031250,0.000062500,0.000000000,0.000039063,16,0.000101563,0.000093750,0.000093750,0.000125000,0.000125000,0.000101563,16,0.000062500,0.000078125,0.000062500,0.000062500,0.000125000,0.000062500,16,0.000109375,0.000109375,0.000125000,0.000125000,0.000125000,0.000109375,16,0.000109375,0.000109375,0.000093750,0.000125000,0.000125000,0.000109375,16
1765350617.519357,2025-12-10 15:10:17,-0.000125000,0.000000000,0.000000000,0.000000000,0.000000000,-0.000125000,16,0.000000000,0.000000000,0.000000000,0.000000000,0.000000000,0.000000000,16,0.000078125,0.000062500,0.000093750,0.000062500,0.000125000,0.000078125,16,0.000007813,0.000015625,0.000031250,0.000000000,0.000000000,0.000007813,16,0.000039063,0.000046875,0.000062500,0.000062500,0.000000000,0.000039063,16,0.000039063,0.000031250,0.000031250,0.000062500,0.000000000,0.000039063,16,0.000109375,0.000109375,0.000093750,0.000062500,0.000125000,0.000109375,16,0.000085937,0.000078125,0.000093750,0.000062500,0.000125000,0.000085937,16
1765350628.364961,2025-12-10 15:10:28,-0.000125000,0.000000000,0.000000000,0.000000000,0.000000000,-0.000125000,16,0.000000000,0.000000000,0.000000000,0.000000000,0.000000000,0.000000000,16,0.000101563,0.000109375,0.000093750,0.000125000,0.000125000,0.000101563,16,0.000054688,0.000062500,0.000062500,0.000062500,0.000125000,0.000054688,16,0.000117187,0.000109375,0.000125000,0.000125000,0.000125000,0.000117187,16,0.000085937,0.000078125,0.000093750,0.000125000,0.000125000,0.000085937,16,0.000117187,0.000125000,0.000125000,0.000125000,0.000125000,0.000117187,16,0.000125000,0.000125000,0.000125000,0.000125000,0.000125000,0.000125000,16
1765350639.2090921,2025-12-10 15:10:39,-0.000125000,0.000000000,0.000000000,0.000000000,0.000000000,-0.000125000,16,0.000000000,0.000000000,0.000000000,0.000000000,0.000000000,0.000000000,16,0.000085937,0.000093750,0.000093750,0.000062500,0.000125000,0.000085937,16,0.000054688,0.000046875,0.000062500,0.000062500,0.000125000,0.000054688,16,0.000101563,0.000109375,0.000093750,0.000125000,0.000125000,0.000101563,16,0.000070313,0.000078125,0.000093750,0.000062500,0.000000000,0.000070313,16,0.000109375,0.000109375,0.000125000,0.000125000,0.000125000,0.000109375,16,0.000117187,0.000125000,0.000125000,0.000125000,0.000125000,0.000117187,16
1765350650.0553224,2025-12-10 15:10:50,-0.000125000,0.000000000,0.000000000,0.000000000,0.000000000,-0.000125000,16,0.000000000,0.000000000,0.000000000,0.000000000,0.000000000,0.000000000,16,0.000085937,0.000093750,0.000093750,0.000062500,0.000125000,0.000085937,16,0.000039063,0.000046875,0.000031250,0.000062500,0.000000000,0.000039063,16,0.000093750,0.000093750,0.000093750,0.000062500,0.000000000,0.000093750,16,0.000078125,0.000078125,0.000062500,0.000062500,0.000000000,0.000078125,16,0.000117187,0.000109375,0.000093750,0.000125000,0.000125000,0.000117187,16,0.000109375,0.000109375,0.000125000,0.000125000,0.000125000,0.000109375,16
1765350660.898549,2025-12-10 15:11:00,-0.000125000,0.000000000,0.000000000,0.000000000,0.000000000,-0.000125000,16,0.000000000,0.000000000,0.000000000,0.000000000,0.000000000,0.000000000,16,0.000085937,0.000093750,0.000093750,0.000062500,0.000125000,0.000085937,16,0.000046875,0.000046875,0.000062500,0.000000000,0.000000000,0.000046875,16,0.000101563,0.000109375,0.000125000,0.000125000,0.000125000,0.000101563,16,0.000078125,0.000078125,0.000093750,0.000062500,0.000125000,0.000078125,16,0.000117187,0.000109375,0.000125000,0.000125000,0.000125000,0.000117187,16,0.000117187,0.000125000,0.000125000,0.000125000,0.000125000,0.000117187,16
1765350671.742462,2025-12-10 15:11:11,-0.000125000,0.000000000,0.000000000,0.000000000,0.000000000,-0.000125000,16,0.000000000,0.000000000,0.000000000,0.000000000,0.000000000,0.000000000,16,0.000078125,0.000078125,0.000093750,0.000062500,0.000125000,0.000078125,16,0.000039063,0.000031250,0.000031250,0.000062500,0.000000000,0.000039063,16,0.000070313,0.000078125,0.000062500,0.000062500,0.000125000,0.000070313,16,0.000062500,0.000062500,0.000062500,0.000062500,0.000000000,0.000062500,16,0.000101563,0.000109375,0.000125000,0.000125000,0.000125000,0.000101563,16,0.000101563,0.000093750,0.000093750,0.000125000,0.000125000,0.000101563,16
1765350682.5883937,2025-12-10 15:11:22,0.000000000,0.000000000,0.000000000,0.000000000,0.000000000,0.000000000,16,0.000000000,0.000000000,0.000000000,0.000000000,0.000000000,0.000000000,16,0.000085937,0.000078125,0.000093750,0.000062500,0.000125000,0.000085937,16,0.000054688,0.000046875,0.000031250,0.000062500,0.000000000,0.000054688,16,0.000085937,0.000093750,0.000093750,0.000062500,0.000000000,0.000085937,16,0.000054688,0.000062500,0.000062500,0.000062500,0.000125000,0.000054688,16,0.000109375,0.000093750,0.000093750,0.000062500,0.000125000,0.000109375,16,0.000109375,0.000109375,0.000093750,0.000125000,0.000000000,0.000109375,16
1765350693.43395,2025-12-10 15:11:33,-0.000125000,0.000000000,0.000000000,0.000000000,0.000000000,-0.000125000,16,0.000000000,0.000000000,0.000000000,0.000000000,0.000000000,0.000000000,16,0.000085937,0.000093750,0.000093750,0.000062500,0.000000000,0.000085937,16,0.000062500,0.000062500,0.000062500,0.000062500,0.000000000,0.000062500,16,0.000093750,0.000093750,0.000093750,0.000125000,0.000125000,0.000093750,16,0.000062500,0.000062500,0.000062500,0.000062500,0.000125000,0.000062500,16,0.000109375,0.000109375,0.000125000,0.000125000,0.000125000,0.000109375,16,0.000093750,0.000093750,0.000093750,0.000062500,0.000125000,0.000093750,16
1765350704.278465,2025-12-10 15:11:44,-0.000125000,0.000000000,0.000000000,0.000000000,0.000000000,-0.000125000,16,0.000000000,0.000000000,0.000000000,0.000000000,0.000000000,0.000000000,16,0.000085937,0.000093750,0.000093750,0.000125000,0.000125000,0.000085937,16,0.000054688,0.000046875,0.000062500,0.000062500,0.000000000,0.000054688,16,0.000093750,0.000093750,0.000093750,0.000125000,0.000125000,0.000093750,16,0.000078125,0.000078125,0.000062500,0.000062500,0.000000000,0.000078125,16,0.000109375,0.000109375,0.000093750,0.000125000,0.000125000,0.000109375,16,0.000109375,0.000109375,0.000093750,0.000125000,0.000125000,0.000109375,16
1765350715.123443,2025-12-10 15:11:55,-0.000125000,0.000000000,0.000000000,0.000000000,0.000000000,-0.000125000,16,0.000000000,0.000000000,0.000000000,0.000000000,0.000000000,0.000000000,16,0.000085937,0.000093750,0.000093750,0.000062500,0.000125000,0.000085937,16,0.000062500,0.000062500,0.000062500,0.000062500,0.000125000,0.000062500,16,0.000109375,0.000109375,0.000125000,0.000125000,0.000125000,0.000109375,16,0.000078125,0.000078125,0.000093750,0.000062500,0.000125000,0.000078125,16,0.000109375,0.000109375,0.000093750,0.000125000,0.000125000,0.000109375,16,0.000109375,0.000109375,0.000125000,0.000125000,0.000125000,0.000109375,16
1765350725.9692237,2025-12-10 15:12:05,0.000000000,0.000000000,0.000000000,0.000000000,0.000000000,0.000000000,16,0.000000000,0.000000000,0.000000000,0.000000000,0.000000000,0.000000000,16,0.000093750,0.000078125,0.000093750,0.000062500,0.000125000,0.000093750,16,0.000046875,0.000046875,0.000062500,0.000062500,0.000000000,0.000046875,16,0.000101563,0.000109375,0.000093750,0.000125000,0.000125000,0.000101563,16,0.000078125,0.000078125,0.000062500,0.000062500,0.000125000,0.000078125,16,0.000101563,0.000093750,0.000093750,0.000125000,0.000125000,0.000101563,16,0.000101563,0.000093750,0.000125000,0.000125000,0.000125000,0.000101563,16
1765350736.8154185,2025-12-10 15:12:16,-0.000125000,0.000000000,0.000000000,0.000000000,0.000000000,-0.000125000,16,0.000000000,0.000000000,0.000000000,0.000000000,0.000000000,0.000000000,16,0.000093750,0.000078125,0.000093750,0.000062500,0.000125000,0.000093750,16,0.000062500,0.000062500,0.000062500,0.000062500,0.000125000,0.000062500,16,0.000101563,0.000109375,0.000093750,0.000062500,0.000125000,0.000101563,16,0.000078125,0.000078125,0.000093750,0.000062500,0.000125000,0.000078125,16,0.000101563,0.000109375,0.000093750,0.000125000,0.000125000,0.000101563,16,0.000109375,0.000125000,0.000125000,0.000125000,0.000125000,0.000109375,16
1765350747.6592572,2025-12-10 15:12:27,-0.000125000,0.000000000,0.000000000,0.000000000,0.000000000,-0.000125000,16,0.000000000,0.000000000,0.000000000,0.000000000,0.000000000,0.000000000,16,0.000085937,0.000093750,0.000093750,0.000062500,0.000125000,0.000085937,16,0.000046875,0.000046875,0.000031250,0.000062500,0.000000000,0.000046875,16,0.000101563,0.000109375,0.000093750,0.000125000,0.000125000,0.000101563,16,0.000078125,0.000078125,0.000093750,0.000062500,0.000125000,0.000078125,16,0.000101563,0.000109375,0.000093750,0.000125000,0.000125000,0.000101563,16,0.000109375,0.000109375,0.000093750,0.000125000,0.000125000,0.000109375,16
1765350758.506064,2025-12-10 15:12:38,-0.000125000,0.000000000,0.000000000,0.000000000,0.000000000,-0.000125000,16,0.000000000,0.000000000,0.000000000,0.000000000,0.000000000,0.000000000,16,0.000085937,0.000078125,0.000093750,0.000125000,0.000125000,0.000085937,16,0.000054688,0.000062500,0.000062500,0.000062500,0.000125000,0.000054688,16,0.000093750,0.000093750,0.000093750,0.000125000,0.000125000,0.000093750,16,0.000078125,0.000078125,0.000062500,0.000125000,0.000125000,0.000078125,16,0.000101563,0.000109375,0.000093750,0.000125000,0.000125000,0.000101563,16,0.000109375,0.000125000,0.000125000,0.000125000,0.000125000,0.000109375,16
1765350769.3508854,2025-12-10 15:12:49,-0.000125000,0.000000000,0.000000000,0.000000000,0.000000000,-0.000125000,16,0.000000000,0.000000000,0.000000000,0.000000000,0.000000000,0.000000000,16,0.000085937,0.000078125,0.000093750,0.000062500,0.000125000,0.000085937,16,0.000054688,0.000062500,0.000062500,0.000062500,0.000000000,0.000054688,16,0.000109375,0.000109375,0.000093750,0.000125000,0.000125000,0.000109375,16,0.000078125,0.000078125,0.000093750,0.000062500,0.000125000,0.000078125,16,0.000101563,0.000093750,0.000093750,0.000125000,0.000125000,0.000101563,16,0.000109375,0.000109375,0.000125000,0.000125000,0.000125000,0.000109375,16
1765350780.198714,2025-12-10 15:13:00,-0.000125000,0.000000000,0.000000000,0.000000000,0.000000000,-0.000125000,16,0.000000000,0.000000000,0.000000000,0.000000000,0.000000000,0.000000000,16,0.000078125,0.000078125,0.000093750,0.000062500,0.000125000,0.000078125,16,0.000039063,0.000031250,0.000031250,0.000062500,0.000000000,0.000039063,16,0.000093750,0.000093750,0.000093750,0.000062500,0.000125000,0.000093750,16,0.000070313,0.000062500,0.000062500,0.000062500,0.000000000,0.000070313,16,0.000101563,0.000093750,0.000093750,0.000125000,0.000000000,0.000101563,16,0.000109375,0.000109375,0.000093750,0.000125000,0.000125000,0.000109375,16
1765350791.0464215,2025-12-10 15:13:11,-0.000125000,0.000000000,0.000000000,0.000000000,0.000000000,-0.000125000,16,0.000000000,0.000000000,0.000000000,0.000000000,0.000000000,0.000000000,16,0.000085937,0.000078125,0.000062500,0.000125000,0.000125000,0.000085937,16,0.000046875,0.000046875,0.000062500,0.000062500,0.000000000,0.000046875,16,0.000109375,0.000109375,0.000093750,0.000125000,0.000125000,0.000109375,16,0.000078125,0.000078125,0.000062500,0.000062500,0.000000000,0.000078125,16,0.000109375,0.000109375,0.000093750,0.000125000,0.000125000,0.000109375,16,0.000117187,0.000109375,0.000125000,0.000125000,0.000125000,0.000117187,16
1765350801.894535,2025-12-10 15:13:21,-0.000125000,0.000000000,0.000000000,0.000000000,0.000000000,-0.000125000,16,0.000000000,0.000000000,0.000000000,0.000000000,0.000000000,0.000000000,16,0.000078125,0.000078125,0.000062500,0.000062500,0.000125000,0.000078125,16,0.000054688,0.000046875,0.000062500,0.000062500,0.000000000,0.000054688,16,0.000101563,0.000109375,0.000093750,0.000125000,0.000125000,0.000101563,16,0.000078125,0.000078125,0.000062500,0.000062500,0.000000000,0.000078125,16,0.000101563,0.000109375,0.000093750,0.000125000,0.000125000,0.000101563,16,0.000109375,0.000109375,0.000093750,0.000125000,0.000125000,0.000109375,16
1765350812.7410111,2025-12-10 15:13:32,-0.000125000,0.000000000,0.000000000,0.000000000,0.000000000,-0.000125000,16,0.000000000,0.000000000,0.000000000,0.000000000,0.000000000,0.000000000,16,0.000078125,0.000078125,0.000062500,0.000062500,0.000125000,0.000078125,16,0.000039063,0.000046875,0.000031250,0.000062500,0.000000000,0.000039063,16,0.000109375,0.000093750,0.000093750,0.000125000,0.000125000,0.000109375,16,0.000078125,0.000078125,0.000062500,0.000062500,0.000000000,0.000078125,16,0.000101563,0.000109375,0.000093750,0.000125000,0.000125000,0.000101563,16,0.000109375,0.000125000,0.000093750,0.000125000,0.000125000,0.000109375,16
1765350823.5899298,2025-12-10 15:13:43,-0.000125000,0.000000000,0.000000000,0.000000000,0.000000000,-0.000125000,16,0.000000000,0.000000000,0.000000000,0.000000000,0.000000000,0.000000000,16,0.000085937,0.000078125,0.000093750,0.000062500,0.000125000,0.000085937,16,0.000046875,0.000046875,0.000062500,0.000062500,0.000125000,0.000046875,16,0.000109375,0.000109375,0.000093750,0.000125000,0.000125000,0.000109375,16,0.000078125,0.000078125,0.000093750,0.000062500,0.000125000,0.000078125,16,0.000101563,0.000109375,0.000093750,0.000062500,0.000125000,0.000101563,16,0.000125000,0.000125000,0.000125000,0.000125000,0.000125000,0.000125000,16
1765350834.4346108,2025-12-10 15:13:54,-0.000125000,0.000000000,0.000000000,0.000000000,0.000000000,-0.000125000,16,0.000000000,0.000000000,0.000000000,0.000000000,0.000000000,0.000000000,16,0.000078125,0.000078125,0.000062500,0.000062500,0.000125000,0.000078125,16,0.000046875,0.000046875,0.000031250,0.000062500,0.000000000,0.000046875,16,0.000101563,0.000109375,0.000093750,0.000125000,0.000125000,0.000101563,16,0.000070313,0.000078125,0.000062500,0.000062500,0.000125000,0.000070313,16,0.000101563,0.000109375,0.000125000,0.000125000,0.000125000,0.000101563,16,0.000109375,0.000109375,0.000125000,0.000125000,0.000125000,0.000109375,16
1765350845.2804894,2025-12-10 15:14:05,-0.000125000,0.000000000,0.000000000,0.000000000,0.000000000,-0.000125000,16,0.000000000,0.000000000,0.000000000,0.000000000,0.000000000,0.000000000,16,0.000078125,0.000078125,0.000062500,0.000125000,0.000000000,0.000078125,16,0.000046875,0.000046875,0.000031250,0.000062500,0.000000000,0.000046875,16,0.000085937,0.000078125,0.000062500,0.000125000,0.000125000,0.000085937,16,0.000054688,0.000062500,0.000062500,0.000062500,0.000000000,0.000054688,16,0.000101563,0.000109375,0.000093750,0.000125000,0.000125000,0.000101563,16,0.000101563,0.000109375,0.000125000,0.000125000,0.000125000,0.000101563,16
1765350856.1287403,2025-12-10 15:14:16,0.000000000,0.000000000,0.000000000,0.000000000,0.000000000,0.000000000,16,0.000000000,0.000000000,0.000000000,0.000000000,0.000000000,0.000000000,16,0.000085937,0.000093750,0.000093750,0.000125000,0.000125000,0.000085937,16,0.000046875,0.000015625,0.000031250,0.000000000,0.000000000,0.000046875,16,0.000101563,0.000109375,0.000093750,0.000125000,0.000125000,0.000101563,16,0.000062500,0.000062500,0.000062500,0.000062500,0.000125000,0.000062500,16,0.000109375,0.000109375,0.000093750,0.000125000,0.000125000,0.000109375,16,0.000109375,0.000125000,0.000125000,0.000125000,0.000125000,0.000109375,16
1765350866.9735386,2025-12-10 15:14:26,0.000000000,0.000000000,0.000000000,0.000000000,0.000000000,0.000000000,16,0.000000000,0.000000000,0.000000000,0.000000000,0.000000000,0.000000000,16,0.000093750,0.000093750,0.000093750,0.000125000,0.000125000,0.000093750,16,0.000054688,0.000046875,0.000031250,0.000062500,0.000000000,0.000054688,16,0.000109375,0.000109375,0.000125000,0.000125000,0.000125000,0.000109375,16,0.000070313,0.000078125,0.000062500,0.000062500,0.000000000,0.000070313,16,0.000117187,0.000125000,0.000125000,0.000125000,0.000125000,0.000117187,16,0.000117187,0.000109375,0.000125000,0.000125000,0.000125000,0.000117187,16
1765350877.8197217,2025-12-10 15:14:37,-0.000125000,0.000000000,0.000000000,0.000000000,0.000000000,-0.000125000,16,0.000000000,0.000000000,0.000000000,0.000000000,0.000000000,0.000000000,16,0.000101563,0.000093750,0.000093750,0.000125000,0.000125000,0.000101563,16,0.000046875,0.000062500,0.000062500,0.000062500,0.000000000,0.000046875,16,0.000109375,0.000109375,0.000125000,0.000125000,0.000125000,0.000109375,16,0.000070313,0.000062500,0.000062500,0.000062500,0.000125000,0.000070313,16,0.000117187,0.000125000,0.000125000,0.000125000,0.000125000,0.000117187,16,0.000101563,0.000093750,0.000093750,0.000125000,0.000125000,0.000101563,16
1765350888.6635423,2025-12-10 15:14:48,-0.000125000,0.000000000,0.000000000,0.000000000,0.000000000,-0.000125000,16,0.000000000,0.000000000,0.000000000,0.000000000,0.000000000,0.000000000,16,0.000093750,0.000093750,0.000093750,0.000062500,0.000125000,0.000093750,16,0.000046875,0.000062500,0.000031250,0.000062500,0.000125000,0.000046875,16,0.000093750,0.000093750,0.000093750,0.000062500,0.000125000,0.000093750,16,0.000054688,0.000046875,0.000062500,0.000062500,0.000125000,0.000054688,16,0.000117187,0.000125000,0.000125000,0.000125000,0.000125000,0.000117187,16,0.000117187,0.000125000,0.000093750,0.000125000,0.000125000,0.000117187,16
1765350899.5074892,2025-12-10 15:14:59,-0.000125000,0.000000000,0.000000000,0.000000000,0.000000000,-0.000125000,16,0.000000000,0.000000000,0.000000000,0.000000000,0.000000000,0.000000000,16,0.000101563,0.000109375,0.000093750,0.000125000,0.000125000,0.000101563,16,0.000070313,0.000078125,0.000093750,0.000125000,0.000000000,0.000070313,16,0.000125000,0.000125000,0.000125000,0.000125000,0.000125000,0.000125000,16,0.000093750,0.000093750,0.000093750,0.000062500,0.000000000,0.000093750,16,0.000125000,0.000125000,0.000125000,0.000125000,0.000125000,0.000125000,16,0.000132813,0.000140625,0.000125000,0.000125000,0.000125000,0.000132813,16
1765350910.3537762,2025-12-10 15:15:10,-0.000125000,0.000000000,0.000000000,0.000000000,0.000000000,-0.000125000,16,0.000000000,0.000000000,0.000000000,0.000000000,0.000000000,0.000000000,16,0.000085937,0.000093750,0.000093750,0.000125000,0.000125000,0.000085937,16,0.000062500,0.000062500,0.000062500,0.000062500,0.000000000,0.000062500,16,0.000117187,0.000109375,0.000093750,0.000125000,0.000125000,0.000117187,16,0.000085937,0.000093750,0.000062500,0.000062500,0.000000000,0.000085937,16,0.000117187,0.000109375,0.000093750,0.000125000,0.000125000,0.000117187,16,0.000125000,0.000125000,0.000125000,0.000125000,0.000125000,0.000125000,16
1765350921.1984847,2025-12-10 15:15:21,-0.000125000,0.000000000,0.000000000,0.000000000,0.000000000,-0.000125000,16,0.000000000,0.000000000,0.000000000,0.000000000,0.000000000,0.000000000,16,0.000078125,0.000078125,0.000062500,0.000125000,0.000125000,0.000078125,16,0.000046875,0.000046875,0.000062500,0.000062500,0.000125000,0.000046875,16,0.000093750,0.000093750,0.000093750,0.000125000,0.000125000,0.000093750,16,0.000070313,0.000062500,0.000062500,0.000062500,0.000000000,0.000070313,16,0.000109375,0.000109375,0.000125000,0.000125000,0.000125000,0.000109375,16,0.000109375,0.000125000,0.000125000,0.000125000,0.000125000,0.000109375,16
1765350932.0436172,2025-12-10 15:15:32,-0.000125000,0.000000000,0.000000000,0.000000000,0.000000000,-0.000125000,16,0.000000000,0.000000000,0.000000000,0.000000000,0.000000000,0.000000000,16,0.000085937,0.000093750,0.000093750,0.000125000,0.000125000,0.000085937,16,0.000054688,0.000062500,0.000031250,0.000062500,0.000125000,0.000054688,16,0.000117187,0.000125000,0.000125000,0.000125000,0.000125000,0.000117187,16,0.000085937,0.000078125,0.000093750,0.000125000,0.000125000,0.000085937,16,0.000109375,0.000109375,0.000093750,0.000125000,0.000125000,0.000109375,16,0.000132813,0.000140625,0.000125000,0.000125000,0.000125000,0.000132813,16
1765350942.8895588,2025-12-10 15:15:42,-0.000125000,0.000000000,0.000000000,0.000000000,0.000000000,-0.000125000,16,0.000000000,0.000000000,0.000000000,0.000000000,0.000000000,0.000000000,16,0.000078125,0.000093750,0.000093750,0.000062500,0.000000000,0.000078125,16,0.000023438,0.000031250,0.000031250,0.000062500,0.000000000,0.000023438,16,0.000109375,0.000109375,0.000093750,0.000125000,0.000125000,0.000109375,16,0.000078125,0.000078125,0.000062500,0.000125000,0.000125000,0.000078125,16,0.000109375,0.000109375,0.000093750,0.000125000,0.000125000,0.000109375,16,0.000125000,0.000125000,0.000125000,0.000125000,0.000125000,0.000125000,16
1765350953.735236,2025-12-10 15:15:53,-0.000125000,0.000000000,0.000000000,0.000000000,0.000000000,-0.000125000,16,0.000000000,0.000000000,0.000000000,0.000000000,0.000000000,0.000000000,16,0.000085937,0.000078125,0.000093750,0.000062500,0.000000000,0.000085937,16,0.000062500,0.000062500,0.000062500,0.000062500,0.000000000,0.000062500,16,0.000125000,0.000125000,0.000125000,0.000125000,0.000125000,0.000125000,16,0.000085937,0.000078125,0.000093750,0.000062500,0.000125000,0.000085937,16,0.000117187,0.000109375,0.000125000,0.000125000,0.000125000,0.000117187,16,0.000109375,0.000125000,0.000125000,0.000125000,0.000125000,0.000109375,16
1765350964.5826476,2025-12-10 15:16:04,-0.000125000,0.000000000,0.000000000,0.000000000,0.000000000,-0.000125000,16,0.000000000,0.000000000,0.000000000,0.000000000,0.000000000,0.000000000,16,0.000070313,0.000062500,0.000093750,0.000062500,0.000125000,0.000070313,16,0.000023438,0.000031250,0.000031250,0.000000000,0.000000000,0.000023438,16,0.000085937,0.000093750,0.000093750,0.000125000,0.000125000,0.000085937,16,0.000062500,0.000062500,0.000062500,0.000062500,0.000125000,0.000062500,16,0.000101563,0.000093750,0.000093750,0.000125000,0.000000000,0.000101563,16,0.000101563,0.000093750,0.000093750,0.000125000,0.000125000,0.000101563,16
1765350975.428296,2025-12-10 15:16:15,-0.000125000,0.000000000,0.000000000,0.000000000,0.000000000,-0.000125000,16,0.000000000,0.000000000,0.000000000,0.000000000,0.000000000,0.000000000,16,0.000093750,0.000093750,0.000093750,0.000125000,0.000125000,0.000093750,16,0.000046875,0.000046875,0.000062500,0.000062500,0.000000000,0.000046875,16,0.000101563,0.000109375,0.000093750,0.000125000,0.000125000,0.000101563,16,0.000078125,0.000078125,0.000093750,0.000062500,0.000125000,0.000078125,16,0.000109375,0.000109375,0.000125000,0.000125000,0.000125000,0.000109375,16,0.000109375,0.000109375,0.000093750,0.000125000,0.000125000,0.000109375,16
1765350986.278021,2025-12-10 15:16:26,-0.000125000,-0.000250000,0.000000000,0.000000000,0.000000000,-0.000125000,16,0.000000000,0.000000000,0.000000000,0.000000000,0.000000000,0.000000000,16,0.000109375,0.000109375,0.000093750,0.000062500,0.000125000,0.000109375,16,0.000062500,0.000062500,0.000062500,0.000062500,0.000125000,0.000062500,16,0.000125000,0.000125000,0.000125000,0.000125000,0.000125000,0.000125000,16,0.000085937,0.000078125,0.000093750,0.000125000,0.000125000,0.000085937,16,0.000125000,0.000140625,0.000125000,0.000125000,0.000125000,0.000125000,16,0.000132813,0.000125000,0.000125000,0.000125000,0.000125000,0.000132813,16
1765350997.1260085,2025-12-10 15:16:37,-0.000125000,-0.000250000,0.000000000,0.000000000,0.000000000,-0.000125000,16,0.000000000,0.000000000,0.000000000,0.000000000,0.000000000,0.000000000,16,0.000093750,0.000093750,0.000093750,0.000125000,0.000125000,0.000093750,16,0.000062500,0.000062500,0.000062500,0.000062500,0.000125000,0.000062500,16,0.000132813,0.000125000,0.000125000,0.000125000,0.000125000,0.000132813,16,0.000101563,0.000093750,0.000093750,0.000125000,0.000125000,0.000101563,16,0.000125000,0.000125000,0.000125000,0.000125000,0.000125000,0.000125000,16,0.000125000,0.000125000,0.000125000,0.000125000,0.000125000,0.000125000,16
1765351007.9730144,2025-12-10 15:16:47,-0.000125000,0.000000000,0.000000000,0.000000000,0.000000000,-0.000125000,16,0.000000000,0.000000000,0.000000000,0.000000000,0.000000000,0.000000000,16,0.000085937,0.000078125,0.000093750,0.000062500,0.000125000,0.000085937,16,0.000054688,0.000046875,0.000062500,0.000062500,0.000000000,0.000054688,16,0.000109375,0.000109375,0.000093750,0.000125000,0.000125000,0.000109375,16,0.000085937,0.000078125,0.000093750,0.000125000,0.000125000,0.000085937,16,0.000109375,0.000125000,0.000093750,0.000125000,0.000125000,0.000109375,16,0.000125000,0.000125000,0.000125000,0.000125000,0.000125000,0.000125000,16
1765351018.8218427,2025-12-10 15:16:58,-0.000125000,0.000000000,0.000000000,0.000000000,0.000000000,-0.000125000,16,0.000000000,0.000000000,0.000000000,0.000000000,0.000000000,0.000000000,16,0.000085937,0.000078125,0.000093750,0.000062500,0.000125000,0.000085937,16,0.000062500,0.000062500,0.000062500,0.000062500,0.000125000,0.000062500,16,0.000117187,0.000125000,0.000125000,0.000125000,0.000125000,0.000117187,16,0.000078125,0.000078125,0.000093750,0.000062500,0.000125000,0.000078125,16,0.000125000,0.000109375,0.000125000,0.000125000,0.000125000,0.000125000,16,0.000117187,0.000125000,0.000125000,0.000125000,0.000125000,0.000117187,16
1765351029.6705868,2025-12-10 15:17:09,-0.000125000,0.000000000,0.000000000,0.000000000,0.000000000,-0.000125000,16,0.000000000,0.000000000,0.000000000,0.000000000,0.000000000,0.000000000,16,0.000085937,0.000093750,0.000062500,0.000062500,0.000125000,0.000085937,16,0.000054688,0.000062500,0.000062500,0.000062500,0.000000000,0.000054688,16,0.000117187,0.000125000,0.000093750,0.000125000,0.000125000,0.000117187,16,0.000085937,0.000078125,0.000093750,0.000062500,0.000125000,0.000085937,16,0.000117187,0.000109375,0.000125000,0.000125000,0.000125000,0.000117187,16,0.000125000,0.000125000,0.000125000,0.000125000,0.000125000,0.000125000,16
1765351040.5165415,2025-12-10 15:17:20,0.000000000,0.000000000,0.000000000,0.000000000,0.000000000,0.000000000,16,0.000000000,0.000000000,0.000000000,0.000000000,0.000000000,0.000000000,16,0.000085937,0.000078125,0.000093750,0.000062500,0.000125000,0.000085937,16,0.000054688,0.000062500,0.000062500,0.000062500,0.000000000,0.000054688,16,0.000125000,0.000125000,0.000125000,0.000125000,0.000125000,0.000125000,16,0.000085937,0.000078125,0.000093750,0.000125000,0.000125000,0.000085937,16,0.000117187,0.000125000,0.000125000,0.000125000,0.000125000,0.000117187,16,0.000125000,0.000125000,0.000125000,0.000125000,0.000125000,0.000125000,16
1765351051.3613214,2025-12-10 15:17:31,-0.000125000,0.000000000,0.000000000,0.000000000,0.000000000,-0.000125000,16,0.000000000,0.000000000,0.000000000,0.000000000,0.000000000,0.000000000,16,0.000085937,0.000093750,0.000093750,0.000125000,0.000125000,0.000085937,16,0.000062500,0.000062500,0.000062500,0.000062500,0.000125000,0.000062500,16,0.000125000,0.000125000,0.000125000,0.000125000,0.000125000,0.000125000,16,0.000093750,0.000078125,0.000093750,0.000062500,0.000125000,0.000093750,16,0.000117187,0.000125000,0.000125000,0.000125000,0.000125000,0.000117187,16,0.000125000,0.000125000,0.000125000,0.000125000,0.000125000,0.000125000,16
1765351062.206757,2025-12-10 15:17:42,-0.000125000,-0.000250000,0.000000000,0.000000000,0.000000000,-0.000125000,16,0.000000000,0.000000000,0.000000000,0.000000000,0.000000000,0.000000000,16,0.000085937,0.000078125,0.000093750,0.000062500,0.000125000,0.000085937,16,0.000062500,0.000046875,0.000062500,0.000062500,0.000125000,0.000062500,16,0.000101563,0.000109375,0.000093750,0.000125000,0.000125000,0.000101563,16,0.000070313,0.000078125,0.000062500,0.000062500,0.000000000,0.000070313,16,0.000117187,0.000109375,0.000125000,0.000125000,0.000125000,0.000117187,16,0.000125000,0.000125000,0.000125000,0.000125000,0.000125000,0.000125000,16
1765351073.051599,2025-12-10 15:17:53,-0.000125000,0.000000000,0.000000000,0.000000000,0.000000000,-0.000125000,16,0.000000000,0.000000000,0.000000000,0.000000000,0.000000000,0.000000000,16,0.000093750,0.000093750,0.000093750,0.000062500,0.000000000,0.000093750,16,0.000054688,0.000062500,0.000062500,0.000062500,0.000000000,0.000054688,16,0.000125000,0.000125000,0.000125000,0.000125000,0.000125000,0.000125000,16,0.000085937,0.000093750,0.000093750,0.000062500,0.000125000,0.000085937,16,0.000117187,0.000125000,0.000125000,0.000125000,0.000125000,0.000117187,16,0.000109375,0.000109375,0.000125000,0.000125000,0.000125000,0.000109375,16
1765351083.8950155,2025-12-10 15:18:03,-0.000125000,0.000000000,0.000000000,0.000000000,0.000000000,-0.000125000,16,0.000000000,0.000000000,0.000000000,0.000000000,0.000000000,0.000000000,16,0.000101563,0.000093750,0.000093750,0.000125000,0.000125000,0.000101563,16,0.000070313,0.000078125,0.000062500,0.000062500,0.000000000,0.000070313,16,0.000140625,0.000140625,0.000156250,0.000125000,0.000125000,0.000140625,16,0.000101563,0.000093750,0.000093750,0.000125000,0.000125000,0.000101563,16,0.000132813,0.000125000,0.000125000,0.000125000,0.000125000,0.000132813,16,0.000132813,0.000140625,0.000156250,0.000125000,0.000125000,0.000132813,16
1765351094.7405727,2025-12-10 15:18:14,-0.000125000,0.000000000,0.000000000,0.000000000,0.000000000,-0.000125000,16,0.000000000,0.000000000,0.000000000,0.000000000,0.000000000,0.000000000,16,0.000093750,0.000093750,0.000093750,0.000125000,0.000125000,0.000093750,16,0.000070313,0.000078125,0.000062500,0.000062500,0.000125000,0.000070313,16,0.000132813,0.000125000,0.000125000,0.000125000,0.000125000,0.000132813,16,0.000093750,0.000093750,0.000093750,0.000125000,0.000125000,0.000093750,16,0.000125000,0.000125000,0.000125000,0.000125000,0.000125000,0.000125000,16,0.000132813,0.000140625,0.000125000,0.000125000,0.000125000,0.000132813,16
1765351105.5866075,2025-12-10 15:18:25,-0.000125000,0.000000000,0.000000000,0.000000000,0.000000000,-0.000125000,16,0.000000000,0.000000000,0.000000000,0.000000000,0.000000000,0.000000000,16,0.000093750,0.000093750,0.000093750,0.000125000,0.000125000,0.000093750,16,0.000062500,0.000062500,0.000062500,0.000062500,0.000000000,0.000062500,16,0.000140625,0.000140625,0.000125000,0.000125000,0.000125000,0.000140625,16,0.000093750,0.000093750,0.000093750,0.000125000,0.000125000,0.000093750,16,0.000125000,0.000125000,0.000125000,0.000125000,0.000125000,0.000125000,16,0.000132813,0.000125000,0.000156250,0.000125000,0.000125000,0.000132813,16
1765351116.433372,2025-12-10 15:18:36,-0.000125000,0.000000000,0.000000000,0.000000000,0.000000000,-0.000125000,16,0.000000000,0.000000000,0.000000000,0.000000000,0.000000000,0.000000000,16,0.000078125,0.000093750,0.000093750,0.000125000,0.000125000,0.000078125,16,0.000062500,0.000062500,0.000062500,0.000062500,0.000000000,0.000062500,16,0.000117187,0.000125000,0.000125000,0.000125000,0.000125000,0.000117187,16,0.000085937,0.000093750,0.000093750,0.000062500,0.000125000,0.000085937,16,0.000117187,0.000125000,0.000125000,0.000125000,0.000125000,0.000117187,16,0.000117187,0.000109375,0.000125000,0.000125000,0.000125000,0.000117187,16
1765351127.2791238,2025-12-10 15:18:47,-0.000125000,-0.000250000,0.000000000,0.000000000,0.000000000,-0.000125000,16,0.000000000,0.000000000,0.000000000,0.000000000,0.000000000,0.000000000,16,0.000078125,0.000093750,0.000093750,0.000062500,0.000125000,0.000078125,16,0.000070313,0.000062500,0.000093750,0.000062500,0.000125000,0.000070313,16,0.000125000,0.000125000,0.000125000,0.000125000,0.000125000,0.000125000,16,0.000093750,0.000093750,0.000093750,0.000125000,0.000125000,0.000093750,16,0.000125000,0.000125000,0.000125000,0.000187500,0.000125000,0.000125000,16,0.000132813,0.000125000,0.000125000,0.000125000,0.000125000,0.000132813,16
1765351138.1233666,2025-12-10 15:18:58,-0.000125000,-0.000250000,0.000000000,0.000000000,0.000000000,-0.000125000,16,0.000000000,0.000000000,0.000000000,0.000000000,0.000000000,0.000000000,16,0.000078125,0.000078125,0.000062500,0.000062500,0.000125000,0.000078125,16,0.000062500,0.000062500,0.000062500,0.000062500,0.000125000,0.000062500,16,0.000117187,0.000125000,0.000125000,0.000125000,0.000125000,0.000117187,16,0.000093750,0.000078125,0.000093750,0.000062500,0.000125000,0.000093750,16,0.000117187,0.000125000,0.000125000,0.000125000,0.000125000,0.000117187,16,0.000125000,0.000125000,0.000125000,0.000125000,0.000125000,0.000125000,16
1765351148.9682949,2025-12-10 15:19:08,-0.000125000,0.000000000,0.000000000,0.000000000,0.000000000,-0.000125000,16,0.000000000,0.000000000,0.000000000,0.000000000,0.000000000,0.000000000,16,0.000070313,0.000062500,0.000062500,0.000062500,0.000000000,0.000070313,16,0.000054688,0.000046875,0.000062500,0.000000000,0.000000000,0.000054688,16,0.000093750,0.000093750,0.000093750,0.000062500,0.000125000,0.000093750,16,0.000070313,0.000062500,0.000062500,0.000062500,0.000125000,0.000070313,16,0.000117187,0.000109375,0.000125000,0.000125000,0.000125000,0.000117187,16,0.000093750,0.000093750,0.000093750,0.000125000,0.000125000,0.000093750,16
1765351159.814438,2025-12-10 15:19:19,-0.000125000,-0.000250000,0.000000000,0.000000000,0.000000000,-0.000125000,16,0.000000000,0.000000000,0.000000000,0.000000000,0.000000000,0.000000000,16,0.000093750,0.000093750,0.000093750,0.000125000,0.000125000,0.000093750,16,0.000070313,0.000062500,0.000062500,0.000062500,0.000000000,0.000070313,16,0.000132813,0.000125000,0.000125000,0.000125000,0.000125000,0.000132813,16,0.000093750,0.000093750,0.000093750,0.000125000,0.000125000,0.000093750,16,0.000125000,0.000125000,0.000125000,0.000125000,0.000125000,0.000125000,16,0.000132813,0.000125000,0.000156250,0.000125000,0.000125000,0.000132813,16
1765351170.660954,2025-12-10 15:19:30,-0.000125000,-0.000250000,0.000000000,0.000000000,0.000000000,-0.000125000,16,0.000000000,0.000000000,0.000000000,0.000000000,0.000000000,0.000000000,16,0.000093750,0.000093750,0.000093750,0.000125000,0.000125000,0.000093750,16,0.000062500,0.000062500,0.000062500,0.000062500,0.000125000,0.000062500,16,0.000132813,0.000140625,0.000125000,0.000125000,0.000125000,0.000132813,16,0.000109375,0.000093750,0.000093750,0.000125000,0.000125000,0.000109375,16,0.000132813,0.000140625,0.000125000,0.000125000,0.000125000,0.000132813,16,0.000125000,0.000125000,0.000125000,0.000125000,0.000125000,0.000125000,16
1765351181.5055187,2025-12-10 15:19:41,-0.000125000,0.000000000,0.000000000,0.000000000,0.000000000,-0.000125000,16,0.000000000,0.000000000,0.000000000,0.000000000,0.000000000,0.000000000,16,0.000109375,0.000109375,0.000125000,0.000125000,0.000125000,0.000109375,16,0.000078125,0.000078125,0.000093750,0.000062500,0.000125000,0.000078125,16,0.000140625,0.000140625,0.000125000,0.000187500,0.000125000,0.000140625,16,0.000109375,0.000109375,0.000125000,0.000125000,0.000125000,0.000109375,16,0.000140625,0.000140625,0.000125000,0.000125000,0.000125000,0.000140625,16,0.000125000,0.000125000,0.000125000,0.000125000,0.000125000,0.000125000,16
1765351192.3511124,2025-12-10 15:19:52,-0.000125000,-0.000250000,0.000000000,0.000000000,0.000000000,-0.000125000,16,0.000000000,0.000000000,0.000000000,0.000000000,0.000000000,0.000000000,16,0.000101563,0.000109375,0.000093750,0.000125000,0.000125000,0.000101563,16,0.000078125,0.000078125,0.000062500,0.000125000,0.000000000,0.000078125,16,0.000140625,0.000140625,0.000156250,0.000125000,0.000250000,0.000140625,16,0.000109375,0.000109375,0.000093750,0.000062500,0.000125000,0.000109375,16,0.000148437,0.000140625,0.000125000,0.000125000,0.000125000,0.000148437,16,0.000132813,0.000140625,0.000156250,0.000125000,0.000125000,0.000132813,16
1765351203.1996524,2025-12-10 15:20:03,-0.000125000,0.000000000,0.000000000,0.000000000,0.000000000,-0.000125000,16,0.000000000,0.000000000,0.000000000,0.000000000,0.000000000,0.000000000,16,0.000101563,0.000109375,0.000093750,0.000125000,0.000125000,0.000101563,16,0.000046875,0.000046875,0.000062500,0.000062500,0.000000000,0.000046875,16,0.000101563,0.000093750,0.000093750,0.000125000,0.000125000,0.000101563,16,0.000062500,0.000062500,0.000062500,0.000062500,0.000125000,0.000062500,16,0.000125000,0.000125000,0.000125000,0.000125000,0.000125000,0.000125000,16,0.000070313,0.000078125,0.000062500,0.000062500,0.000125000,0.000070313,16
1765351214.0473704,2025-12-10 15:20:14,-0.000125000,0.000000000,0.000000000,0.000000000,0.000000000,-0.000125000,16,0.000000000,0.000000000,0.000000000,0.000000000,0.000000000,0.000000000,16,0.000109375,0.000109375,0.000093750,0.000125000,0.000125000,0.000109375,16,0.000078125,0.000078125,0.000093750,0.000062500,0.000125000,0.000078125,16,0.000125000,0.000125000,0.000125000,0.000125000,0.000125000,0.000125000,16,0.000093750,0.000093750,0.000093750,0.000125000,0.000125000,0.000093750,16,0.000148437,0.000156250,0.000156250,0.000125000,0.000125000,0.000148437,16,0.000117187,0.000109375,0.000125000,0.000125000,0.000125000,0.000117187,16
1765351224.8946896,2025-12-10 15:20:24,-0.000125000,-0.000250000,0.000000000,0.000000000,0.000000000,-0.000125000,16,0.000000000,0.000000000,0.000000000,0.000000000,0.000000000,0.000000000,16,0.000117187,0.000109375,0.000125000,0.000125000,0.000125000,0.000117187,16,0.000070313,0.000078125,0.000093750,0.000062500,0.000125000,0.000070313,16,0.000117187,0.000125000,0.000125000,0.000125000,0.000125000,0.000117187,16,0.000093750,0.000093750,0.000093750,0.000125000,0.000125000,0.000093750,16,0.000148437,0.000140625,0.000156250,0.000125000,0.000125000,0.000148437,16,0.000125000,0.000125000,0.000125000,0.000125000,0.000125000,0.000125000,16
1765351235.7423377,2025-12-10 15:20:35,-0.000125000,-0.000250000,0.000000000,0.000000000,0.000000000,-0.000125000,16,0.000000000,0.000000000,0.000000000,0.000000000,0.000000000,0.000000000,16,0.000109375,0.000109375,0.000125000,0.000125000,0.000125000,0.000109375,16,0.000085937,0.000078125,0.000093750,0.000062500,0.000125000,0.000085937,16,0.000109375,0.000125000,0.000125000,0.000125000,0.000125000,0.000109375,16,0.000093750,0.000093750,0.000093750,0.000125000,0.000125000,0.000093750,16,0.000148437,0.000156250,0.000156250,0.000125000,0.000125000,0.000148437,16,0.000125000,0.000125000,0.000125000,0.000125000,0.000125000,0.000125000,16
1765351246.5900836,2025-12-10 15:20:46,-0.000125000,0.000000000,0.000000000,0.000000000,0.000000000,-0.000125000,16,0.000000000,0.000000000,0.000000000,0.000000000,0.000000000,0.000000000,16,0.000109375,0.000109375,0.000125000,0.000062500,0.000125000,0.000109375,16,0.000070313,0.000078125,0.000062500,0.000062500,0.000000000,0.000070313,16,0.000101563,0.000093750,0.000125000,0.000125000,0.000125000,0.000101563,16,0.000085937,0.000093750,0.000093750,0.000062500,0.000000000,0.000085937,16,0.000132813,0.000140625,0.000156250,0.000125000,0.000125000,0.000132813,16,0.000093750,0.000093750,0.000093750,0.000125000,0.000125000,0.000093750,16
1765351257.4390898,2025-12-10 15:20:57,-0.000125000,-0.000250000,0.000000000,0.000000000,0.000000000,-0.000125000,16,0.000000000,0.000000000,0.000000000,0.000000000,0.000000000,0.000000000,16,0.000117187,0.000125000,0.000125000,0.000125000,0.000125000,0.000117187,16,0.000093750,0.000078125,0.000093750,0.000062500,0.000125000,0.000093750,16,0.000132813,0.000140625,0.000125000,0.000125000,0.000250000,0.000132813,16,0.000093750,0.000093750,0.000093750,0.000125000,0.000125000,0.000093750,16,0.000148437,0.000156250,0.000156250,0.000125000,0.000125000,0.000148437,16,0.000117187,0.000125000,0.000125000,0.000125000,0.000125000,0.000117187,16
1765351268.2874076,2025-12-10 15:21:08,-0.000125000,-0.000250000,0.000000000,0.000000000,0.000000000,-0.000125000,16,0.000000000,0.000000000,0.000000000,0.000000000,0.000000000,0.000000000,16,0.000117187,0.000109375,0.000125000,0.000125000,0.000125000,0.000117187,16,0.000085937,0.000078125,0.000093750,0.000062500,0.000125000,0.000085937,16,0.000125000,0.000125000,0.000125000,0.000125000,0.000125000,0.000125000,16,0.000101563,0.000093750,0.000093750,0.000125000,0.000125000,0.000101563,16,0.000148437,0.000156250,0.000156250,0.000125000,0.000125000,0.000148437,16,0.000132813,0.000125000,0.000156250,0.000125000,0.000125000,0.000132813,16
1765351279.133093,2025-12-10 15:21:19,-0.000125000,0.000000000,0.000000000,0.000000000,0.000000000,-0.000125000,16,0.000000000,0.000000000,0.000000000,0.000000000,0.000000000,0.000000000,16,0.000109375,0.000109375,0.000093750,0.000125000,0.000125000,0.000109375,16,0.000101563,0.000093750,0.000093750,0.000125000,0.000125000,0.000101563,16,0.000093750,0.000109375,0.000093750,0.000125000,0.000125000,0.000093750,16,0.000093750,0.000093750,0.000093750,0.000062500,0.000125000,0.000093750,16,0.000140625,0.000140625,0.000156250,0.000125000,0.000125000,0.000140625,16,0.000109375,0.000109375,0.000093750,0.000125000,0.000125000,0.000109375,16
1765351289.9790187,2025-12-10 15:21:29,-0.000125000,-0.000250000,0.000000000,0.000000000,0.000000000,-0.000125000,16,0.000000000,0.000000000,0.000000000,0.000000000,0.000000000,0.000000000,16,0.000117187,0.000125000,0.000093750,0.000125000,0.000125000,0.000117187,16,0.000093750,0.000093750,0.000093750,0.000062500,0.000125000,0.000093750,16,0.000125000,0.000125000,0.000125000,0.000125000,0.000125000,0.000125000,16,0.000101563,0.000109375,0.000093750,0.000125000,0.000125000,0.000101563,16,0.000148437,0.000156250,0.000125000,0.000125000,0.000125000,0.000148437,16,0.000140625,0.000140625,0.000125000,0.000125000,0.000125000,0.000140625,16
1765351300.8255498,2025-12-10 15:21:40,-0.000125000,0.000000000,0.000000000,0.000000000,0.000000000,-0.000125000,16,0.000000000,0.000000000,0.000000000,0.000000000,0.000000000,0.000000000,16,0.000109375,0.000109375,0.000125000,0.000125000,0.000125000,0.000109375,16,0.000070313,0.000078125,0.000062500,0.000125000,0.000125000,0.000070313,16,0.000101563,0.000109375,0.000125000,0.000125000,0.000125000,0.000101563,16,0.000085937,0.000093750,0.000093750,0.000125000,0.000000000,0.000085937,16,0.000140625,0.000140625,0.000156250,0.000125000,0.000125000,0.000140625,16,0.000125000,0.000125000,0.000125000,0.000125000,0.000125000,0.000125000,16
1765351311.6706672,2025-12-10 15:21:51,-0.000125000,-0.000250000,0.000000000,0.000000000,0.000000000,-0.000125000,16,0.000000000,0.000000000,0.000000000,0.000000000,0.000000000,0.000000000,16,0.000125000,0.000109375,0.000125000,0.000125000,0.000125000,0.000125000,16,0.000062500,0.000062500,0.000062500,0.000062500,0.000000000,0.000062500,16,0.000101563,0.000109375,0.000093750,0.000125000,0.000125000,0.000101563,16,0.000085937,0.000093750,0.000093750,0.000062500,0.000125000,0.000085937,16,0.000148437,0.000156250,0.000156250,0.000125000,0.000125000,0.000148437,16,0.000140625,0.000140625,0.000125000,0.000125000,0.000125000,0.000140625,16
1765351322.5188894,2025-12-10 15:22:02,-0.000125000,0.000000000,0.000000000,0.000000000,0.000000000,-0.000125000,16,0.000000000,0.000000000,0.000000000,0.000000000,0.000000000,0.000000000,16,0.000109375,0.000109375,0.000125000,0.000125000,0.000125000,0.000109375,16,0.000070313,0.000062500,0.000062500,0.000062500,0.000000000,0.000070313,16,0.000109375,0.000109375,0.000093750,0.000125000,0.000125000,0.000109375,16,0.000085937,0.000093750,0.000093750,0.000125000,0.000125000,0.000085937,16,0.000132813,0.000140625,0.000125000,0.000125000,0.000125000,0.000132813,16,0.000117187,0.000125000,0.000125000,0.000125000,0.000125000,0.000117187,16
1765351333.3638716,2025-12-10 15:22:13,-0.000125000,0.000000000,0.000000000,0.000000000,0.000000000,-0.000125000,16,0.000000000,0.000000000,0.000000000,0.000000000,0.000000000,0.000000000,16,0.000101563,0.000109375,0.000093750,0.000125000,0.000125000,0.000101563,16,0.000070313,0.000062500,0.000062500,0.000062500,0.000125000,0.000070313,16,0.000101563,0.000109375,0.000125000,0.000125000,0.000125000,0.000101563,16,0.000085937,0.000078125,0.000093750,0.000062500,0.000125000,0.000085937,16,0.000132813,0.000140625,0.000156250,0.000125000,0.000125000,0.000132813,16,0.000117187,0.000109375,0.000125000,0.000125000,0.000125000,0.000117187,16
1765351344.2088122,2025-12-10 15:22:24,-0.000125000,0.000000000,0.000000000,0.000000000,0.000000000,-0.000125000,16,0.000000000,0.000000000,0.000000000,0.000000000,0.000000000,0.000000000,16,0.000117187,0.000109375,0.000125000,0.000125000,0.000125000,0.000117187,16,0.000078125,0.000078125,0.000093750,0.000062500,0.000125000,0.000078125,16,0.000109375,0.000109375,0.000125000,0.000125000,0.000125000,0.000109375,16,0.000093750,0.000078125,0.000093750,0.000062500,0.000125000,0.000093750,16,0.000140625,0.000140625,0.000156250,0.000125000,0.000125000,0.000140625,16,0.000125000,0.000125000,0.000125000,0.000125000,0.000125000,0.000125000,16
1765351355.0528588,2025-12-10 15:22:35,-0.000125000,0.000000000,0.000000000,0.000000000,0.000000000,-0.000125000,16,0.000000000,0.000000000,0.000000000,0.000000000,0.000000000,0.000000000,16,0.000117187,0.000125000,0.000125000,0.000125000,0.000125000,0.000117187,16,0.000085937,0.000078125,0.000093750,0.000062500,0.000000000,0.000085937,16,0.000125000,0.000125000,0.000125000,0.000125000,0.000125000,0.000125000,16,0.000093750,0.000093750,0.000093750,0.000125000,0.000125000,0.000093750,16,0.000148437,0.000140625,0.000125000,0.000125000,0.000125000,0.000148437,16,0.000132813,0.000140625,0.000125000,0.000125000,0.000125000,0.000132813,16
1765351365.8984177,2025-12-10 15:22:45,-0.000125000,0.000000000,0.000000000,0.000000000,0.000000000,-0.000125000,16,0.000000000,0.000000000,0.000000000,0.000000000,0.000000000,0.000000000,16,0.000109375,0.000125000,0.000093750,0.000125000,0.000125000,0.000109375,16,0.000078125,0.000078125,0.000093750,0.000062500,0.000125000,0.000078125,16,0.000125000,0.000125000,0.000125000,0.000125000,0.000125000,0.000125000,16,0.000093750,0.000093750,0.000093750,0.000062500,0.000125000,0.000093750,16,0.000140625,0.000140625,0.000156250,0.000125000,0.000125000,0.000140625,16,0.000140625,0.000125000,0.000125000,0.000125000,0.000125000,0.000140625,16
1765351376.7430243,2025-12-10 15:22:56,-0.000125000,-0.000250000,0.000000000,0.000000000,0.000000000,-0.000125000,16,0.000000000,0.000000000,0.000000000,0.000000000,0.000000000,0.000000000,16,0.000101563,0.000109375,0.000125000,0.000125000,0.000125000,0.000101563,16,0.000078125,0.000078125,0.000093750,0.000062500,0.000125000,0.000078125,16,0.000132813,0.000140625,0.000125000,0.000125000,0.000125000,0.000132813,16,0.000093750,0.000093750,0.000093750,0.000125000,0.000125000,0.000093750,16,0.000140625,0.000140625,0.000125000,0.000125000,0.000125000,0.000140625,16,0.000148437,0.000140625,0.000125000,0.000125000,0.000125000,0.000148437,16
1765351387.589118,2025-12-10 15:23:07,-0.000125000,0.000000000,0.000000000,0.000000000,0.000000000,-0.000125000,16,0.000000000,0.000000000,0.000000000,0.000000000,0.000000000,0.000000000,16,0.000101563,0.000093750,0.000093750,0.000062500,0.000125000,0.000101563,16,0.000078125,0.000078125,0.000062500,0.000062500,0.000000000,0.000078125,16,0.000125000,0.000125000,0.000156250,0.000125000,0.000125000,0.000125000,16,0.000093750,0.000093750,0.000093750,0.000125000,0.000125000,0.000093750,16,0.000132813,0.000125000,0.000156250,0.000125000,0.000125000,0.000132813,16,0.000140625,0.000140625,0.000125000,0.000125000,0.000125000,0.000140625,16
1765351398.4350572,2025-12-10 15:23:18,-0.000125000,0.000000000,0.000000000,0.000000000,0.000000000,-0.000125000,16,0.000000000,0.000000000,0.000000000,0.000000000,0.000000000,0.000000000,16,0.000085937,0.000093750,0.000093750,0.000125000,0.000125000,0.000085937,16,0.000070313,0.000062500,0.000062500,0.000062500,0.000125000,0.000070313,16,0.000125000,0.000125000,0.000125000,0.000125000,0.000125000,0.000125000,16,0.000093750,0.000093750,0.000093750,0.000125000,0.000125000,0.000093750,16,0.000132813,0.000125000,0.000125000,0.000125000,0.000125000,0.000132813,16,0.000132813,0.000125000,0.000125000,0.000125000,0.000125000,0.000132813,16
1765351409.278688,2025-12-10 15:23:29,-0.000125000,0.000000000,0.000000000,0.000000000,0.000000000,-0.000125000,16,0.000000000,0.000000000,0.000000000,0.000000000,0.000000000,0.000000000,16,0.000101563,0.000093750,0.000093750,0.000062500,0.000125000,0.000101563,16,0.000054688,0.000062500,0.000062500,0.000062500,0.000125000,0.000054688,16,0.000093750,0.000093750,0.000093750,0.000125000,0.000125000,0.000093750,16,0.000070313,0.000062500,0.000093750,0.000062500,0.000000000,0.000070313,16,0.000132813,0.000125000,0.000125000,0.000125000,0.000125000,0.000132813,16,0.000125000,0.000125000,0.000125000,0.000125000,0.000125000,0.000125000,16
1765351420.1268547,2025-12-10 15:23:40,-0.000125000,0.000000000,0.000000000,0.000000000,0.000000000,-0.000125000,16,0.000000000,0.000000000,0.000000000,0.000000000,0.000000000,0.000000000,16,0.000109375,0.000109375,0.000093750,0.000125000,0.000125000,0.000109375,16,0.000070313,0.000078125,0.000062500,0.000062500,0.000125000,0.000070313,16,0.000109375,0.000109375,0.000093750,0.000125000,0.000125000,0.000109375,16,0.000078125,0.000078125,0.000062500,0.000062500,0.000125000,0.000078125,16,0.000140625,0.000140625,0.000125000,0.000125000,0.000125000,0.000140625,16,0.000140625,0.000140625,0.000156250,0.000125000,0.000125000,0.000140625,16
1765351430.9745436,2025-12-10 15:23:50,-0.000125000,0.000000000,0.000000000,0.000000000,0.000000000,-0.000125000,16,0.000000000,0.000000000,0.000000000,0.000000000,0.000000000,0.000000000,16,0.000109375,0.000109375,0.000093750,0.000125000,0.000125000,0.000109375,16,0.000085937,0.000078125,0.000093750,0.000062500,0.000125000,0.000085937,16,0.000132813,0.000140625,0.000125000,0.000125000,0.000125000,0.000132813,16,0.000101563,0.000109375,0.000093750,0.000125000,0.000125000,0.000101563,16,0.000140625,0.000140625,0.000156250,0.000125000,0.000125000,0.000140625,16,0.000148437,0.000156250,0.000156250,0.000125000,0.000125000,0.000148437,16
1765351441.8219244,2025-12-10 15:24:01,-0.000125000,0.000000000,0.000000000,0.000000000,0.000000000,-0.000125000,16,0.000000000,0.000000000,0.000000000,0.000000000,0.000000000,0.000000000,16,0.000117187,0.000109375,0.000093750,0.000125000,0.000125000,0.000117187,16,0.000078125,0.000078125,0.000093750,0.000125000,0.000125000,0.000078125,16,0.000125000,0.000125000,0.000125000,0.000125000,0.000125000,0.000125000,16,0.000093750,0.000093750,0.000093750,0.000125000,0.000125000,0.000093750,16,0.000140625,0.000140625,0.000125000,0.000125000,0.000125000,0.000140625,16,0.000140625,0.000140625,0.000156250,0.000187500,0.000125000,0.000140625,16
1765351452.6697104,2025-12-10 15:24:12,-0.000125000,0.000000000,0.000000000,0.000000000,0.000000000,-0.000125000,16,0.000000000,0.000000000,0.000000000,0.000000000,0.000000000,0.000000000,16,0.000093750,0.000093750,0.000093750,0.000125000,0.000125000,0.000093750,16,0.000070313,0.000062500,0.000062500,0.000062500,0.000125000,0.000070313,16,0.000125000,0.000125000,0.000125000,0.000125000,0.000125000,0.000125000,16,0.000085937,0.000093750,0.000093750,0.000062500,0.000000000,0.000085937,16,0.000125000,0.000125000,0.000125000,0.000125000,0.000125000,0.000125000,16,0.000132813,0.000125000,0.000125000,0.000125000,0.000125000,0.000132813,16
1765351463.5160823,2025-12-10 15:24:23,-0.000125000,0.000000000,0.000000000,0.000000000,0.000000000,-0.000125000,16,0.000000000,0.000000000,0.000000000,0.000000000,0.000000000,0.000000000,16,0.000085937,0.000078125,0.000093750,0.000125000,0.000125000,0.000085937,16,0.000054688,0.000046875,0.000062500,0.000062500,0.000000000,0.000054688,16,0.000101563,0.000109375,0.000093750,0.000125000,0.000000000,0.000101563,16,0.000070313,0.000062500,0.000062500,0.000062500,0.000000000,0.000070313,16,0.000117187,0.000125000,0.000125000,0.000125000,0.000125000,0.000117187,16,0.000125000,0.000140625,0.000125000,0.000125000,0.000125000,0.000125000,16
1765351474.3636878,2025-12-10 15:24:34,-0.000125000,0.000000000,0.000000000,0.000000000,0.000000000,-0.000125000,16,0.000000000,0.000000000,0.000000000,0.000000000,0.000000000,0.000000000,16,0.000085937,0.000093750,0.000093750,0.000062500,0.000000000,0.000085937,16,0.000039063,0.000046875,0.000031250,0.000000000,0.000125000,0.000039063,16,0.000093750,0.000093750,0.000093750,0.000125000,0.000125000,0.000093750,16,0.000070313,0.000062500,0.000093750,0.000062500,0.000125000,0.000070313,16,0.000125000,0.000125000,0.000125000,0.000125000,0.000125000,0.000125000,16,0.000132813,0.000125000,0.000125000,0.000125000,0.000125000,0.000132813,16
1765351485.2111208,2025-12-10 15:24:45,-0.000125000,0.000000000,0.000000000,0.000000000,0.000000000,-0.000125000,16,0.000000000,0.000000000,0.000000000,0.000000000,0.000000000,0.000000000,16,0.000109375,0.000109375,0.000093750,0.000125000,0.000125000,0.000109375,16,0.000070313,0.000078125,0.000062500,0.000062500,0.000125000,0.000070313,16,0.000125000,0.000125000,0.000125000,0.000125000,0.000125000,0.000125000,16,0.000093750,0.000093750,0.000093750,0.000125000,0.000125000,0.000093750,16,0.000125000,0.000125000,0.000125000,0.000125000,0.000125000,0.000125000,16,0.000140625,0.000140625,0.000156250,0.000125000,0.000125000,0.000140625,16
1765351496.0558167,2025-12-10 15:24:56,-0.000125000,0.000000000,0.000000000,0.000000000,0.000000000,-0.000125000,16,0.000000000,0.000000000,0.000000000,0.000000000,0.000000000,0.000000000,16,0.000093750,0.000093750,0.000093750,0.000125000,0.000125000,0.000093750,16,0.000062500,0.000062500,0.000062500,0.000062500,0.000000000,0.000062500,16,0.000117187,0.000125000,0.000125000,0.000125000,0.000125000,0.000117187,16,0.000085937,0.000078125,0.000093750,0.000062500,0.000125000,0.000085937,16,0.000109375,0.000125000,0.000125000,0.000125000,0.000125000,0.000109375,16,0.000132813,0.000140625,0.000125000,0.000125000,0.000125000,0.000132813,16
1765351506.9033818,2025-12-10 15:25:06,-0.000125000,0.000000000,0.000000000,0.000000000,0.000000000,-0.000125000,16,0.000000000,0.000000000,0.000000000,0.000000000,0.000000000,0.000000000,16,0.000070313,0.000078125,0.000062500,0.000062500,0.000000000,0.000070313,16,0.000054688,0.000046875,0.000062500,0.000062500,0.000000000,0.000054688,16,0.000109375,0.000125000,0.000125000,0.000125000,0.000125000,0.000109375,16,0.000078125,0.000078125,0.000093750,0.000062500,0.000000000,0.000078125,16,0.000101563,0.000109375,0.000093750,0.000125000,0.000125000,0.000101563,16,0.000125000,0.000125000,0.000125000,0.000125000,0.000125000,0.000125000,16
1765351517.7503116,2025-12-10 15:25:17,-0.000125000,0.000000000,0.000000000,0.000000000,0.000000000,-0.000125000,16,0.000000000,0.000000000,0.000000000,0.000000000,0.000000000,0.000000000,16,0.000078125,0.000078125,0.000093750,0.000062500,0.000125000,0.000078125,16,0.000046875,0.000046875,0.000031250,0.000062500,0.000000000,0.000046875,16,0.000109375,0.000109375,0.000125000,0.000125000,0.000125000,0.000109375,16,0.000070313,0.000078125,0.000062500,0.000062500,0.000125000,0.000070313,16,0.000117187,0.000109375,0.000093750,0.000125000,0.000125000,0.000117187,16,0.000125000,0.000109375,0.000125000,0.000125000,0.000125000,0.000125000,16
1765351528.596194,2025-12-10 15:25:28,-0.000125000,0.000000000,0.000000000,0.000000000,0.000000000,-0.000125000,16,0.000000000,0.000000000,0.000000000,0.000000000,0.000000000,0.000000000,16,0.000085937,0.000093750,0.000062500,0.000062500,0.000125000,0.000085937,16,0.000062500,0.000062500,0.000062500,0.000062500,0.000125000,0.000062500,16,0.000125000,0.000125000,0.000125000,0.000125000,0.000125000,0.000125000,16,0.000085937,0.000078125,0.000062500,0.000062500,0.000125000,0.000085937,16,0.000125000,0.000125000,0.000125000,0.000125000,0.000125000,0.000125000,16,0.000125000,0.000125000,0.000125000,0.000125000,0.000125000,0.000125000,16
1765351539.440427,2025-12-10 15:25:39,-0.000125000,0.000000000,0.000000000,0.000000000,0.000000000,-0.000125000,16,0.000000000,0.000000000,0.000000000,0.000000000,0.000000000,0.000000000,16,0.000085937,0.000093750,0.000093750,0.000062500,0.000125000,0.000085937,16,0.000062500,0.000062500,0.000062500,0.000062500,0.000000000,0.000062500,16,0.000125000,0.000125000,0.000125000,0.000125000,0.000125000,0.000125000,16,0.000085937,0.000078125,0.000093750,0.000062500,0.000000000,0.000085937,16,0.000117187,0.000109375,0.000125000,0.000125000,0.000125000,0.000117187,16,0.000125000,0.000125000,0.000125000,0.000125000,0.000125000,0.000125000,16
1765351550.2833986,2025-12-10 15:25:50,-0.000125000,0.000000000,0.000000000,0.000000000,0.000000000,-0.000125000,16,0.000000000,0.000000000,0.000000000,0.000000000,0.000000000,0.000000000,16,0.000093750,0.000093750,0.000093750,0.000125000,0.000125000,0.000093750,16,0.000062500,0.000062500,0.000062500,0.000062500,0.000125000,0.000062500,16,0.000125000,0.000125000,0.000125000,0.000125000,0.000125000,0.000125000,16,0.000085937,0.000078125,0.000093750,0.000062500,0.000125000,0.000085937,16,0.000125000,0.000125000,0.000125000,0.000125000,0.000125000,0.000125000,16,0.000125000,0.000125000,0.000125000,0.000125000,0.000125000,0.000125000,16
1765351561.131328,2025-12-10 15:26:01,-0.000125000,-0.000250000,0.000000000,0.000000000,0.000000000,-0.000125000,16,0.000000000,0.000000000,0.000000000,0.000000000,0.000000000,0.000000000,16,0.000093750,0.000078125,0.000093750,0.000125000,0.000125000,0.000093750,16,0.000070313,0.000062500,0.000062500,0.000062500,0.000125000,0.000070313,16,0.000117187,0.000109375,0.000093750,0.000125000,0.000125000,0.000117187,16,0.000085937,0.000078125,0.000062500,0.000125000,0.000125000,0.000085937,16,0.000125000,0.000125000,0.000125000,0.000125000,0.000125000,0.000125000,16,0.000132813,0.000125000,0.000125000,0.000125000,0.000125000,0.000132813,16
1765351571.9739733,2025-12-10 15:26:11,-0.000125000,0.000000000,0.000000000,0.000000000,0.000000000,-0.000125000,16,0.000000000,0.000000000,0.000000000,0.000000000,0.000000000,0.000000000,16,0.000085937,0.000093750,0.000093750,0.000062500,0.000000000,0.000085937,16,0.000054688,0.000062500,0.000062500,0.000062500,0.000000000,0.000054688,16,0.000132813,0.000125000,0.000125000,0.000125000,0.000125000,0.000132813,16,0.000093750,0.000093750,0.000093750,0.000062500,0.000000000,0.000093750,16,0.000117187,0.000125000,0.000125000,0.000125000,0.000125000,0.000117187,16,0.000117187,0.000109375,0.000093750,0.000125000,0.000125000,0.000117187,16
1765351582.8183665,2025-12-10 15:26:22,-0.000125000,-0.000250000,0.000000000,0.000000000,0.000000000,-0.000125000,16,0.000000000,0.000000000,0.000000000,0.000000000,0.000000000,0.000000000,16,0.000093750,0.000093750,0.000093750,0.000062500,0.000125000,0.000093750,16,0.000054688,0.000062500,0.000062500,0.000062500,0.000125000,0.000054688,16,0.000117187,0.000125000,0.000125000,0.000125000,0.000125000,0.000117187,16,0.000085937,0.000093750,0.000093750,0.000125000,0.000125000,0.000085937,16,0.000125000,0.000125000,0.000125000,0.000125000,0.000125000,0.000125000,16,0.000109375,0.000109375,0.000093750,0.000125000,0.000125000,0.000109375,16
1765351593.6628559,2025-12-10 15:26:33,-0.000125000,0.000000000,0.000000000,0.000000000,0.000000000,-0.000125000,16,0.000000000,0.000000000,0.000000000,0.000000000,0.000000000,0.000000000,16,0.000101563,0.000093750,0.000093750,0.000125000,0.000125000,0.000101563,16,0.000078125,0.000078125,0.000062500,0.000062500,0.000000000,0.000078125,16,0.000132813,0.000125000,0.000125000,0.000125000,0.000125000,0.000132813,16,0.000093750,0.000093750,0.000093750,0.000125000,0.000125000,0.000093750,16,0.000132813,0.000125000,0.000125000,0.000125000,0.000125000,0.000132813,16,0.000140625,0.000140625,0.000156250,0.000125000,0.000125000,0.000140625,16
1765351604.5108814,2025-12-10 15:26:44,0.000000000,0.000000000,0.000000000,0.000000000,0.000000000,0.000000000,16,0.000000000,0.000000000,0.000000000,0.000000000,0.000000000,0.000000000,16,0.000085937,0.000093750,0.000093750,0.000125000,0.000125000,0.000085937,16,0.000046875,0.000062500,0.000062500,0.000062500,0.000125000,0.000046875,16,0.000117187,0.000109375,0.000125000,0.000125000,0.000125000,0.000117187,16,0.000078125,0.000078125,0.000062500,0.000062500,0.000125000,0.000078125,16,0.000125000,0.000125000,0.000125000,0.000125000,0.000125000,0.000125000,16,0.000109375,0.000109375,0.000125000,0.000125000,0.000125000,0.000109375,16
1765351615.3582976,2025-12-10 15:26:55,-0.000125000,0.000000000,0.000000000,0.000000000,0.000000000,-0.000125000,16,0.000000000,0.000000000,0.000000000,0.000000000,0.000000000,0.000000000,16,0.000085937,0.000078125,0.000093750,0.000062500,0.000125000,0.000085937,16,0.000039063,0.000046875,0.000031250,0.000062500,0.000000000,0.000039063,16,0.000101563,0.000109375,0.000093750,0.000125000,0.000125000,0.000101563,16,0.000054688,0.000062500,0.000062500,0.000062500,0.000000000,0.000054688,16,0.000101563,0.000109375,0.000093750,0.000125000,0.000125000,0.000101563,16,0.000078125,0.000078125,0.000093750,0.000125000,0.000000000,0.000078125,16
1765351626.207571,2025-12-10 15:27:06,-0.000125000,0.000000000,0.000000000,0.000000000,0.000000000,-0.000125000,16,0.000000000,0.000000000,0.000000000,0.000000000,0.000000000,0.000000000,16,0.000093750,0.000093750,0.000093750,0.000125000,0.000125000,0.000093750,16,0.000062500,0.000046875,0.000062500,0.000062500,0.000125000,0.000062500,16,0.000117187,0.000125000,0.000125000,0.000125000,0.000125000,0.000117187,16,0.000085937,0.000093750,0.000093750,0.000125000,0.000125000,0.000085937,16,0.000125000,0.000125000,0.000125000,0.000125000,0.000125000,0.000125000,16,0.000101563,0.000109375,0.000093750,0.000125000,0.000125000,0.000101563,16
1765351637.053379,2025-12-10 15:27:17,-0.000125000,-0.000250000,0.000000000,0.000000000,0.000000000,-0.000125000,16,0.000000000,0.000000000,0.000000000,0.000000000,0.000000000,0.000000000,16,0.000101563,0.000109375,0.000093750,0.000125000,0.000125000,0.000101563,16,0.000070313,0.000078125,0.000062500,0.000062500,0.000125000,0.000070313,16,0.000132813,0.000140625,0.000125000,0.000125000,0.000125000,0.000132813,16,0.000093750,0.000093750,0.000093750,0.000062500,0.000125000,0.000093750,16,0.000132813,0.000125000,0.000125000,0.000125000,0.000125000,0.000132813,16,0.000125000,0.000125000,0.000125000,0.000125000,0.000125000,0.000125000,16
1765351647.903466,2025-12-10 15:27:27,-0.000125000,0.000000000,0.000000000,0.000000000,0.000000000,-0.000125000,16,0.000000000,0.000000000,0.000000000,0.000000000,0.000000000,0.000000000,16,0.000093750,0.000093750,0.000093750,0.000125000,0.000000000,0.000093750,16,0.000062500,0.000062500,0.000062500,0.000062500,0.000125000,0.000062500,16,0.000125000,0.000125000,0.000125000,0.000125000,0.000125000,0.000125000,16,0.000085937,0.000093750,0.000093750,0.000062500,0.000125000,0.000085937,16,0.000125000,0.000125000,0.000125000,0.000125000,0.000125000,0.000125000,16,0.000117187,0.000125000,0.000125000,0.000125000,0.000125000,0.000117187,16
1765351658.7500958,2025-12-10 15:27:38,-0.000125000,0.000000000,0.000000000,0.000000000,0.000000000,-0.000125000,16,0.000000000,0.000000000,0.000000000,0.000000000,0.000000000,0.000000000,16,0.000093750,0.000093750,0.000093750,0.000125000,0.000125000,0.000093750,16,0.000070313,0.000062500,0.000062500,0.000062500,0.000000000,0.000070313,16,0.000132813,0.000125000,0.000125000,0.000125000,0.000125000,0.000132813,16,0.000085937,0.000093750,0.000093750,0.000062500,0.000125000,0.000085937,16,0.000132813,0.000125000,0.000125000,0.000125000,0.000125000,0.000132813,16,0.000132813,0.000140625,0.000125000,0.000125000,0.000125000,0.000132813,16
1765351669.5969229,2025-12-10 15:27:49,-0.000125000,0.000000000,0.000000000,0.000000000,0.000000000,-0.000125000,16,0.000000000,0.000000000,0.000000000,0.000000000,0.000000000,0.000000000,16,0.000101563,0.000109375,0.000093750,0.000125000,0.000125000,0.000101563,16,0.000078125,0.000078125,0.000093750,0.000062500,0.000000000,0.000078125,16,0.000132813,0.000140625,0.000125000,0.000125000,0.000125000,0.000132813,16,0.000093750,0.000093750,0.000093750,0.000062500,0.000125000,0.000093750,16,0.000132813,0.000125000,0.000125000,0.000125000,0.000125000,0.000132813,16,0.000117187,0.000125000,0.000125000,0.000125000,0.000125000,0.000117187,16
1765351680.4455044,2025-12-10 15:28:00,-0.000125000,0.000000000,0.000000000,0.000000000,0.000000000,-0.000125000,16,0.000000000,0.000000000,0.000000000,0.000000000,0.000000000,0.000000000,16,0.000093750,0.000093750,0.000093750,0.000125000,0.000125000,0.000093750,16,0.000070313,0.000062500,0.000062500,0.000062500,0.000000000,0.000070313,16,0.000125000,0.000125000,0.000156250,0.000125000,0.000125000,0.000125000,16,0.000093750,0.000093750,0.000093750,0.000062500,0.000125000,0.000093750,16,0.000125000,0.000125000,0.000125000,0.000125000,0.000125000,0.000125000,16,0.000117187,0.000125000,0.000125000,0.000125000,0.000125000,0.000117187,16
1765351691.2905169,2025-12-10 15:28:11,-0.000125000,-0.000250000,0.000000000,0.000000000,0.000000000,-0.000125000,16,0.000000000,0.000000000,0.000000000,0.000000000,0.000000000,0.000000000,16,0.000085937,0.000078125,0.000093750,0.000062500,0.000125000,0.000085937,16,0.000062500,0.000078125,0.000062500,0.000062500,0.000000000,0.000062500,16,0.000132813,0.000125000,0.000125000,0.000125000,0.000125000,0.000132813,16,0.000085937,0.000093750,0.000093750,0.000125000,0.000125000,0.000085937,16,0.000117187,0.000125000,0.000125000,0.000125000,0.000125000,0.000117187,16,0.000125000,0.000125000,0.000125000,0.000125000,0.000125000,0.000125000,16
1765351702.1366966,2025-12-10 15:28:22,-0.000125000,-0.000250000,0.000000000,0.000000000,0.000000000,-0.000125000,16,0.000000000,0.000000000,0.000000000,0.000000000,0.000000000,0.000000000,16,0.000085937,0.000093750,0.000093750,0.000062500,0.000000000,0.000085937,16,0.000062500,0.000062500,0.000062500,0.000062500,0.000000000,0.000062500,16,0.000125000,0.000125000,0.000125000,0.000125000,0.000125000,0.000125000,16,0.000085937,0.000093750,0.000062500,0.000125000,0.000000000,0.000085937,16,0.000117187,0.000125000,0.000125000,0.000125000,0.000125000,0.000117187,16,0.000132813,0.000125000,0.000125000,0.000125000,0.000125000,0.000132813,16
1765351712.981393,2025-12-10 15:28:32,-0.000125000,0.000000000,0.000000000,0.000000000,0.000000000,-0.000125000,16,0.000000000,0.000000000,0.000000000,0.000000000,0.000000000,0.000000000,16,0.000078125,0.000078125,0.000062500,0.000125000,0.000125000,0.000078125,16,0.000046875,0.000046875,0.000062500,0.000062500,0.000000000,0.000046875,16,0.000117187,0.000125000,0.000125000,0.000125000,0.000125000,0.000117187,16,0.000078125,0.000078125,0.000093750,0.000062500,0.000125000,0.000078125,16,0.000125000,0.000125000,0.000093750,0.000125000,0.000125000,0.000125000,16,0.000125000,0.000125000,0.000125000,0.000125000,0.000125000,0.000125000,16
1765351723.8239038,2025-12-10 15:28:43,-0.000125000,0.000000000,0.000000000,0.000000000,0.000000000,-0.000125000,16,0.000000000,0.000000000,0.000000000,0.000000000,0.000000000,0.000000000,16,0.000078125,0.000078125,0.000062500,0.000062500,0.000125000,0.000078125,16,0.000054688,0.000046875,0.000062500,0.000062500,0.000000000,0.000054688,16,0.000125000,0.000125000,0.000125000,0.000125000,0.000125000,0.000125000,16,0.000085937,0.000078125,0.000093750,0.000062500,0.000125000,0.000085937,16,0.000117187,0.000125000,0.000125000,0.000125000,0.000125000,0.000117187,16,0.000101563,0.000109375,0.000093750,0.000125000,0.000125000,0.000101563,16
1765351734.6695206,2025-12-10 15:28:54,-0.000125000,0.000000000,0.000000000,0.000000000,0.000000000,-0.000125000,16,0.000000000,0.000000000,0.000000000,0.000000000,0.000000000,0.000000000,16,0.000085937,0.000093750,0.000093750,0.000062500,0.000125000,0.000085937,16,0.000054688,0.000062500,0.000062500,0.000062500,0.000125000,0.000054688,16,0.000125000,0.000125000,0.000125000,0.000125000,0.000125000,0.000125000,16,0.000093750,0.000093750,0.000093750,0.000125000,0.000125000,0.000093750,16,0.000125000,0.000125000,0.000125000,0.000125000,0.000125000,0.000125000,16,0.000125000,0.000125000,0.000125000,0.000125000,0.000125000,0.000125000,16
1765351745.5152228,2025-12-10 15:29:05,-0.000125000,0.000000000,0.000000000,0.000000000,0.000000000,-0.000125000,16,0.000000000,0.000000000,0.000000000,0.000000000,0.000000000,0.000000000,16,0.000085937,0.000078125,0.000093750,0.000062500,0.000125000,0.000085937,16,0.000054688,0.000046875,0.000062500,0.000062500,0.000125000,0.000054688,16,0.000125000,0.000109375,0.000125000,0.000125000,0.000125000,0.000125000,16,0.000085937,0.000078125,0.000093750,0.000062500,0.000125000,0.000085937,16,0.000125000,0.000125000,0.000125000,0.000125000,0.000125000,0.000125000,16,0.000125000,0.000125000,0.000125000,0.000125000,0.000125000,0.000125000,16
1765351756.3595026,2025-12-10 15:29:16,-0.000125000,0.000000000,0.000000000,0.000000000,0.000000000,-0.000125000,16,0.000000000,0.000000000,0.000000000,0.000000000,0.000000000,0.000000000,16,0.000085937,0.000078125,0.000093750,0.000062500,0.000125000,0.000085937,16,0.000062500,0.000062500,0.000062500,0.000062500,0.000125000,0.000062500,16,0.000117187,0.000109375,0.000125000,0.000125000,0.000125000,0.000117187,16,0.000078125,0.000078125,0.000093750,0.000062500,0.000125000,0.000078125,16,0.000125000,0.000125000,0.000125000,0.000125000,0.000125000,0.000125000,16,0.000125000,0.000125000,0.000125000,0.000125000,0.000125000,0.000125000,16
1765351767.206888,2025-12-10 15:29:27,-0.000125000,0.000000000,0.000000000,0.000000000,0.000000000,-0.000125000,16,0.000000000,0.000000000,0.000000000,0.000000000,0.000000000,0.000000000,16,0.000101563,0.000093750,0.000093750,0.000125000,0.000125000,0.000101563,16,0.000070313,0.000062500,0.000062500,0.000062500,0.000125000,0.000070313,16,0.000117187,0.000109375,0.000093750,0.000125000,0.000125000,0.000117187,16,0.000078125,0.000078125,0.000062500,0.000062500,0.000125000,0.000078125,16,0.000132813,0.000125000,0.000125000,0.000125000,0.000125000,0.000132813,16,0.000117187,0.000125000,0.000125000,0.000125000,0.000125000,0.000117187,16
1765351778.050922,2025-12-10 15:29:38,-0.000125000,0.000000000,0.000000000,0.000000000,0.000000000,-0.000125000,16,0.000000000,0.000000000,0.000000000,0.000000000,0.000000000,0.000000000,16,0.000109375,0.000109375,0.000093750,0.000125000,0.000125000,0.000109375,16,0.000078125,0.000078125,0.000093750,0.000062500,0.000125000,0.000078125,16,0.000132813,0.000140625,0.000156250,0.000125000,0.000125000,0.000132813,16,0.000093750,0.000093750,0.000093750,0.000125000,0.000125000,0.000093750,16,0.000140625,0.000140625,0.000125000,0.000125000,0.000125000,0.000140625,16,0.000125000,0.000125000,0.000125000,0.000125000,0.000125000,0.000125000,16
1765351788.8953009,2025-12-10 15:29:48,-0.000125000,0.000000000,0.000000000,0.000000000,0.000000000,-0.000125000,16,0.000000000,0.000000000,0.000000000,0.000000000,0.000000000,0.000000000,16,0.000093750,0.000093750,0.000093750,0.000125000,0.000125000,0.000093750,16,0.000070313,0.000062500,0.000062500,0.000062500,0.000125000,0.000070313,16,0.000109375,0.000109375,0.000093750,0.000125000,0.000125000,0.000109375,16,0.000085937,0.000078125,0.000093750,0.000062500,0.000125000,0.000085937,16,0.000140625,0.000140625,0.000156250,0.000125000,0.000125000,0.000140625,16,0.000125000,0.000125000,0.000125000,0.000125000,0.000125000,0.000125000,16
1765351799.7406356,2025-12-10 15:29:59,-0.000125000,0.000000000,0.000000000,0.000000000,0.000000000,-0.000125000,16,0.000000000,0.000000000,0.000000000,0.000000000,0.000000000,0.000000000,16,0.000109375,0.000109375,0.000093750,0.000125000,0.000125000,0.000109375,16,0.000078125,0.000078125,0.000093750,0.000062500,0.000125000,0.000078125,16,0.000125000,0.000125000,0.000125000,0.000125000,0.000125000,0.000125000,16,0.000101563,0.000093750,0.000093750,0.000125000,0.000125000,0.000101563,16,0.000140625,0.000140625,0.000125000,0.000125000,0.000125000,0.000140625,16,0.000125000,0.000125000,0.000125000,0.000125000,0.000125000,0.000125000,16
1765351810.5861704,2025-12-10 15:30:10,-0.000125000,-0.000250000,0.000000000,0.000000000,0.000000000,-0.000125000,16,0.000000000,0.000000000,0.000000000,0.000000000,0.000000000,0.000000000,16,0.000117187,0.000109375,0.000125000,0.000125000,0.000125000,0.000117187,16,0.000078125,0.000078125,0.000062500,0.000062500,0.000125000,0.000078125,16,0.000132813,0.000125000,0.000125000,0.000125000,0.000125000,0.000132813,16,0.000093750,0.000093750,0.000093750,0.000062500,0.000125000,0.000093750,16,0.000140625,0.000140625,0.000125000,0.000125000,0.000125000,0.000140625,16,0.000117187,0.000125000,0.000125000,0.000125000,0.000125000,0.000117187,16
1765351821.4328306,2025-12-10 15:30:21,-0.000125000,0.000000000,0.000000000,0.000000000,0.000000000,-0.000125000,16,0.000000000,0.000000000,0.000000000,0.000000000,0.000000000,0.000000000,16,0.000125000,0.000109375,0.000093750,0.000125000,0.000125000,0.000125000,16,0.000070313,0.000078125,0.000062500,0.000062500,0.000000000,0.000070313,16,0.000132813,0.000140625,0.000125000,0.000125000,0.000125000,0.000132813,16,0.000085937,0.000093750,0.000093750,0.000062500,0.000125000,0.000085937,16,0.000140625,0.000140625,0.000156250,0.000125000,0.000125000,0.000140625,16,0.000109375,0.000109375,0.000093750,0.000125000,0.000125000,0.000109375,16
1765351832.2785132,2025-12-10 15:30:32,-0.000125000,0.000000000,0.000000000,0.000000000,0.000000000,-0.000125000,16,0.000000000,0.000000000,0.000000000,0.000000000,0.000000000,0.000000000,16,0.000125000,0.000125000,0.000125000,0.000125000,0.000125000,0.000125000,16,0.000078125,0.000078125,0.000093750,0.000062500,0.000125000,0.000078125,16,0.000132813,0.000140625,0.000125000,0.000125000,0.000125000,0.000132813,16,0.000093750,0.000093750,0.000093750,0.000062500,0.000125000,0.000093750,16,0.000156250,0.000156250,0.000156250,0.000125000,0.000125000,0.000156250,16,0.000125000,0.000125000,0.000125000,0.000125000,0.000125000,0.000125000,16
1765351843.1243725,2025-12-10 15:30:43,-0.000125000,0.000000000,0.000000000,0.000000000,0.000000000,-0.000125000,16,0.000000000,0.000000000,0.000000000,0.000000000,0.000000000,0.000000000,16,0.000109375,0.000109375,0.000125000,0.000125000,0.000125000,0.000109375,16,0.000062500,0.000062500,0.000062500,0.000062500,0.000000000,0.000062500,16,0.000125000,0.000125000,0.000125000,0.000125000,0.000125000,0.000125000,16,0.000093750,0.000093750,0.000093750,0.000062500,0.000125000,0.000093750,16,0.000140625,0.000125000,0.000125000,0.000125000,0.000125000,0.000140625,16,0.000101563,0.000109375,0.000093750,0.000125000,0.000125000,0.000101563,16
1765351853.9707675,2025-12-10 15:30:53,-0.000125000,-0.000250000,0.000000000,0.000000000,0.000000000,-0.000125000,16,0.000000000,0.000000000,0.000000000,0.000000000,0.000000000,0.000000000,16,0.000117187,0.000109375,0.000093750,0.000125000,0.000125000,0.000117187,16,0.000078125,0.000078125,0.000062500,0.000062500,0.000125000,0.000078125,16,0.000132813,0.000125000,0.000125000,0.000125000,0.000125000,0.000132813,16,0.000085937,0.000078125,0.000093750,0.000125000,0.000125000,0.000085937,16,0.000132813,0.000140625,0.000156250,0.000125000,0.000125000,0.000132813,16,0.000125000,0.000125000,0.000125000,0.000125000,0.000125000,0.000125000,16
1765351864.8183124,2025-12-10 15:31:04,-0.000125000,-0.000250000,0.000000000,0.000000000,0.000000000,-0.000125000,16,0.000000000,0.000000000,0.000000000,0.000000000,0.000000000,0.000000000,16,0.000109375,0.000125000,0.000093750,0.000125000,0.000125000,0.000109375,16,0.000078125,0.000078125,0.000093750,0.000125000,0.000125000,0.000078125,16,0.000132813,0.000125000,0.000125000,0.000125000,0.000125000,0.000132813,16,0.000093750,0.000093750,0.000093750,0.000125000,0.000125000,0.000093750,16,0.000140625,0.000140625,0.000156250,0.000125000,0.000125000,0.000140625,16,0.000125000,0.000125000,0.000125000,0.000125000,0.000125000,0.000125000,16
1765351875.6665199,2025-12-10 15:31:15,-0.000125000,0.000000000,0.000000000,0.000000000,0.000000000,-0.000125000,16,0.000000000,0.000000000,0.000000000,0.000000000,0.000000000,0.000000000,16,0.000101563,0.000109375,0.000125000,0.000125000,0.000000000,0.000101563,16,0.000062500,0.000062500,0.000062500,0.000062500,0.000125000,0.000062500,16,0.000093750,0.000093750,0.000093750,0.000062500,0.000000000,0.000093750,16,0.000078125,0.000078125,0.000062500,0.000062500,0.000125000,0.000078125,16,0.000140625,0.000140625,0.000125000,0.000125000,0.000125000,0.000140625,16,0.000101563,0.000109375,0.000125000,0.000125000,0.000125000,0.000101563,16
1765351886.5132337,2025-12-10 15:31:26,-0.000125000,0.000000000,0.000000000,0.000000000,0.000000000,-0.000125000,16,0.000000000,0.000000000,0.000000000,0.000000000,0.000000000,0.000000000,16,0.000117187,0.000109375,0.000093750,0.000125000,0.000125000,0.000117187,16,0.000070313,0.000078125,0.000062500,0.000062500,0.000125000,0.000070313,16,0.000101563,0.000093750,0.000125000,0.000125000,0.000125000,0.000101563,16,0.000078125,0.000078125,0.000093750,0.000062500,0.000125000,0.000078125,16,0.000148437,0.000140625,0.000156250,0.000125000,0.000125000,0.000148437,16,0.000148437,0.000140625,0.000156250,0.000125000,0.000125000,0.000148437,16
1765351897.3605354,2025-12-10 15:31:37,-0.000125000,-0.000250000,0.000000000,0.000000000,0.000000000,-0.000125000,16,0.000000000,0.000000000,0.000000000,0.000000000,0.000000000,0.000000000,16,0.000125000,0.000125000,0.000125000,0.000125000,0.000125000,0.000125000,16,0.000078125,0.000078125,0.000093750,0.000062500,0.000125000,0.000078125,16,0.000132813,0.000140625,0.000156250,0.000187500,0.000125000,0.000132813,16,0.000117187,0.000109375,0.000093750,0.000125000,0.000125000,0.000117187,16,0.000148437,0.000156250,0.000156250,0.000125000,0.000125000,0.000148437,16,0.000148437,0.000156250,0.000156250,0.000125000,0.000125000,0.000148437,16
1765351908.207104,2025-12-10 15:31:48,-0.000125000,-0.000250000,0.000000000,0.000000000,0.000000000,-0.000125000,16,0.000000000,0.000000000,0.000000000,0.000000000,0.000000000,0.000000000,16,0.000109375,0.000109375,0.000125000,0.000125000,0.000125000,0.000109375,16,0.000062500,0.000062500,0.000062500,0.000062500,0.000000000,0.000062500,16,0.000132813,0.000140625,0.000125000,0.000125000,0.000125000,0.000132813,16,0.000101563,0.000093750,0.000093750,0.000062500,0.000125000,0.000101563,16,0.000140625,0.000125000,0.000156250,0.000125000,0.000125000,0.000140625,16,0.000109375,0.000109375,0.000125000,0.000125000,0.000125000,0.000109375,16
1765351919.0540383,2025-12-10 15:31:59,-0.000125000,0.000000000,0.000000000,0.000000000,0.000000000,-0.000125000,16,0.000000000,0.000000000,0.000000000,0.000000000,0.000000000,0.000000000,16,0.000109375,0.000109375,0.000093750,0.000125000,0.000125000,0.000109375,16,0.000070313,0.000078125,0.000062500,0.000125000,0.000125000,0.000070313,16,0.000101563,0.000093750,0.000093750,0.000125000,0.000125000,0.000101563,16,0.000085937,0.000078125,0.000062500,0.000125000,0.000125000,0.000085937,16,0.000140625,0.000140625,0.000125000,0.000125000,0.000125000,0.000140625,16,0.000117187,0.000125000,0.000125000,0.000125000,0.000125000,0.000117187,16
1765351929.9000044,2025-12-10 15:32:09,-0.000125000,0.000000000,0.000000000,0.000000000,0.000000000,-0.000125000,16,0.000000000,0.000000000,0.000000000,0.000000000,0.000000000,0.000000000,16,0.000109375,0.000109375,0.000093750,0.000125000,0.000125000,0.000109375,16,0.000062500,0.000062500,0.000062500,0.000062500,0.000000000,0.000062500,16,0.000125000,0.000125000,0.000156250,0.000125000,0.000125000,0.000125000,16,0.000093750,0.000093750,0.000093750,0.000062500,0.000125000,0.000093750,16,0.000140625,0.000140625,0.000125000,0.000125000,0.000125000,0.000140625,16,0.000109375,0.000109375,0.000093750,0.000125000,0.000125000,0.000109375,16
1765351940.746848,2025-12-10 15:32:20,-0.000125000,-0.000250000,0.000000000,0.000000000,0.000000000,-0.000125000,16,0.000000000,0.000000000,0.000000000,0.000000000,0.000000000,0.000000000,16,0.000125000,0.000109375,0.000093750,0.000125000,0.000125000,0.000125000,16,0.000085937,0.000078125,0.000093750,0.000062500,0.000125000,0.000085937,16,0.000140625,0.000140625,0.000125000,0.000125000,0.000125000,0.000140625,16,0.000117187,0.000109375,0.000125000,0.000125000,0.000125000,0.000117187,16,0.000156250,0.000156250,0.000156250,0.000125000,0.000125000,0.000156250,16,0.000148437,0.000140625,0.000156250,0.000125000,0.000125000,0.000148437,16
1765351951.5900793,2025-12-10 15:32:31,-0.000125000,0.000000000,0.000000000,0.000000000,0.000000000,-0.000125000,16,0.000000000,0.000000000,0.000000000,0.000000000,0.000000000,0.000000000,16,0.000117187,0.000109375,0.000125000,0.000125000,0.000125000,0.000117187,16,0.000078125,0.000078125,0.000093750,0.000125000,0.000000000,0.000078125,16,0.000101563,0.000093750,0.000125000,0.000125000,0.000125000,0.000101563,16,0.000085937,0.000078125,0.000093750,0.000062500,0.000125000,0.000085937,16,0.000140625,0.000140625,0.000156250,0.000125000,0.000125000,0.000140625,16,0.000148437,0.000140625,0.000156250,0.000125000,0.000125000,0.000148437,16
1765351962.458292,2025-12-10 15:32:42,-0.000125000,-0.000250000,0.000000000,0.000000000,0.000000000,-0.000125000,16,0.000000000,0.000000000,0.000000000,0.000000000,0.000000000,0.000000000,16,0.000109375,0.000109375,0.000093750,0.000125000,0.000125000,0.000109375,16,0.000070313,0.000078125,0.000062500,0.000062500,0.000000000,0.000070313,16,0.000125000,0.000125000,0.000125000,0.000125000,0.000125000,0.000125000,16,0.000101563,0.000109375,0.000093750,0.000125000,0.000125000,0.000101563,16,0.000140625,0.000140625,0.000156250,0.000125000,0.000125000,0.000140625,16,0.000132813,0.000125000,0.000125000,0.000125000,0.000125000,0.000132813,16
1765351973.3023427,2025-12-10 15:32:53,-0.000125000,0.000000000,0.000000000,0.000000000,0.000000000,-0.000125000,16,0.000000000,0.000000000,0.000000000,0.000000000,0.000000000,0.000000000,16,0.000109375,0.000109375,0.000125000,0.000125000,0.000125000,0.000109375,16,0.000070313,0.000078125,0.000062500,0.000062500,0.000000000,0.000070313,16,0.000101563,0.000093750,0.000093750,0.000125000,0.000125000,0.000101563,16,0.000085937,0.000078125,0.000093750,0.000062500,0.000125000,0.000085937,16,0.000132813,0.000140625,0.000125000,0.000125000,0.000125000,0.000132813,16,0.000125000,0.000125000,0.000156250,0.000125000,0.000125000,0.000125000,16
1765351984.1502702,2025-12-10 15:33:04,-0.000125000,-0.000250000,0.000000000,0.000000000,0.000000000,-0.000125000,16,0.000000000,0.000000000,0.000000000,0.000000000,0.000000000,0.000000000,16,0.000117187,0.000109375,0.000125000,0.000125000,0.000125000,0.000117187,16,0.000085937,0.000078125,0.000093750,0.000062500,0.000125000,0.000085937,16,0.000140625,0.000140625,0.000156250,0.000125000,0.000125000,0.000140625,16,0.000109375,0.000109375,0.000093750,0.000125000,0.000125000,0.000109375,16,0.000132813,0.000140625,0.000156250,0.000125000,0.000125000,0.000132813,16,0.000140625,0.000140625,0.000156250,0.000125000,0.000125000,0.000140625,16
1765351994.996977,2025-12-10 15:33:14,-0.000125000,0.000000000,0.000000000,0.000000000,0.000000000,-0.000125000,16,0.000000000,0.000000000,0.000000000,0.000000000,0.000000000,0.000000000,16,0.000101563,0.000109375,0.000093750,0.000062500,0.000125000,0.000101563,16,0.000078125,0.000062500,0.000093750,0.000062500,0.000000000,0.000078125,16,0.000132813,0.000125000,0.000125000,0.000125000,0.000125000,0.000132813,16,0.000093750,0.000093750,0.000093750,0.000062500,0.000125000,0.000093750,16,0.000132813,0.000125000,0.000125000,0.000125000,0.000125000,0.000132813,16,0.000140625,0.000140625,0.000125000,0.000125000,0.000125000,0.000140625,16
1765352005.845306,2025-12-10 15:33:25,-0.000125000,0.000000000,0.000000000,0.000000000,0.000000000,-0.000125000,16,0.000000000,0.000000000,0.000000000,0.000000000,0.000000000,0.000000000,16,0.000085937,0.000093750,0.000093750,0.000062500,0.000125000,0.000085937,16,0.000054688,0.000062500,0.000062500,0.000062500,0.000000000,0.000054688,16,0.000125000,0.000125000,0.000093750,0.000125000,0.000125000,0.000125000,16,0.000085937,0.000093750,0.000093750,0.000062500,0.000125000,0.000085937,16,0.000125000,0.000125000,0.000125000,0.000125000,0.000125000,0.000125000,16,0.000125000,0.000125000,0.000125000,0.000125000,0.000125000,0.000125000,16
1765352016.6924946,2025-12-10 15:33:36,-0.000125000,0.000000000,0.000000000,0.000000000,0.000000000,-0.000125000,16,0.000000000,0.000000000,0.000000000,0.000000000,0.000000000,0.000000000,16,0.000085937,0.000093750,0.000093750,0.000062500,0.000000000,0.000085937,16,0.000062500,0.000062500,0.000062500,0.000062500,0.000000000,0.000062500,16,0.000125000,0.000125000,0.000125000,0.000125000,0.000125000,0.000125000,16,0.000093750,0.000093750,0.000093750,0.000125000,0.000125000,0.000093750,16,0.000117187,0.000125000,0.000125000,0.000125000,0.000125000,0.000117187,16,0.000125000,0.000125000,0.000125000,0.000125000,0.000125000,0.000125000,16
1765352027.5391884,2025-12-10 15:33:47,-0.000125000,0.000000000,0.000000000,0.000000000,0.000000000,-0.000125000,16,0.000000000,0.000000000,0.000000000,0.000000000,0.000000000,0.000000000,16,0.000093750,0.000093750,0.000093750,0.000062500,0.000125000,0.000093750,16,0.000062500,0.000062500,0.000062500,0.000062500,0.000000000,0.000062500,16,0.000132813,0.000125000,0.000125000,0.000125000,0.000125000,0.000132813,16,0.000093750,0.000093750,0.000093750,0.000125000,0.000125000,0.000093750,16,0.000125000,0.000125000,0.000093750,0.000125000,0.000125000,0.000125000,16,0.000117187,0.000109375,0.000125000,0.000125000,0.000125000,0.000117187,16
1765352038.385979,2025-12-10 15:33:58,-0.000125000,0.000000000,0.000000000,0.000000000,0.000000000,-0.000125000,16,0.000000000,0.000000000,0.000000000,0.000000000,0.000000000,0.000000000,16,0.000085937,0.000078125,0.000093750,0.000062500,0.000125000,0.000085937,16,0.000062500,0.000062500,0.000062500,0.000062500,0.000125000,0.000062500,16,0.000125000,0.000125000,0.000125000,0.000125000,0.000125000,0.000125000,16,0.000101563,0.000093750,0.000093750,0.000125000,0.000125000,0.000101563,16,0.000109375,0.000125000,0.000125000,0.000125000,0.000125000,0.000109375,16,0.000117187,0.000109375,0.000093750,0.000125000,0.000125000,0.000117187,16
1765352049.2338755,2025-12-10 15:34:09,-0.000125000,0.000000000,0.000000000,0.000000000,0.000000000,-0.000125000,16,0.000000000,0.000000000,0.000000000,0.000000000,0.000000000,0.000000000,16,0.000093750,0.000078125,0.000093750,0.000062500,0.000125000,0.000093750,16,0.000070313,0.000062500,0.000093750,0.000062500,0.000125000,0.000070313,16,0.000125000,0.000125000,0.000125000,0.000125000,0.000125000,0.000125000,16,0.000093750,0.000093750,0.000125000,0.000125000,0.000125000,0.000093750,16,0.000117187,0.000125000,0.000125000,0.000125000,0.000125000,0.000117187,16,0.000125000,0.000125000,0.000125000,0.000125000,0.000125000,0.000125000,16
1765352060.0813508,2025-12-10 15:34:20,-0.000125000,0.000000000,0.000000000,0.000000000,0.000000000,-0.000125000,16,0.000000000,0.000000000,0.000000000,0.000000000,0.000000000,0.000000000,16,0.000085937,0.000078125,0.000093750,0.000062500,0.000125000,0.000085937,16,0.000070313,0.000062500,0.000062500,0.000062500,0.000125000,0.000070313,16,0.000125000,0.000125000,0.000125000,0.000125000,0.000125000,0.000125000,16,0.000093750,0.000093750,0.000093750,0.000062500,0.000125000,0.000093750,16,0.000117187,0.000109375,0.000125000,0.000125000,0.000125000,0.000117187,16,0.000117187,0.000109375,0.000093750,0.000125000,0.000125000,0.000117187,16
1765352070.9277985,2025-12-10 15:34:30,0.000000000,0.000000000,0.000000000,0.000000000,0.000000000,0.000000000,16,0.000000000,0.000000000,0.000000000,0.000000000,0.000000000,0.000000000,16,0.000078125,0.000078125,0.000093750,0.000125000,0.000125000,0.000078125,16,0.000054688,0.000046875,0.000062500,0.000062500,0.000000000,0.000054688,16,0.000109375,0.000109375,0.000093750,0.000125000,0.000000000,0.000109375,16,0.000085937,0.000093750,0.000093750,0.000062500,0.000125000,0.000085937,16,0.000117187,0.000109375,0.000125000,0.000125000,0.000125000,0.000117187,16,0.000078125,0.000093750,0.000093750,0.000125000,0.000125000,0.000078125,16
1765352081.7713375,2025-12-10 15:34:41,-0.000125000,0.000000000,0.000000000,0.000000000,0.000000000,-0.000125000,16,0.000000000,0.000000000,0.000000000,0.000000000,0.000000000,0.000000000,16,0.000101563,0.000109375,0.000093750,0.000125000,0.000125000,0.000101563,16,0.000070313,0.000078125,0.000093750,0.000062500,0.000125000,0.000070313,16,0.000140625,0.000140625,0.000125000,0.000125000,0.000125000,0.000140625,16,0.000101563,0.000093750,0.000093750,0.000125000,0.000125000,0.000101563,16,0.000125000,0.000125000,0.000125000,0.000125000,0.000125000,0.000125000,16,0.000125000,0.000125000,0.000125000,0.000125000,0.000125000,0.000125000,16
1765352092.6166148,2025-12-10 15:34:52,-0.000125000,0.000000000,0.000000000,0.000000000,0.000000000,-0.000125000,16,0.000000000,0.000000000,0.000000000,0.000000000,0.000000000,0.000000000,16,0.000101563,0.000109375,0.000093750,0.000062500,0.000125000,0.000101563,16,0.000070313,0.000078125,0.000093750,0.000062500,0.000125000,0.000070313,16,0.000132813,0.000125000,0.000125000,0.000125000,0.000125000,0.000132813,16,0.000093750,0.000093750,0.000093750,0.000125000,0.000125000,0.000093750,16,0.000125000,0.000125000,0.000125000,0.000125000,0.000125000,0.000125000,16,0.000109375,0.000109375,0.000125000,0.000125000,0.000125000,0.000109375,16
1765352103.4646952,2025-12-10 15:35:03,-0.000125000,-0.000250000,0.000000000,0.000000000,0.000000000,-0.000125000,16,0.000000000,0.000000000,0.000000000,0.000000000,0.000000000,0.000000000,16,0.000093750,0.000093750,0.000093750,0.000125000,0.000125000,0.000093750,16,0.000054688,0.000062500,0.000062500,0.000062500,0.000125000,0.000054688,16,0.000117187,0.000109375,0.000125000,0.000125000,0.000125000,0.000117187,16,0.000093750,0.000093750,0.000093750,0.000125000,0.000125000,0.000093750,16,0.000132813,0.000125000,0.000125000,0.000125000,0.000125000,0.000132813,16,0.000117187,0.000109375,0.000125000,0.000125000,0.000125000,0.000117187,16
1765352114.3084276,2025-12-10 15:35:14,-0.000125000,-0.000250000,0.000000000,0.000000000,0.000000000,-0.000125000,16,0.000000000,0.000000000,0.000000000,0.000000000,0.000000000,0.000000000,16,0.000101563,0.000093750,0.000093750,0.000125000,0.000125000,0.000101563,16,0.000085937,0.000078125,0.000062500,0.000062500,0.000125000,0.000085937,16,0.000132813,0.000140625,0.000125000,0.000125000,0.000125000,0.000132813,16,0.000093750,0.000109375,0.000093750,0.000125000,0.000125000,0.000093750,16,0.000140625,0.000140625,0.000125000,0.000125000,0.000125000,0.000140625,16,0.000132813,0.000125000,0.000125000,0.000125000,0.000125000,0.000132813,16
1765352125.1523035,2025-12-10 15:35:25,-0.000125000,0.000000000,0.000000000,0.000000000,0.000000000,-0.000125000,16,0.000000000,0.000000000,0.000000000,0.000000000,0.000000000,0.000000000,16,0.000085937,0.000078125,0.000093750,0.000062500,0.000125000,0.000085937,16,0.000070313,0.000062500,0.000062500,0.000062500,0.000125000,0.000070313,16,0.000125000,0.000125000,0.000125000,0.000125000,0.000125000,0.000125000,16,0.000093750,0.000093750,0.000093750,0.000125000,0.000125000,0.000093750,16,0.000125000,0.000125000,0.000125000,0.000125000,0.000125000,0.000125000,16,0.000117187,0.000109375,0.000125000,0.000125000,0.000125000,0.000117187,16
1765352135.9985585,2025-12-10 15:35:35,-0.000125000,0.000000000,0.000000000,0.000000000,0.000000000,-0.000125000,16,0.000000000,0.000000000,0.000000000,0.000000000,0.000000000,0.000000000,16,0.000093750,0.000093750,0.000093750,0.000062500,0.000000000,0.000093750,16,0.000070313,0.000062500,0.000062500,0.000062500,0.000125000,0.000070313,16,0.000109375,0.000109375,0.000125000,0.000125000,0.000125000,0.000109375,16,0.000085937,0.000078125,0.000093750,0.000062500,0.000125000,0.000085937,16,0.000125000,0.000125000,0.000125000,0.000125000,0.000125000,0.000125000,16,0.000125000,0.000125000,0.000125000,0.000125000,0.000125000,0.000125000,16
1765352146.8437593,2025-12-10 15:35:46,-0.000125000,0.000000000,0.000000000,0.000000000,0.000000000,-0.000125000,16,0.000000000,0.000000000,0.000000000,0.000000000,0.000000000,0.000000000,16,0.000085937,0.000093750,0.000093750,0.000062500,0.000000000,0.000085937,16,0.000070313,0.000062500,0.000062500,0.000062500,0.000125000,0.000070313,16,0.000109375,0.000125000,0.000125000,0.000125000,0.000125000,0.000109375,16,0.000085937,0.000078125,0.000093750,0.000062500,0.000125000,0.000085937,16,0.000125000,0.000125000,0.000125000,0.000125000,0.000125000,0.000125000,16,0.000125000,0.000125000,0.000125000,0.000125000,0.000125000,0.000125000,16
1765352157.6904793,2025-12-10 15:35:57,-0.000125000,-0.000250000,0.000000000,0.000000000,0.000000000,-0.000125000,16,0.000000000,0.000000000,0.000000000,0.000000000,0.000000000,0.000000000,16,0.000085937,0.000078125,0.000093750,0.000062500,0.000125000,0.000085937,16,0.000062500,0.000062500,0.000062500,0.000062500,0.000125000,0.000062500,16,0.000109375,0.000109375,0.000125000,0.000125000,0.000125000,0.000109375,16,0.000085937,0.000078125,0.000062500,0.000062500,0.000000000,0.000085937,16,0.000117187,0.000125000,0.000125000,0.000125000,0.000125000,0.000117187,16,0.000117187,0.000125000,0.000125000,0.000125000,0.000125000,0.000117187,16
1765352168.5367465,2025-12-10 15:36:08,-0.000125000,0.000000000,0.000000000,0.000000000,0.000000000,-0.000125000,16,0.000000000,0.000000000,0.000000000,0.000000000,0.000000000,0.000000000,16,0.000085937,0.000093750,0.000062500,0.000062500,0.000125000,0.000085937,16,0.000054688,0.000046875,0.000062500,0.000062500,0.000000000,0.000054688,16,0.000070313,0.000078125,0.000062500,0.000062500,0.000000000,0.000070313,16,0.000046875,0.000046875,0.000062500,0.000062500,0.000125000,0.000046875,16,0.000117187,0.000125000,0.000125000,0.000125000,0.000125000,0.000117187,16,0.000117187,0.000109375,0.000125000,0.000125000,0.000125000,0.000117187,16
1765352179.3802135,2025-12-10 15:36:19,-0.000125000,0.000000000,0.000000000,0.000000000,0.000000000,-0.000125000,16,0.000000000,0.000000000,0.000000000,0.000000000,0.000000000,0.000000000,16,0.000109375,0.000109375,0.000093750,0.000125000,0.000125000,0.000109375,16,0.000085937,0.000078125,0.000093750,0.000062500,0.000000000,0.000085937,16,0.000132813,0.000125000,0.000125000,0.000125000,0.000125000,0.000132813,16,0.000093750,0.000093750,0.000093750,0.000125000,0.000125000,0.000093750,16,0.000132813,0.000140625,0.000156250,0.000125000,0.000250000,0.000132813,16,0.000117187,0.000125000,0.000125000,0.000125000,0.000125000,0.000117187,16
1765352190.2283888,2025-12-10 15:36:30,-0.000125000,0.000000000,0.000000000,0.000000000,0.000000000,-0.000125000,16,0.000000000,0.000000000,0.000000000,0.000000000,0.000000000,0.000000000,16,0.000101563,0.000109375,0.000093750,0.000125000,0.000125000,0.000101563,16,0.000078125,0.000078125,0.000062500,0.000062500,0.000000000,0.000078125,16,0.000125000,0.000125000,0.000125000,0.000125000,0.000125000,0.000125000,16,0.000093750,0.000093750,0.000093750,0.000125000,0.000125000,0.000093750,16,0.000140625,0.000140625,0.000125000,0.000125000,0.000125000,0.000140625,16,0.000140625,0.000140625,0.000156250,0.000125000,0.000125000,0.000140625,16
1765352201.0750983,2025-12-10 15:36:41,-0.000125000,0.000000000,0.000000000,0.000000000,0.000000000,-0.000125000,16,0.000000000,0.000000000,0.000000000,0.000000000,0.000000000,0.000000000,16,0.000070313,0.000078125,0.000062500,0.000062500,0.000125000,0.000070313,16,0.000039063,0.000046875,0.000031250,0.000000000,0.000000000,0.000039063,16,0.000117187,0.000125000,0.000125000,0.000125000,0.000125000,0.000117187,16,0.000078125,0.000078125,0.000093750,0.000062500,0.000125000,0.000078125,16,0.000117187,0.000109375,0.000125000,0.000125000,0.000125000,0.000117187,16,0.000101563,0.000109375,0.000093750,0.000125000,0.000125000,0.000101563,16
1765352211.9215653,2025-12-10 15:36:51,-0.000125000,0.000000000,0.000000000,0.000000000,0.000000000,-0.000125000,16,0.000000000,0.000000000,0.000000000,0.000000000,0.000000000,0.000000000,16,0.000093750,0.000093750,0.000093750,0.000062500,0.000000000,0.000093750,16,0.000062500,0.000062500,0.000062500,0.000062500,0.000125000,0.000062500,16,0.000101563,0.000093750,0.000093750,0.000062500,0.000125000,0.000101563,16,0.000070313,0.000078125,0.000062500,0.000062500,0.000125000,0.000070313,16,0.000125000,0.000125000,0.000125000,0.000125000,0.000125000,0.000125000,16,0.000125000,0.000109375,0.000125000,0.000125000,0.000125000,0.000125000,16
1765352222.7688682,2025-12-10 15:37:02,-0.000125000,0.000000000,0.000000000,0.000000000,0.000000000,-0.000125000,16,0.000000000,0.000000000,0.000000000,0.000000000,0.000000000,0.000000000,16,0.000085937,0.000093750,0.000093750,0.000062500,0.000125000,0.000085937,16,0.000070313,0.000062500,0.000062500,0.000062500,0.000125000,0.000070313,16,0.000125000,0.000125000,0.000125000,0.000125000,0.000125000,0.000125000,16,0.000085937,0.000078125,0.000093750,0.000062500,0.000125000,0.000085937,16,0.000125000,0.000125000,0.000125000,0.000125000,0.000125000,0.000125000,16,0.000109375,0.000109375,0.000125000,0.000125000,0.000125000,0.000109375,16
1765352233.6151977,2025-12-10 15:37:13,-0.000125000,0.000000000,0.000000000,0.000000000,0.000000000,-0.000125000,16,0.000000000,0.000000000,0.000000000,0.000000000,0.000000000,0.000000000,16,0.000078125,0.000093750,0.000093750,0.000062500,0.000125000,0.000078125,16,0.000062500,0.000062500,0.000062500,0.000062500,0.000125000,0.000062500,16,0.000101563,0.000093750,0.000093750,0.000125000,0.000125000,0.000101563,16,0.000054688,0.000062500,0.000062500,0.000062500,0.000000000,0.000054688,16,0.000125000,0.000125000,0.000125000,0.000125000,0.000125000,0.000125000,16,0.000117187,0.000109375,0.000125000,0.000125000,0.000125000,0.000117187,16
1765352244.4646432,2025-12-10 15:37:24,-0.000125000,0.000000000,0.000000000,0.000000000,0.000000000,-0.000125000,16,0.000000000,0.000000000,0.000000000,0.000000000,0.000000000,0.000000000,16,0.000085937,0.000093750,0.000093750,0.000062500,0.000125000,0.000085937,16,0.000070313,0.000062500,0.000062500,0.000062500,0.000000000,0.000070313,16,0.000125000,0.000125000,0.000125000,0.000125000,0.000125000,0.000125000,16,0.000085937,0.000078125,0.000093750,0.000062500,0.000125000,0.000085937,16,0.000125000,0.000125000,0.000125000,0.000125000,0.000125000,0.000125000,16,0.000125000,0.000125000,0.000125000,0.000125000,0.000125000,0.000125000,16
1765352255.3112602,2025-12-10 15:37:35,-0.000125000,0.000000000,0.000000000,0.000000000,0.000000000,-0.000125000,16,0.000000000,0.000000000,0.000000000,0.000000000,0.000000000,0.000000000,16,0.000078125,0.000078125,0.000093750,0.000062500,0.000125000,0.000078125,16,0.000054688,0.000046875,0.000062500,0.000062500,0.000000000,0.000054688,16,0.000093750,0.000093750,0.000093750,0.000062500,0.000125000,0.000093750,16,0.000062500,0.000078125,0.000062500,0.000062500,0.000000000,0.000062500,16,0.000117187,0.000125000,0.000125000,0.000125000,0.000125000,0.000117187,16,0.000093750,0.000093750,0.000125000,0.000125000,0.000125000,0.000093750,16
1765352266.159459,2025-12-10 15:37:46,-0.000125000,0.000000000,0.000000000,0.000000000,0.000000000,-0.000125000,16,0.000000000,0.000000000,0.000000000,0.000000000,0.000000000,0.000000000,16,0.000101563,0.000093750,0.000093750,0.000125000,0.000125000,0.000101563,16,0.000062500,0.000078125,0.000062500,0.000062500,0.000000000,0.000062500,16,0.000125000,0.000109375,0.000125000,0.000125000,0.000125000,0.000125000,16,0.000085937,0.000093750,0.000093750,0.000125000,0.000125000,0.000085937,16,0.000125000,0.000125000,0.000125000,0.000125000,0.000125000,0.000125000,16,0.000117187,0.000125000,0.000125000,0.000125000,0.000125000,0.000117187,16
1765352277.0064683,2025-12-10 15:37:57,-0.000125000,0.000000000,0.000000000,0.000000000,0.000000000,-0.000125000,16,0.000000000,0.000000000,0.000000000,0.000000000,0.000000000,0.000000000,16,0.000085937,0.000093750,0.000093750,0.000125000,0.000125000,0.000085937,16,0.000054688,0.000046875,0.000062500,0.000062500,0.000000000,0.000054688,16,0.000101563,0.000093750,0.000093750,0.000125000,0.000000000,0.000101563,16,0.000070313,0.000062500,0.000062500,0.000062500,0.000125000,0.000070313,16,0.000125000,0.000125000,0.000093750,0.000125000,0.000125000,0.000125000,16,0.000101563,0.000093750,0.000125000,0.000125000,0.000125000,0.000101563,16
1765352287.8539872,2025-12-10 15:38:07,-0.000125000,0.000000000,0.000000000,0.000000000,0.000000000,-0.000125000,16,0.000000000,0.000000000,0.000000000,0.000000000,0.000000000,0.000000000,16,0.000093750,0.000093750,0.000093750,0.000125000,0.000125000,0.000093750,16,0.000046875,0.000046875,0.000031250,0.000062500,0.000000000,0.000046875,16,0.000085937,0.000078125,0.000093750,0.000125000,0.000125000,0.000085937,16,0.000062500,0.000062500,0.000062500,0.000062500,0.000125000,0.000062500,16,0.000125000,0.000125000,0.000125000,0.000125000,0.000125000,0.000125000,16,0.000101563,0.000109375,0.000125000,0.000125000,0.000125000,0.000101563,16
1765352298.6998053,2025-12-10 15:38:18,-0.000125000,0.000000000,0.000000000,0.000000000,0.000000000,-0.000125000,16,0.000000000,0.000000000,0.000000000,0.000000000,0.000000000,0.000000000,16,0.000101563,0.000093750,0.000125000,0.000062500,0.000125000,0.000101563,16,0.000070313,0.000062500,0.000062500,0.000062500,0.000000000,0.000070313,16,0.000085937,0.000078125,0.000093750,0.000062500,0.000125000,0.000085937,16,0.000062500,0.000062500,0.000062500,0.000062500,0.000125000,0.000062500,16,0.000132813,0.000125000,0.000125000,0.000125000,0.000125000,0.000132813,16,0.000125000,0.000125000,0.000125000,0.000125000,0.000125000,0.000125000,16
1765352309.5434878,2025-12-10 15:38:29,-0.000125000,0.000000000,0.000000000,0.000000000,0.000000000,-0.000125000,16,0.000000000,0.000000000,0.000000000,0.000000000,0.000000000,0.000000000,16,0.000109375,0.000093750,0.000093750,0.000125000,0.000125000,0.000109375,16,0.000078125,0.000078125,0.000062500,0.000062500,0.000125000,0.000078125,16,0.000109375,0.000125000,0.000125000,0.000125000,0.000125000,0.000109375,16,0.000078125,0.000078125,0.000062500,0.000062500,0.000125000,0.000078125,16,0.000125000,0.000125000,0.000125000,0.000125000,0.000125000,0.000125000,16,0.000117187,0.000109375,0.000125000,0.000125000,0.000125000,0.000117187,16
1765352320.3876245,2025-12-10 15:38:40,-0.000125000,0.000000000,0.000000000,0.000000000,0.000000000,-0.000125000,16,0.000000000,0.000000000,0.000000000,0.000000000,0.000000000,0.000000000,16,0.000085937,0.000078125,0.000093750,0.000125000,0.000125000,0.000085937,16,0.000054688,0.000062500,0.000062500,0.000062500,0.000000000,0.000054688,16,0.000070313,0.000078125,0.000062500,0.000062500,0.000125000,0.000070313,16,0.000070313,0.000062500,0.000062500,0.000062500,0.000125000,0.000070313,16,0.000117187,0.000125000,0.000125000,0.000125000,0.000125000,0.000117187,16,0.000093750,0.000093750,0.000093750,0.000125000,0.000125000,0.000093750,16
1765352331.233615,2025-12-10 15:38:51,-0.000125000,0.000000000,0.000000000,0.000000000,0.000000000,-0.000125000,16,0.000000000,0.000000000,0.000000000,0.000000000,0.000000000,0.000000000,16,0.000109375,0.000109375,0.000125000,0.000125000,0.000125000,0.000109375,16,0.000070313,0.000078125,0.000062500,0.000062500,0.000125000,0.000070313,16,0.000117187,0.000109375,0.000125000,0.000125000,0.000125000,0.000117187,16,0.000078125,0.000078125,0.000062500,0.000062500,0.000000000,0.000078125,16,0.000140625,0.000125000,0.000125000,0.000125000,0.000125000,0.000140625,16,0.000125000,0.000125000,0.000125000,0.000125000,0.000125000,0.000125000,16
1765352342.07833,2025-12-10 15:39:02,-0.000125000,0.000000000,0.000000000,0.000000000,0.000000000,-0.000125000,16,0.000000000,0.000000000,0.000000000,0.000000000,0.000000000,0.000000000,16,0.000093750,0.000093750,0.000093750,0.000062500,0.000125000,0.000093750,16,0.000054688,0.000046875,0.000062500,0.000062500,0.000125000,0.000054688,16,0.000117187,0.000109375,0.000093750,0.000062500,0.000125000,0.000117187,16,0.000078125,0.000078125,0.000062500,0.000062500,0.000125000,0.000078125,16,0.000117187,0.000125000,0.000093750,0.000125000,0.000125000,0.000117187,16,0.000093750,0.000093750,0.000093750,0.000125000,0.000000000,0.000093750,16
1765352352.9238882,2025-12-10 15:39:12,-0.000125000,0.000000000,0.000000000,0.000000000,0.000000000,-0.000125000,16,0.000000000,0.000000000,0.000000000,0.000000000,0.000000000,0.000000000,16,0.000093750,0.000109375,0.000093750,0.000062500,0.000125000,0.000093750,16,0.000070313,0.000062500,0.000062500,0.000062500,0.000125000,0.000070313,16,0.000109375,0.000093750,0.000093750,0.000125000,0.000125000,0.000109375,16,0.000078125,0.000078125,0.000062500,0.000125000,0.000125000,0.000078125,16,0.000125000,0.000125000,0.000125000,0.000125000,0.000125000,0.000125000,16,0.000117187,0.000109375,0.000093750,0.000125000,0.000125000,0.000117187,16
1765352363.768733,2025-12-10 15:39:23,-0.000125000,0.000000000,0.000000000,0.000000000,0.000000000,-0.000125000,16,0.000000000,0.000000000,0.000000000,0.000000000,0.000000000,0.000000000,16,0.000109375,0.000109375,0.000093750,0.000125000,0.000125000,0.000109375,16,0.000070313,0.000062500,0.000062500,0.000062500,0.000125000,0.000070313,16,0.000101563,0.000109375,0.000093750,0.000125000,0.000125000,0.000101563,16,0.000070313,0.000078125,0.000062500,0.000062500,0.000000000,0.000070313,16,0.000117187,0.000125000,0.000125000,0.000125000,0.000125000,0.000117187,16,0.000101563,0.000093750,0.000093750,0.000062500,0.000125000,0.000101563,16
1765352374.6135495,2025-12-10 15:39:34,-0.000125000,0.000000000,0.000000000,0.000000000,0.000000000,-0.000125000,16,0.000000000,0.000000000,0.000000000,0.000000000,0.000000000,0.000000000,16,0.000101563,0.000109375,0.000093750,0.000062500,0.000125000,0.000101563,16,0.000062500,0.000062500,0.000062500,0.000062500,0.000000000,0.000062500,16,0.000078125,0.000078125,0.000062500,0.000062500,0.000000000,0.000078125,16,0.000070313,0.000062500,0.000093750,0.000062500,0.000125000,0.000070313,16,0.000125000,0.000125000,0.000125000,0.000125000,0.000125000,0.000125000,16,0.000101563,0.000109375,0.000125000,0.000125000,0.000125000,0.000101563,16
1765352385.461531,2025-12-10 15:39:45,-0.000125000,0.000000000,0.000000000,0.000000000,0.000000000,-0.000125000,16,0.000000000,0.000000000,0.000000000,0.000000000,0.000000000,0.000000000,16,0.000085937,0.000093750,0.000093750,0.000062500,0.000125000,0.000085937,16,0.000062500,0.000062500,0.000062500,0.000062500,0.000125000,0.000062500,16,0.000046875,0.000046875,0.000031250,0.000062500,0.000000000,0.000046875,16,0.000054688,0.000046875,0.000062500,0.000062500,0.000125000,0.000054688,16,0.000117187,0.000125000,0.000125000,0.000125000,0.000125000,0.000117187,16,0.000093750,0.000093750,0.000093750,0.000125000,0.000125000,0.000093750,16
1765352396.3040137,2025-12-10 15:39:56,-0.000125000,0.000000000,0.000000000,0.000000000,0.000000000,-0.000125000,16,0.000000000,0.000000000,0.000000000,0.000000000,0.000000000,0.000000000,16,0.000117187,0.000109375,0.000125000,0.000125000,0.000125000,0.000117187,16,0.000078125,0.000078125,0.000093750,0.000062500,0.000125000,0.000078125,16,0.000117187,0.000109375,0.000125000,0.000125000,0.000125000,0.000117187,16,0.000093750,0.000093750,0.000093750,0.000062500,0.000125000,0.000093750,16,0.000132813,0.000125000,0.000125000,0.000125000,0.000125000,0.000132813,16,0.000132813,0.000125000,0.000125000,0.000125000,0.000125000,0.000132813,16
1765352407.1474576,2025-12-10 15:40:07,-0.000125000,0.000000000,0.000000000,0.000000000,0.000000000,-0.000125000,16,0.000000000,0.000000000,0.000000000,0.000000000,0.000000000,0.000000000,16,0.000117187,0.000109375,0.000093750,0.000125000,0.000125000,0.000117187,16,0.000078125,0.000078125,0.000093750,0.000062500,0.000125000,0.000078125,16,0.000117187,0.000109375,0.000125000,0.000125000,0.000125000,0.000117187,16,0.000085937,0.000093750,0.000093750,0.000062500,0.000125000,0.000085937,16,0.000125000,0.000125000,0.000125000,0.000125000,0.000125000,0.000125000,16,0.000117187,0.000109375,0.000125000,0.000125000,0.000125000,0.000117187,16
1765352417.9924808,2025-12-10 15:40:17,-0.000125000,0.000000000,0.000000000,0.000000000,0.000000000,-0.000125000,16,0.000000000,0.000000000,0.000000000,0.000000000,0.000000000,0.000000000,16,0.000093750,0.000093750,0.000093750,0.000125000,0.000125000,0.000093750,16,0.000062500,0.000062500,0.000062500,0.000062500,0.000125000,0.000062500,16,0.000109375,0.000109375,0.000093750,0.000125000,0.000125000,0.000109375,16,0.000085937,0.000078125,0.000093750,0.000125000,0.000125000,0.000085937,16,0.000125000,0.000125000,0.000125000,0.000125000,0.000125000,0.000125000,16,0.000117187,0.000125000,0.000125000,0.000125000,0.000125000,0.000117187,16
1765352428.8385413,2025-12-10 15:40:28,-0.000125000,0.000000000,0.000000000,0.000000000,0.000000000,-0.000125000,16,0.000000000,0.000000000,0.000000000,0.000000000,0.000000000,0.000000000,16,0.000093750,0.000093750,0.000093750,0.000125000,0.000125000,0.000093750,16,0.000070313,0.000062500,0.000062500,0.000062500,0.000125000,0.000070313,16,0.000117187,0.000109375,0.000125000,0.000125000,0.000125000,0.000117187,16,0.000085937,0.000078125,0.000062500,0.000062500,0.000125000,0.000085937,16,0.000109375,0.000109375,0.000125000,0.000125000,0.000125000,0.000109375,16,0.000101563,0.000093750,0.000093750,0.000125000,0.000125000,0.000101563,16
1765352439.6849642,2025-12-10 15:40:39,0.000000000,0.000000000,0.000000000,0.000000000,0.000000000,0.000000000,16,0.000000000,0.000000000,0.000000000,0.000000000,0.000000000,0.000000000,16,0.000085937,0.000078125,0.000093750,0.000125000,0.000125000,0.000085937,16,0.000054688,0.000046875,0.000062500,0.000062500,0.000000000,0.000054688,16,0.000093750,0.000093750,0.000093750,0.000062500,0.000125000,0.000093750,16,0.000062500,0.000062500,0.000062500,0.000062500,0.000000000,0.000062500,16,0.000101563,0.000109375,0.000093750,0.000125000,0.000125000,0.000101563,16,0.000093750,0.000093750,0.000093750,0.000125000,0.000125000,0.000093750,16
1765352450.5328038,2025-12-10 15:40:50,-0.000125000,0.000000000,0.000000000,0.000000000,0.000000000,-0.000125000,16,0.000000000,0.000000000,0.000000000,0.000000000,0.000000000,0.000000000,16,0.000085937,0.000093750,0.000093750,0.000062500,0.000125000,0.000085937,16,0.000062500,0.000062500,0.000062500,0.000062500,0.000000000,0.000062500,16,0.000093750,0.000093750,0.000093750,0.000125000,0.000125000,0.000093750,16,0.000070313,0.000078125,0.000062500,0.000062500,0.000125000,0.000070313,16,0.000109375,0.000109375,0.000125000,0.000125000,0.000125000,0.000109375,16,0.000101563,0.000109375,0.000093750,0.000125000,0.000125000,0.000101563,16
1765352461.3807876,2025-12-10 15:41:01,-0.000125000,0.000000000,0.000000000,0.000000000,0.000000000,-0.000125000,16,0.000000000,0.000000000,0.000000000,0.000000000,0.000000000,0.000000000,16,0.000085937,0.000093750,0.000093750,0.000062500,0.000125000,0.000085937,16,0.000046875,0.000046875,0.000031250,0.000062500,0.000000000,0.000046875,16,0.000093750,0.000093750,0.000093750,0.000125000,0.000125000,0.000093750,16,0.000070313,0.000078125,0.000062500,0.000062500,0.000125000,0.000070313,16,0.000109375,0.000093750,0.000093750,0.000062500,0.000125000,0.000109375,16,0.000093750,0.000078125,0.000093750,0.000125000,0.000125000,0.000093750,16
1765352472.2279787,2025-12-10 15:41:12,-0.000125000,0.000000000,0.000000000,0.000000000,0.000000000,-0.000125000,16,0.000000000,0.000000000,0.000000000,0.000000000,0.000000000,0.000000000,16,0.000085937,0.000093750,0.000093750,0.000062500,0.000125000,0.000085937,16,0.000046875,0.000046875,0.000062500,0.000062500,0.000000000,0.000046875,16,0.000093750,0.000093750,0.000093750,0.000125000,0.000125000,0.000093750,16,0.000054688,0.000062500,0.000062500,0.000062500,0.000000000,0.000054688,16,0.000101563,0.000093750,0.000093750,0.000125000,0.000125000,0.000101563,16,0.000093750,0.000093750,0.000093750,0.000062500,0.000125000,0.000093750,16
1765352483.0761046,2025-12-10 15:41:23,-0.000125000,-0.000250000,0.000000000,0.000000000,0.000000000,-0.000125000,16,0.000000000,0.000000000,0.000000000,0.000000000,0.000000000,0.000000000,16,0.000093750,0.000093750,0.000093750,0.000125000,0.000125000,0.000093750,16,0.000054688,0.000062500,0.000062500,0.000062500,0.000125000,0.000054688,16,0.000101563,0.000093750,0.000093750,0.000125000,0.000125000,0.000101563,16,0.000070313,0.000078125,0.000062500,0.000062500,0.000125000,0.000070313,16,0.000117187,0.000109375,0.000093750,0.000125000,0.000125000,0.000117187,16,0.000109375,0.000109375,0.000093750,0.000125000,0.000125000,0.000109375,16
1765352493.9232473,2025-12-10 15:41:33,-0.000125000,0.000000000,0.000000000,0.000000000,0.000000000,-0.000125000,16,0.000000000,0.000000000,0.000000000,0.000000000,0.000000000,0.000000000,16,0.000093750,0.000093750,0.000093750,0.000125000,0.000125000,0.000093750,16,0.000054688,0.000062500,0.000062500,0.000062500,0.000000000,0.000054688,16,0.000093750,0.000109375,0.000093750,0.000062500,0.000125000,0.000093750,16,0.000070313,0.000078125,0.000062500,0.000062500,0.000125000,0.000070313,16,0.000117187,0.000109375,0.000125000,0.000125000,0.000125000,0.000117187,16,0.000117187,0.000109375,0.000125000,0.000125000,0.000125000,0.000117187,16
1765352504.7712488,2025-12-10 15:41:44,-0.000125000,0.000000000,0.000000000,0.000000000,0.000000000,-0.000125000,16,0.000000000,0.000000000,0.000000000,0.000000000,0.000000000,0.000000000,16,0.000093750,0.000093750,0.000093750,0.000062500,0.000125000,0.000093750,16,0.000070313,0.000062500,0.000062500,0.000062500,0.000000000,0.000070313,16,0.000109375,0.000109375,0.000093750,0.000125000,0.000125000,0.000109375,16,0.000085937,0.000078125,0.000093750,0.000125000,0.000125000,0.000085937,16,0.000117187,0.000125000,0.000125000,0.000125000,0.000125000,0.000117187,16,0.000125000,0.000125000,0.000125000,0.000125000,0.000125000,0.000125000,16
1765352515.6172657,2025-12-10 15:41:55,-0.000125000,0.000000000,0.000000000,0.000000000,0.000000000,-0.000125000,16,0.000000000,0.000000000,0.000000000,0.000000000,0.000000000,0.000000000,16,0.000085937,0.000093750,0.000093750,0.000125000,0.000125000,0.000085937,16,0.000054688,0.000062500,0.000062500,0.000062500,0.000125000,0.000054688,16,0.000101563,0.000109375,0.000093750,0.000125000,0.000125000,0.000101563,16,0.000078125,0.000078125,0.000093750,0.000062500,0.000125000,0.000078125,16,0.000109375,0.000125000,0.000125000,0.000125000,0.000125000,0.000109375,16,0.000109375,0.000109375,0.000125000,0.000125000,0.000125000,0.000109375,16
1765352526.4624317,2025-12-10 15:42:06,0.000000000,0.000000000,0.000000000,0.000000000,0.000000000,0.000000000,16,0.000000000,0.000000000,0.000000000,0.000000000,0.000000000,0.000000000,16,0.000070313,0.000078125,0.000062500,0.000062500,0.000000000,0.000070313,16,0.000031250,0.000031250,0.000031250,0.000000000,0.000125000,0.000031250,16,0.000085937,0.000078125,0.000093750,0.000062500,0.000125000,0.000085937,16,0.000046875,0.000046875,0.000031250,0.000062500,0.000000000,0.000046875,16,0.000093750,0.000093750,0.000093750,0.000125000,0.000125000,0.000093750,16,0.000078125,0.000078125,0.000093750,0.000062500,0.000125000,0.000078125,16
1765352537.3071537,2025-12-10 15:42:17,-0.000125000,0.000000000,0.000000000,0.000000000,0.000000000,-0.000125000,16,0.000000000,0.000000000,0.000000000,0.000000000,0.000000000,0.000000000,16,0.000093750,0.000093750,0.000093750,0.000062500,0.000000000,0.000093750,16,0.000062500,0.000062500,0.000062500,0.000062500,0.000125000,0.000062500,16,0.000093750,0.000093750,0.000093750,0.000062500,0.000125000,0.000093750,16,0.000070313,0.000062500,0.000062500,0.000062500,0.000000000,0.000070313,16,0.000117187,0.000109375,0.000125000,0.000125000,0.000125000,0.000117187,16,0.000117187,0.000109375,0.000125000,0.000125000,0.000125000,0.000117187,16
1765352548.1502917,2025-12-10 15:42:28,-0.000125000,0.000000000,0.000000000,0.000000000,0.000000000,-0.000125000,16,0.000000000,0.000000000,0.000000000,0.000000000,0.000000000,0.000000000,16,0.000093750,0.000093750,0.000093750,0.000062500,0.000125000,0.000093750,16,0.000054688,0.000062500,0.000062500,0.000062500,0.000125000,0.000054688,16,0.000109375,0.000109375,0.000093750,0.000125000,0.000125000,0.000109375,16,0.000085937,0.000078125,0.000093750,0.000062500,0.000125000,0.000085937,16,0.000117187,0.000109375,0.000093750,0.000125000,0.000125000,0.000117187,16,0.000117187,0.000125000,0.000125000,0.000125000,0.000125000,0.000117187,16
1765352558.9967408,2025-12-10 15:42:38,-0.000125000,0.000000000,0.000000000,0.000000000,0.000000000,-0.000125000,16,0.000000000,0.000000000,0.000000000,0.000000000,0.000000000,0.000000000,16,0.000085937,0.000078125,0.000093750,0.000062500,0.000000000,0.000085937,16,0.000054688,0.000062500,0.000062500,0.000062500,0.000125000,0.000054688,16,0.000070313,0.000062500,0.000062500,0.000062500,0.000125000,0.000070313,16,0.000054688,0.000046875,0.000062500,0.000062500,0.000000000,0.000054688,16,0.000101563,0.000109375,0.000125000,0.000125000,0.000000000,0.000101563,16,0.000093750,0.000093750,0.000093750,0.000125000,0.000125000,0.000093750,16
1765352569.8424592,2025-12-10 15:42:49,0.000000000,0.000000000,0.000000000,0.000000000,0.000000000,0.000000000,16,0.000000000,0.000000000,0.000000000,0.000000000,0.000000000,0.000000000,16,0.000093750,0.000093750,0.000093750,0.000125000,0.000125000,0.000093750,16,0.000062500,0.000062500,0.000062500,0.000062500,0.000125000,0.000062500,16,0.000109375,0.000109375,0.000093750,0.000125000,0.000125000,0.000109375,16,0.000070313,0.000078125,0.000093750,0.000062500,0.000125000,0.000070313,16,0.000109375,0.000109375,0.000093750,0.000125000,0.000125000,0.000109375,16,0.000109375,0.000109375,0.000125000,0.000125000,0.000125000,0.000109375,16
1765352580.6877468,2025-12-10 15:43:00,-0.000125000,0.000000000,0.000000000,0.000000000,0.000000000,-0.000125000,16,0.000000000,0.000000000,0.000000000,0.000000000,0.000000000,0.000000000,16,0.000093750,0.000093750,0.000093750,0.000125000,0.000125000,0.000093750,16,0.000070313,0.000062500,0.000062500,0.000062500,0.000125000,0.000070313,16,0.000093750,0.000093750,0.000093750,0.000125000,0.000000000,0.000093750,16,0.000062500,0.000062500,0.000062500,0.000125000,0.000125000,0.000062500,16,0.000109375,0.000109375,0.000125000,0.000125000,0.000125000,0.000109375,16,0.000117187,0.000109375,0.000125000,0.000125000,0.000125000,0.000117187,16
1765352591.5315711,2025-12-10 15:43:11,-0.000125000,0.000000000,0.000000000,0.000000000,0.000000000,-0.000125000,16,0.000000000,0.000000000,0.000000000,0.000000000,0.000000000,0.000000000,16,0.000093750,0.000093750,0.000093750,0.000062500,0.000125000,0.000093750,16,0.000070313,0.000062500,0.000062500,0.000062500,0.000125000,0.000070313,16,0.000085937,0.000078125,0.000093750,0.000062500,0.000000000,0.000085937,16,0.000070313,0.000062500,0.000062500,0.000062500,0.000000000,0.000070313,16,0.000109375,0.000109375,0.000093750,0.000125000,0.000125000,0.000109375,16,0.000101563,0.000109375,0.000093750,0.000125000,0.000125000,0.000101563,16
1765352602.375608,2025-12-10 15:43:22,0.000000000,0.000000000,0.000000000,0.000000000,0.000000000,0.000000000,16,0.000000000,0.000000000,0.000000000,0.000000000,0.000000000,0.000000000,16,0.000085937,0.000093750,0.000093750,0.000062500,0.000125000,0.000085937,16,0.000054688,0.000046875,0.000062500,0.000062500,0.000000000,0.000054688,16,0.000070313,0.000062500,0.000093750,0.000062500,0.000000000,0.000070313,16,0.000046875,0.000046875,0.000031250,0.000062500,0.000000000,0.000046875,16,0.000101563,0.000109375,0.000093750,0.000125000,0.000125000,0.000101563,16,0.000109375,0.000109375,0.000093750,0.000125000,0.000125000,0.000109375,16
1765352613.2190976,2025-12-10 15:43:33,-0.000125000,0.000000000,0.000000000,0.000000000,0.000000000,-0.000125000,16,0.000000000,0.000000000,0.000000000,0.000000000,0.000000000,0.000000000,16,0.000093750,0.000093750,0.000093750,0.000062500,0.000125000,0.000093750,16,0.000062500,0.000062500,0.000062500,0.000062500,0.000125000,0.000062500,16,0.000078125,0.000078125,0.000062500,0.000062500,0.000125000,0.000078125,16,0.000062500,0.000062500,0.000062500,0.000062500,0.000125000,0.000062500,16,0.000109375,0.000109375,0.000093750,0.000125000,0.000125000,0.000109375,16,0.000109375,0.000109375,0.000093750,0.000125000,0.000125000,0.000109375,16
1765352624.0653026,2025-12-10 15:43:44,0.000000000,0.000000000,0.000000000,0.000000000,0.000000000,0.000000000,16,0.000000000,0.000000000,0.000000000,0.000000000,0.000000000,0.000000000,16,0.000101563,0.000093750,0.000093750,0.000062500,0.000125000,0.000101563,16,0.000070313,0.000078125,0.000062500,0.000062500,0.000125000,0.000070313,16,0.000093750,0.000093750,0.000093750,0.000125000,0.000125000,0.000093750,16,0.000062500,0.000078125,0.000062500,0.000062500,0.000000000,0.000062500,16,0.000117187,0.000109375,0.000125000,0.000125000,0.000125000,0.000117187,16,0.000117187,0.000125000,0.000125000,0.000125000,0.000125000,0.000117187,16
1765352634.9106615,2025-12-10 15:43:54,0.000000000,0.000000000,0.000000000,0.000000000,0.000000000,0.000000000,16,0.000000000,0.000000000,0.000000000,0.000000000,0.000000000,0.000000000,16,0.000085937,0.000093750,0.000062500,0.000125000,0.000125000,0.000085937,16,0.000046875,0.000046875,0.000062500,0.000062500,0.000000000,0.000046875,16,0.000070313,0.000078125,0.000093750,0.000062500,0.000125000,0.000070313,16,0.000031250,0.000046875,0.000031250,0.000062500,0.000125000,0.000031250,16,0.000101563,0.000093750,0.000093750,0.000062500,0.000125000,0.000101563,16,0.000078125,0.000093750,0.000093750,0.000062500,0.000125000,0.000078125,16
1765352645.7581663,2025-12-10 15:44:05,-0.000125000,0.000000000,0.000000000,0.000000000,0.000000000,-0.000125000,16,0.000000000,0.000000000,0.000000000,0.000000000,0.000000000,0.000000000,16,0.000101563,0.000109375,0.000093750,0.000125000,0.000125000,0.000101563,16,0.000070313,0.000062500,0.000062500,0.000062500,0.000125000,0.000070313,16,0.000101563,0.000109375,0.000093750,0.000125000,0.000125000,0.000101563,16,0.000070313,0.000078125,0.000062500,0.000062500,0.000000000,0.000070313,16,0.000109375,0.000109375,0.000125000,0.000125000,0.000125000,0.000109375,16,0.000109375,0.000109375,0.000125000,0.000125000,0.000125000,0.000109375,16
1765352656.6036398,2025-12-10 15:44:16,-0.000125000,0.000000000,0.000000000,0.000000000,0.000000000,-0.000125000,16,0.000000000,0.000000000,0.000000000,0.000000000,0.000000000,0.000000000,16,0.000093750,0.000093750,0.000093750,0.000125000,0.000125000,0.000093750,16,0.000062500,0.000062500,0.000062500,0.000062500,0.000125000,0.000062500,16,0.000093750,0.000093750,0.000093750,0.000125000,0.000125000,0.000093750,16,0.000062500,0.000062500,0.000062500,0.000062500,0.000000000,0.000062500,16,0.000109375,0.000109375,0.000125000,0.000125000,0.000125000,0.000109375,16,0.000117187,0.000109375,0.000125000,0.000125000,0.000125000,0.000117187,16
1765352667.4508257,2025-12-10 15:44:27,-0.000125000,0.000000000,0.000000000,0.000000000,0.000000000,-0.000125000,16,0.000000000,0.000000000,0.000000000,0.000000000,0.000000000,0.000000000,16,0.000085937,0.000093750,0.000093750,0.000062500,0.000125000,0.000085937,16,0.000023438,0.000015625,0.000031250,0.000000000,0.000000000,0.000023438,16,0.000054688,0.000046875,0.000062500,0.000062500,0.000125000,0.000054688,16,0.000039063,0.000046875,0.000031250,0.000062500,0.000000000,0.000039063,16,0.000109375,0.000109375,0.000093750,0.000125000,0.000125000,0.000109375,16,0.000117187,0.000109375,0.000093750,0.000125000,0.000125000,0.000117187,16
1765352678.2981594,2025-12-10 15:44:38,0.000000000,0.000000000,0.000000000,0.000000000,0.000000000,0.000000000,16,0.000000000,0.000000000,0.000000000,0.000000000,0.000000000,0.000000000,16,0.000101563,0.000093750,0.000093750,0.000125000,0.000125000,0.000101563,16,0.000062500,0.000062500,0.000062500,0.000062500,0.000000000,0.000062500,16,0.000085937,0.000093750,0.000093750,0.000062500,0.000125000,0.000085937,16,0.000062500,0.000062500,0.000062500,0.000062500,0.000000000,0.000062500,16,0.000117187,0.000125000,0.000125000,0.000125000,0.000125000,0.000117187,16,0.000109375,0.000109375,0.000125000,0.000125000,0.000125000,0.000109375,16
1765352689.1472375,2025-12-10 15:44:49,-0.000125000,0.000000000,0.000000000,0.000000000,0.000000000,-0.000125000,16,0.000000000,0.000000000,0.000000000,0.000000000,0.000000000,0.000000000,16,0.000101563,0.000093750,0.000093750,0.000125000,0.000125000,0.000101563,16,0.000054688,0.000046875,0.000062500,0.000062500,0.000000000,0.000054688,16,0.000085937,0.000093750,0.000093750,0.000125000,0.000125000,0.000085937,16,0.000062500,0.000062500,0.000062500,0.000062500,0.000125000,0.000062500,16,0.000109375,0.000109375,0.000093750,0.000125000,0.000125000,0.000109375,16,0.000125000,0.000125000,0.000125000,0.000125000,0.000125000,0.000125000,16
1765352699.9940228,2025-12-10 15:44:59,-0.000125000,0.000000000,0.000000000,0.000000000,0.000000000,-0.000125000,16,0.000000000,0.000000000,0.000000000,0.000000000,0.000000000,0.000000000,16,0.000093750,0.000093750,0.000093750,0.000062500,0.000125000,0.000093750,16,0.000062500,0.000062500,0.000062500,0.000062500,0.000000000,0.000062500,16,0.000070313,0.000078125,0.000062500,0.000062500,0.000000000,0.000070313,16,0.000062500,0.000062500,0.000062500,0.000062500,0.000125000,0.000062500,16,0.000109375,0.000109375,0.000093750,0.000125000,0.000125000,0.000109375,16,0.000101563,0.000109375,0.000093750,0.000062500,0.000125000,0.000101563,16
1765352710.842505,2025-12-10 15:45:10,-0.000125000,0.000000000,0.000000000,0.000000000,0.000000000,-0.000125000,16,0.000000000,0.000000000,0.000000000,0.000000000,0.000000000,0.000000000,16,0.000093750,0.000078125,0.000093750,0.000125000,0.000125000,0.000093750,16,0.000054688,0.000062500,0.000062500,0.000062500,0.000000000,0.000054688,16,0.000062500,0.000062500,0.000062500,0.000062500,0.000000000,0.000062500,16,0.000046875,0.000046875,0.000062500,0.000062500,0.000125000,0.000046875,16,0.000101563,0.000109375,0.000093750,0.000125000,0.000125000,0.000101563,16,0.000093750,0.000093750,0.000093750,0.000125000,0.000125000,0.000093750,16
1765352721.690507,2025-12-10 15:45:21,0.000000000,0.000000000,0.000000000,0.000000000,0.000000000,0.000000000,16,0.000000000,0.000000000,0.000000000,0.000000000,0.000000000,0.000000000,16,0.000101563,0.000093750,0.000093750,0.000062500,0.000125000,0.000101563,16,0.000062500,0.000062500,0.000062500,0.000062500,0.000000000,0.000062500,16,0.000085937,0.000078125,0.000093750,0.000125000,0.000125000,0.000085937,16,0.000054688,0.000062500,0.000062500,0.000062500,0.000000000,0.000054688,16,0.000109375,0.000109375,0.000125000,0.000125000,0.000125000,0.000109375,16,0.000101563,0.000109375,0.000093750,0.000062500,0.000125000,0.000101563,16
1765352732.5369248,2025-12-10 15:45:32,-0.000125000,0.000000000,0.000000000,0.000000000,0.000000000,-0.000125000,16,0.000000000,0.000000000,0.000000000,0.000000000,0.000000000,0.000000000,16,0.000093750,0.000093750,0.000093750,0.000062500,0.000125000,0.000093750,16,0.000070313,0.000062500,0.000062500,0.000062500,0.000000000,0.000070313,16,0.000085937,0.000078125,0.000093750,0.000062500,0.000125000,0.000085937,16,0.000054688,0.000046875,0.000062500,0.000062500,0.000125000,0.000054688,16,0.000101563,0.000093750,0.000093750,0.000125000,0.000125000,0.000101563,16,0.000093750,0.000093750,0.000093750,0.000125000,0.000125000,0.000093750,16
1765352743.3840747,2025-12-10 15:45:43,-0.000125000,0.000000000,0.000000000,0.000000000,0.000000000,-0.000125000,16,0.000000000,0.000000000,0.000000000,0.000000000,0.000000000,0.000000000,16,0.000093750,0.000078125,0.000093750,0.000062500,0.000125000,0.000093750,16,0.000046875,0.000046875,0.000062500,0.000062500,0.000125000,0.000046875,16,0.000085937,0.000078125,0.000062500,0.000062500,0.000125000,0.000085937,16,0.000046875,0.000046875,0.000031250,0.000062500,0.000000000,0.000046875,16,0.000101563,0.000093750,0.000093750,0.000125000,0.000125000,0.000101563,16,0.000085937,0.000093750,0.000093750,0.000125000,0.000125000,0.000085937,16
1765352754.2277005,2025-12-10 15:45:54,-0.000125000,0.000000000,0.000000000,0.000000000,0.000000000,-0.000125000,16,0.000000000,0.000000000,0.000000000,0.000000000,0.000000000,0.000000000,16,0.000109375,0.000109375,0.000093750,0.000125000,0.000125000,0.000109375,16,0.000078125,0.000078125,0.000062500,0.000062500,0.000125000,0.000078125,16,0.000093750,0.000093750,0.000093750,0.000125000,0.000125000,0.000093750,16,0.000070313,0.000062500,0.000062500,0.000062500,0.000125000,0.000070313,16,0.000117187,0.000109375,0.000125000,0.000125000,0.000125000,0.000117187,16,0.000117187,0.000109375,0.000125000,0.000125000,0.000125000,0.000117187,16
1765352765.0706155,2025-12-10 15:46:05,-0.000125000,0.000000000,0.000000000,0.000000000,0.000000000,-0.000125000,16,0.000000000,0.000000000,0.000000000,0.000000000,0.000000000,0.000000000,16,0.000101563,0.000109375,0.000093750,0.000125000,0.000125000,0.000101563,16,0.000062500,0.000078125,0.000062500,0.000062500,0.000000000,0.000062500,16,0.000085937,0.000093750,0.000093750,0.000125000,0.000125000,0.000085937,16,0.000062500,0.000062500,0.000062500,0.000062500,0.000125000,0.000062500,16,0.000109375,0.000109375,0.000093750,0.000125000,0.000125000,0.000109375,16,0.000109375,0.000109375,0.000093750,0.000125000,0.000125000,0.000109375,16
1765352775.9160912,2025-12-10 15:46:15,-0.000125000,0.000000000,0.000000000,0.000000000,0.000000000,-0.000125000,16,0.000000000,0.000000000,0.000000000,0.000000000,0.000000000,0.000000000,16,0.000101563,0.000093750,0.000093750,0.000062500,0.000125000,0.000101563,16,0.000062500,0.000062500,0.000062500,0.000062500,0.000125000,0.000062500,16,0.000101563,0.000093750,0.000093750,0.000062500,0.000125000,0.000101563,16,0.000070313,0.000078125,0.000062500,0.000062500,0.000125000,0.000070313,16,0.000101563,0.000109375,0.000093750,0.000125000,0.000125000,0.000101563,16,0.000117187,0.000109375,0.000093750,0.000125000,0.000125000,0.000117187,16
1765352786.7592623,2025-12-10 15:46:26,0.000000000,0.000000000,0.000000000,0.000000000,0.000000000,0.000000000,16,0.000000000,0.000000000,0.000000000,0.000000000,0.000000000,0.000000000,16,0.000085937,0.000093750,0.000093750,0.000062500,0.000125000,0.000085937,16,0.000046875,0.000046875,0.000062500,0.000062500,0.000000000,0.000046875,16,0.000054688,0.000062500,0.000062500,0.000062500,0.000000000,0.000054688,16,0.000031250,0.000031250,0.000031250,0.000062500,0.000000000,0.000031250,16,0.000093750,0.000093750,0.000125000,0.000062500,0.000125000,0.000093750,16,0.000101563,0.000109375,0.000125000,0.000125000,0.000125000,0.000101563,16
1765352797.60345,2025-12-10 15:46:37,-0.000125000,0.000000000,0.000000000,0.000000000,0.000000000,-0.000125000,16,0.000000000,0.000000000,0.000000000,0.000000000,0.000000000,0.000000000,16,0.000101563,0.000093750,0.000093750,0.000125000,0.000000000,0.000101563,16,0.000062500,0.000078125,0.000062500,0.000062500,0.000125000,0.000062500,16,0.000093750,0.000093750,0.000093750,0.000062500,0.000125000,0.000093750,16,0.000062500,0.000062500,0.000062500,0.000062500,0.000000000,0.000062500,16,0.000117187,0.000109375,0.000093750,0.000125000,0.000125000,0.000117187,16,0.000117187,0.000125000,0.000125000,0.000125000,0.000125000,0.000117187,16
1765352808.4491959,2025-12-10 15:46:48,-0.000125000,0.000000000,0.000000000,0.000000000,0.000000000,-0.000125000,16,0.000000000,0.000000000,0.000000000,0.000000000,0.000000000,0.000000000,16,0.000109375,0.000093750,0.000093750,0.000125000,0.000125000,0.000109375,16,0.000062500,0.000062500,0.000062500,0.000062500,0.000000000,0.000062500,16,0.000093750,0.000093750,0.000093750,0.000125000,0.000125000,0.000093750,16,0.000070313,0.000078125,0.000093750,0.000062500,0.000125000,0.000070313,16,0.000101563,0.000109375,0.000093750,0.000125000,0.000125000,0.000101563,16,0.000125000,0.000109375,0.000125000,0.000125000,0.000125000,0.000125000,16
1765352819.2923987,2025-12-10 15:46:59,-0.000125000,0.000000000,0.000000000,0.000000000,0.000000000,-0.000125000,16,0.000000000,0.000000000,0.000000000,0.000000000,0.000000000,0.000000000,16,0.000085937,0.000093750,0.000093750,0.000062500,0.000125000,0.000085937,16,0.000062500,0.000062500,0.000062500,0.000062500,0.000125000,0.000062500,16,0.000085937,0.000078125,0.000093750,0.000125000,0.000000000,0.000085937,16,0.000062500,0.000062500,0.000062500,0.000062500,0.000000000,0.000062500,16,0.000093750,0.000093750,0.000093750,0.000125000,0.000125000,0.000093750,16,0.000093750,0.000093750,0.000093750,0.000062500,0.000125000,0.000093750,16
1765352830.136316,2025-12-10 15:47:10,-0.000125000,0.000000000,0.000000000,0.000000000,0.000000000,-0.000125000,16,0.000000000,0.000000000,0.000000000,0.000000000,0.000000000,0.000000000,16,0.000085937,0.000093750,0.000093750,0.000125000,0.000125000,0.000085937,16,0.000062500,0.000062500,0.000062500,0.000062500,0.000125000,0.000062500,16,0.000078125,0.000078125,0.000093750,0.000062500,0.000125000,0.000078125,16,0.000054688,0.000062500,0.000062500,0.000062500,0.000000000,0.000054688,16,0.000101563,0.000109375,0.000125000,0.000125000,0.000125000,0.000101563,16,0.000093750,0.000093750,0.000093750,0.000125000,0.000125000,0.000093750,16
1765352840.980391,2025-12-10 15:47:20,-0.000125000,0.000000000,0.000000000,0.000000000,0.000000000,-0.000125000,16,0.000000000,0.000000000,0.000000000,0.000000000,0.000000000,0.000000000,16,0.000085937,0.000078125,0.000093750,0.000125000,0.000000000,0.000085937,16,0.000046875,0.000062500,0.000062500,0.000062500,0.000000000,0.000046875,16,0.000078125,0.000093750,0.000062500,0.000125000,0.000125000,0.000078125,16,0.000062500,0.000062500,0.000062500,0.000062500,0.000125000,0.000062500,16,0.000101563,0.000109375,0.000093750,0.000125000,0.000125000,0.000101563,16,0.000109375,0.000109375,0.000093750,0.000125000,0.000125000,0.000109375,16
1765352851.8264298,2025-12-10 15:47:31,-0.000125000,0.000000000,0.000000000,0.000000000,0.000000000,-0.000125000,16,0.000000000,0.000000000,0.000000000,0.000000000,0.000000000,0.000000000,16,0.000085937,0.000093750,0.000093750,0.000062500,0.000125000,0.000085937,16,0.000062500,0.000062500,0.000062500,0.000062500,0.000125000,0.000062500,16,0.000078125,0.000078125,0.000062500,0.000062500,0.000125000,0.000078125,16,0.000046875,0.000062500,0.000062500,0.000062500,0.000000000,0.000046875,16,0.000101563,0.000093750,0.000093750,0.000125000,0.000125000,0.000101563,16,0.000109375,0.000109375,0.000125000,0.000125000,0.000125000,0.000109375,16
1765352862.6732583,2025-12-10 15:47:42,-0.000125000,0.000000000,0.000000000,0.000000000,0.000000000,-0.000125000,16,0.000000000,0.000000000,0.000000000,0.000000000,0.000000000,0.000000000,16,0.000101563,0.000093750,0.000093750,0.000062500,0.000125000,0.000101563,16,0.000062500,0.000062500,0.000062500,0.000062500,0.000000000,0.000062500,16,0.000101563,0.000093750,0.000093750,0.000125000,0.000125000,0.000101563,16,0.000070313,0.000078125,0.000062500,0.000125000,0.000125000,0.000070313,16,0.000109375,0.000093750,0.000093750,0.000125000,0.000125000,0.000109375,16,0.000125000,0.000109375,0.000125000,0.000125000,0.000125000,0.000125000,16
1765352873.5194623,2025-12-10 15:47:53,0.000000000,0.000000000,0.000000000,0.000000000,0.000000000,0.000000000,16,0.000000000,0.000000000,0.000000000,0.000000000,0.000000000,0.000000000,16,0.000078125,0.000078125,0.000093750,0.000062500,0.000125000,0.000078125,16,0.000054688,0.000046875,0.000062500,0.000062500,0.000000000,0.000054688,16,0.000070313,0.000062500,0.000062500,0.000062500,0.000000000,0.000070313,16,0.000039063,0.000046875,0.000062500,0.000062500,0.000000000,0.000039063,16,0.000101563,0.000093750,0.000093750,0.000125000,0.000125000,0.000101563,16,0.000101563,0.000109375,0.000093750,0.000125000,0.000125000,0.000101563,16
1765352884.365076,2025-12-10 15:48:04,0.000000000,0.000000000,0.000000000,0.000000000,0.000000000,0.000000000,16,0.000000000,0.000000000,0.000000000,0.000000000,0.000000000,0.000000000,16,0.000093750,0.000093750,0.000093750,0.000062500,0.000125000,0.000093750,16,0.000054688,0.000062500,0.000062500,0.000062500,0.000000000,0.000054688,16,0.000093750,0.000093750,0.000093750,0.000062500,0.000125000,0.000093750,16,0.000070313,0.000078125,0.000062500,0.000062500,0.000000000,0.000070313,16,0.000109375,0.000109375,0.000093750,0.000125000,0.000125000,0.000109375,16,0.000117187,0.000109375,0.000125000,0.000125000,0.000125000,0.000117187,16
1765352895.2119825,2025-12-10 15:48:15,-0.000125000,0.000000000,0.000000000,0.000000000,0.000000000,-0.000125000,16,0.000000000,0.000000000,0.000000000,0.000000000,0.000000000,0.000000000,16,0.000093750,0.000093750,0.000093750,0.000062500,0.000000000,0.000093750,16,0.000062500,0.000062500,0.000062500,0.000062500,0.000000000,0.000062500,16,0.000101563,0.000093750,0.000093750,0.000062500,0.000125000,0.000101563,16,0.000070313,0.000078125,0.000062500,0.000062500,0.000000000,0.000070313,16,0.000101563,0.000093750,0.000093750,0.000062500,0.000125000,0.000101563,16,0.000117187,0.000125000,0.000125000,0.000125000,0.000125000,0.000117187,16
1765352906.0584931,2025-12-10 15:48:26,0.000000000,0.000000000,0.000000000,0.000000000,0.000000000,0.000000000,16,0.000000000,0.000000000,0.000000000,0.000000000,0.000000000,0.000000000,16,0.000078125,0.000078125,0.000093750,0.000125000,0.000125000,0.000078125,16,0.000039063,0.000046875,0.000031250,0.000062500,0.000125000,0.000039063,16,0.000078125,0.000078125,0.000093750,0.000062500,0.000125000,0.000078125,16,0.000054688,0.000062500,0.000062500,0.000062500,0.000125000,0.000054688,16,0.000093750,0.000093750,0.000093750,0.000125000,0.000125000,0.000093750,16,0.000117187,0.000109375,0.000125000,0.000125000,0.000125000,0.000117187,16
1765352916.9068322,2025-12-10 15:48:36,-0.000125000,0.000000000,0.000000000,0.000000000,0.000000000,-0.000125000,16,0.000000000,0.000000000,0.000000000,0.000000000,0.000000000,0.000000000,16,0.000085937,0.000093750,0.000093750,0.000062500,0.000125000,0.000085937,16,0.000054688,0.000062500,0.000062500,0.000062500,0.000125000,0.000054688,16,0.000085937,0.000093750,0.000093750,0.000062500,0.000000000,0.000085937,16,0.000062500,0.000062500,0.000062500,0.000062500,0.000000000,0.000062500,16,0.000093750,0.000093750,0.000093750,0.000062500,0.000125000,0.000093750,16,0.000101563,0.000093750,0.000093750,0.000125000,0.000125000,0.000101563,16
1765352927.7545817,2025-12-10 15:48:47,-0.000125000,0.000000000,0.000000000,0.000000000,0.000000000,-0.000125000,16,0.000000000,0.000000000,0.000000000,0.000000000,0.000000000,0.000000000,16,0.000085937,0.000078125,0.000062500,0.000062500,0.000125000,0.000085937,16,0.000062500,0.000046875,0.000062500,0.000062500,0.000000000,0.000062500,16,0.000085937,0.000078125,0.000093750,0.000125000,0.000125000,0.000085937,16,0.000054688,0.000046875,0.000062500,0.000062500,0.000125000,0.000054688,16,0.000093750,0.000093750,0.000093750,0.000125000,0.000125000,0.000093750,16,0.000109375,0.000109375,0.000125000,0.000125000,0.000125000,0.000109375,16
1765352938.600154,2025-12-10 15:48:58,0.000000000,0.000000000,0.000000000,0.000000000,0.000000000,0.000000000,16,0.000000000,0.000000000,0.000000000,0.000000000,0.000000000,0.000000000,16,0.000085937,0.000078125,0.000062500,0.000062500,0.000125000,0.000085937,16,0.000054688,0.000062500,0.000062500,0.000062500,0.000125000,0.000054688,16,0.000101563,0.000093750,0.000093750,0.000125000,0.000125000,0.000101563,16,0.000070313,0.000062500,0.000093750,0.000062500,0.000000000,0.000070313,16,0.000093750,0.000093750,0.000093750,0.000125000,0.000125000,0.000093750,16,0.000117187,0.000125000,0.000125000,0.000125000,0.000125000,0.000117187,16
1765352949.4472995,2025-12-10 15:49:09,-0.000125000,0.000000000,0.000000000,0.000000000,0.000000000,-0.000125000,16,0.000000000,0.000000000,0.000000000,0.000000000,0.000000000,0.000000000,16,0.000078125,0.000078125,0.000093750,0.000062500,0.000125000,0.000078125,16,0.000054688,0.000062500,0.000062500,0.000062500,0.000000000,0.000054688,16,0.000101563,0.000093750,0.000093750,0.000125000,0.000125000,0.000101563,16,0.000070313,0.000062500,0.000062500,0.000062500,0.000125000,0.000070313,16,0.000085937,0.000093750,0.000093750,0.000125000,0.000125000,0.000085937,16,0.000117187,0.000109375,0.000125000,0.000125000,0.000125000,0.000117187,16
1765352960.2922301,2025-12-10 15:49:20,-0.000125000,0.000000000,0.000000000,0.000000000,0.000000000,-0.000125000,16,0.000000000,0.000000000,0.000000000,0.000000000,0.000000000,0.000000000,16,0.000070313,0.000078125,0.000093750,0.000062500,0.000125000,0.000070313,16,0.000054688,0.000046875,0.000031250,0.000062500,0.000000000,0.000054688,16,0.000078125,0.000078125,0.000093750,0.000062500,0.000125000,0.000078125,16,0.000046875,0.000046875,0.000062500,0.000062500,0.000125000,0.000046875,16,0.000085937,0.000093750,0.000093750,0.000062500,0.000125000,0.000085937,16,0.000109375,0.000109375,0.000125000,0.000125000,0.000000000,0.000109375,16
1765352971.1384923,2025-12-10 15:49:31,0.000000000,0.000000000,0.000000000,0.000000000,0.000000000,0.000000000,16,0.000000000,0.000000000,0.000000000,0.000000000,0.000000000,0.000000000,16,0.000070313,0.000078125,0.000062500,0.000062500,0.000125000,0.000070313,16,0.000054688,0.000062500,0.000062500,0.000062500,0.000000000,0.000054688,16,0.000093750,0.000093750,0.000093750,0.000062500,0.000125000,0.000093750,16,0.000054688,0.000062500,0.000062500,0.000062500,0.000125000,0.000054688,16,0.000093750,0.000093750,0.000093750,0.000062500,0.000125000,0.000093750,16,0.000101563,0.000093750,0.000093750,0.000125000,0.000125000,0.000101563,16
1765352981.9842646,2025-12-10 15:49:41,-0.000125000,0.000000000,0.000000000,0.000000000,0.000000000,-0.000125000,16,0.000000000,0.000000000,0.000000000,0.000000000,0.000000000,0.000000000,16,0.000085937,0.000078125,0.000093750,0.000062500,0.000125000,0.000085937,16,0.000062500,0.000062500,0.000062500,0.000062500,0.000125000,0.000062500,16,0.000101563,0.000093750,0.000093750,0.000062500,0.000125000,0.000101563,16,0.000070313,0.000062500,0.000062500,0.000062500,0.000000000,0.000070313,16,0.000101563,0.000093750,0.000093750,0.000125000,0.000125000,0.000101563,16,0.000093750,0.000109375,0.000093750,0.000125000,0.000125000,0.000093750,16
1765352992.8280053,2025-12-10 15:49:52,-0.000125000,0.000000000,0.000000000,0.000000000,0.000000000,-0.000125000,16,0.000000000,0.000000000,0.000000000,0.000000000,0.000000000,0.000000000,16,0.000078125,0.000078125,0.000062500,0.000125000,0.000000000,0.000078125,16,0.000062500,0.000062500,0.000062500,0.000062500,0.000000000,0.000062500,16,0.000093750,0.000093750,0.000093750,0.000125000,0.000125000,0.000093750,16,0.000070313,0.000062500,0.000062500,0.000062500,0.000000000,0.000070313,16,0.000093750,0.000093750,0.000093750,0.000062500,0.000125000,0.000093750,16,0.000101563,0.000109375,0.000125000,0.000125000,0.000125000,0.000101563,16
1765353003.6757505,2025-12-10 15:50:03,-0.000125000,0.000000000,0.000000000,0.000000000,0.000000000,-0.000125000,16,0.000000000,0.000000000,0.000000000,0.000000000,0.000000000,0.000000000,16,0.000085937,0.000093750,0.000062500,0.000062500,0.000000000,0.000085937,16,0.000062500,0.000062500,0.000062500,0.000062500,0.000125000,0.000062500,16,0.000093750,0.000078125,0.000093750,0.000125000,0.000125000,0.000093750,16,0.000070313,0.000062500,0.000062500,0.000062500,0.000000000,0.000070313,16,0.000101563,0.000093750,0.000093750,0.000125000,0.000125000,0.000101563,16,0.000109375,0.000109375,0.000093750,0.000125000,0.000125000,0.000109375,16
1765353014.522667,2025-12-10 15:50:14,-0.000125000,0.000000000,0.000000000,0.000000000,0.000000000,-0.000125000,16,0.000000000,0.000000000,0.000000000,0.000000000,0.000000000,0.000000000,16,0.000085937,0.000093750,0.000093750,0.000062500,0.000125000,0.000085937,16,0.000062500,0.000062500,0.000062500,0.000062500,0.000000000,0.000062500,16,0.000101563,0.000109375,0.000093750,0.000125000,0.000125000,0.000101563,16,0.000070313,0.000078125,0.000062500,0.000062500,0.000000000,0.000070313,16,0.000101563,0.000093750,0.000093750,0.000125000,0.000125000,0.000101563,16,0.000117187,0.000125000,0.000125000,0.000125000,0.000125000,0.000117187,16
1765353025.3674302,2025-12-10 15:50:25,-0.000125000,0.000000000,0.000000000,0.000000000,0.000000000,-0.000125000,16,0.000000000,0.000000000,0.000000000,0.000000000,0.000000000,0.000000000,16,0.000078125,0.000078125,0.000093750,0.000062500,0.000000000,0.000078125,16,0.000062500,0.000062500,0.000062500,0.000062500,0.000000000,0.000062500,16,0.000101563,0.000093750,0.000093750,0.000125000,0.000125000,0.000101563,16,0.000062500,0.000078125,0.000062500,0.000062500,0.000125000,0.000062500,16,0.000101563,0.000093750,0.000093750,0.000125000,0.000125000,0.000101563,16,0.000117187,0.000109375,0.000125000,0.000125000,0.000125000,0.000117187,16
1765353036.214061,2025-12-10 15:50:36,0.000000000,0.000000000,0.000000000,0.000000000,0.000000000,0.000000000,16,0.000000000,0.000000000,0.000000000,0.000000000,0.000000000,0.000000000,16,0.000070313,0.000078125,0.000062500,0.000062500,0.000125000,0.000070313,16,0.000062500,0.000062500,0.000062500,0.000062500,0.000125000,0.000062500,16,0.000101563,0.000093750,0.000093750,0.000062500,0.000125000,0.000101563,16,0.000070313,0.000062500,0.000062500,0.000062500,0.000125000,0.000070313,16,0.000101563,0.000093750,0.000093750,0.000125000,0.000125000,0.000101563,16,0.000109375,0.000109375,0.000093750,0.000125000,0.000125000,0.000109375,16
1765353047.0605218,2025-12-10 15:50:47,-0.000125000,0.000000000,0.000000000,0.000000000,0.000000000,-0.000125000,16,0.000000000,0.000000000,0.000000000,0.000000000,0.000000000,0.000000000,16,0.000078125,0.000078125,0.000093750,0.000062500,0.000125000,0.000078125,16,0.000054688,0.000062500,0.000062500,0.000062500,0.000125000,0.000054688,16,0.000093750,0.000093750,0.000093750,0.000062500,0.000000000,0.000093750,16,0.000070313,0.000062500,0.000093750,0.000062500,0.000125000,0.000070313,16,0.000093750,0.000093750,0.000093750,0.000125000,0.000125000,0.000093750,16,0.000109375,0.000109375,0.000125000,0.000125000,0.000125000,0.000109375,16
1765353057.9066665,2025-12-10 15:50:57,0.000000000,0.000000000,0.000000000,0.000000000,0.000000000,0.000000000,16,0.000000000,0.000000000,0.000000000,0.000000000,0.000000000,0.000000000,16,0.000070313,0.000078125,0.000062500,0.000062500,0.000125000,0.000070313,16,0.000046875,0.000046875,0.000031250,0.000062500,0.000000000,0.000046875,16,0.000085937,0.000093750,0.000093750,0.000062500,0.000125000,0.000085937,16,0.000062500,0.000062500,0.000062500,0.000062500,0.000000000,0.000062500,16,0.000093750,0.000093750,0.000093750,0.000125000,0.000000000,0.000093750,16,0.000101563,0.000109375,0.000125000,0.000125000,0.000125000,0.000101563,16
1765353068.749554,2025-12-10 15:51:08,0.000000000,0.000000000,0.000000000,0.000000000,0.000000000,0.000000000,16,0.000000000,0.000000000,0.000000000,0.000000000,0.000000000,0.000000000,16,0.000070313,0.000062500,0.000062500,0.000062500,0.000000000,0.000070313,16,0.000054688,0.000046875,0.000062500,0.000062500,0.000000000,0.000054688,16,0.000078125,0.000078125,0.000093750,0.000062500,0.000000000,0.000078125,16,0.000046875,0.000046875,0.000062500,0.000062500,0.000000000,0.000046875,16,0.000093750,0.000093750,0.000093750,0.000125000,0.000125000,0.000093750,16,0.000093750,0.000093750,0.000093750,0.000125000,0.000125000,0.000093750,16
1765353079.5956206,2025-12-10 15:51:19,-0.000125000,0.000000000,0.000000000,0.000000000,0.000000000,-0.000125000,16,0.000000000,0.000000000,0.000000000,0.000000000,0.000000000,0.000000000,16,0.000078125,0.000078125,0.000093750,0.000062500,0.000000000,0.000078125,16,0.000046875,0.000062500,0.000031250,0.000062500,0.000000000,0.000046875,16,0.000093750,0.000093750,0.000093750,0.000125000,0.000125000,0.000093750,16,0.000078125,0.000078125,0.000062500,0.000062500,0.000000000,0.000078125,16,0.000101563,0.000109375,0.000093750,0.000125000,0.000125000,0.000101563,16,0.000109375,0.000109375,0.000093750,0.000125000,0.000125000,0.000109375,16
1765353090.4413433,2025-12-10 15:51:30,-0.000125000,0.000000000,0.000000000,0.000000000,0.000000000,-0.000125000,16,0.000000000,0.000000000,0.000000000,0.000000000,0.000000000,0.000000000,16,0.000078125,0.000078125,0.000093750,0.000062500,0.000125000,0.000078125,16,0.000046875,0.000046875,0.000062500,0.000062500,0.000000000,0.000046875,16,0.000085937,0.000078125,0.000093750,0.000062500,0.000000000,0.000085937,16,0.000062500,0.000046875,0.000062500,0.000062500,0.000000000,0.000062500,16,0.000101563,0.000109375,0.000093750,0.000125000,0.000125000,0.000101563,16,0.000101563,0.000093750,0.000093750,0.000125000,0.000125000,0.000101563,16
1765353101.2873569,2025-12-10 15:51:41,-0.000125000,0.000000000,0.000000000,0.000000000,0.000000000,-0.000125000,16,0.000000000,0.000000000,0.000000000,0.000000000,0.000000000,0.000000000,16,0.000085937,0.000078125,0.000062500,0.000062500,0.000125000,0.000085937,16,0.000062500,0.000062500,0.000062500,0.000062500,0.000125000,0.000062500,16,0.000085937,0.000093750,0.000093750,0.000062500,0.000125000,0.000085937,16,0.000070313,0.000062500,0.000062500,0.000062500,0.000000000,0.000070313,16,0.000109375,0.000109375,0.000093750,0.000125000,0.000125000,0.000109375,16,0.000101563,0.000109375,0.000093750,0.000125000,0.000125000,0.000101563,16
1765353112.1343248,2025-12-10 15:51:52,-0.000125000,0.000000000,0.000000000,0.000000000,0.000000000,-0.000125000,16,0.000000000,0.000000000,0.000000000,0.000000000,0.000000000,0.000000000,16,0.000085937,0.000078125,0.000093750,0.000125000,0.000125000,0.000085937,16,0.000062500,0.000062500,0.000062500,0.000062500,0.000125000,0.000062500,16,0.000093750,0.000109375,0.000093750,0.000062500,0.000125000,0.000093750,16,0.000078125,0.000062500,0.000062500,0.000062500,0.000000000,0.000078125,16,0.000109375,0.000109375,0.000125000,0.000125000,0.000125000,0.000109375,16,0.000117187,0.000109375,0.000125000,0.000125000,0.000125000,0.000117187,16
1765353122.9789836,2025-12-10 15:52:02,-0.000125000,0.000000000,0.000000000,0.000000000,0.000000000,-0.000125000,16,0.000000000,0.000000000,0.000000000,0.000000000,0.000000000,0.000000000,16,0.000078125,0.000078125,0.000093750,0.000062500,0.000000000,0.000078125,16,0.000054688,0.000046875,0.000062500,0.000062500,0.000000000,0.000054688,16,0.000093750,0.000093750,0.000093750,0.000125000,0.000125000,0.000093750,16,0.000054688,0.000062500,0.000062500,0.000062500,0.000125000,0.000054688,16,0.000101563,0.000093750,0.000093750,0.000125000,0.000125000,0.000101563,16,0.000109375,0.000093750,0.000093750,0.000062500,0.000000000,0.000109375,16
1765353133.8274114,2025-12-10 15:52:13,-0.000125000,0.000000000,0.000000000,0.000000000,0.000000000,-0.000125000,16,0.000000000,0.000000000,0.000000000,0.000000000,0.000000000,0.000000000,16,0.000078125,0.000093750,0.000093750,0.000062500,0.000125000,0.000078125,16,0.000062500,0.000062500,0.000062500,0.000062500,0.000000000,0.000062500,16,0.000093750,0.000093750,0.000093750,0.000125000,0.000125000,0.000093750,16,0.000062500,0.000062500,0.000062500,0.000062500,0.000125000,0.000062500,16,0.000109375,0.000109375,0.000093750,0.000125000,0.000125000,0.000109375,16,0.000117187,0.000109375,0.000125000,0.000125000,0.000125000,0.000117187,16
1765353144.6752439,2025-12-10 15:52:24,-0.000125000,0.000000000,0.000000000,0.000000000,0.000000000,-0.000125000,16,0.000000000,0.000000000,0.000000000,0.000000000,0.000000000,0.000000000,16,0.000085937,0.000078125,0.000093750,0.000062500,0.000000000,0.000085937,16,0.000070313,0.000062500,0.000062500,0.000062500,0.000125000,0.000070313,16,0.000093750,0.000093750,0.000093750,0.000125000,0.000125000,0.000093750,16,0.000070313,0.000062500,0.000062500,0.000062500,0.000125000,0.000070313,16,0.000109375,0.000109375,0.000125000,0.000125000,0.000125000,0.000109375,16,0.000125000,0.000109375,0.000093750,0.000125000,0.000125000,0.000125000,16
1765353155.5235415,2025-12-10 15:52:35,0.000000000,0.000000000,0.000000000,0.000000000,0.000000000,0.000000000,16,0.000000000,0.000000000,0.000000000,0.000000000,0.000000000,0.000000000,16,0.000078125,0.000078125,0.000062500,0.000062500,0.000125000,0.000078125,16,0.000046875,0.000046875,0.000062500,0.000062500,0.000125000,0.000046875,16,0.000078125,0.000078125,0.000062500,0.000062500,0.000000000,0.000078125,16,0.000046875,0.000031250,0.000031250,0.000062500,0.000125000,0.000046875,16,0.000093750,0.000093750,0.000093750,0.000125000,0.000125000,0.000093750,16,0.000093750,0.000093750,0.000093750,0.000062500,0.000125000,0.000093750,16
1765353166.3693557,2025-12-10 15:52:46,-0.000125000,0.000000000,0.000000000,0.000000000,0.000000000,-0.000125000,16,0.000000000,0.000000000,0.000000000,0.000000000,0.000000000,0.000000000,16,0.000085937,0.000078125,0.000062500,0.000125000,0.000125000,0.000085937,16,0.000070313,0.000078125,0.000062500,0.000062500,0.000125000,0.000070313,16,0.000093750,0.000093750,0.000093750,0.000125000,0.000125000,0.000093750,16,0.000070313,0.000062500,0.000062500,0.000062500,0.000125000,0.000070313,16,0.000101563,0.000109375,0.000093750,0.000125000,0.000125000,0.000101563,16,0.000117187,0.000109375,0.000093750,0.000125000,0.000125000,0.000117187,16
1765353177.2147255,2025-12-10 15:52:57,-0.000125000,0.000000000,0.000000000,0.000000000,0.000000000,-0.000125000,16,0.000000000,0.000000000,0.000000000,0.000000000,0.000000000,0.000000000,16,0.000085937,0.000093750,0.000093750,0.000125000,0.000125000,0.000085937,16,0.000070313,0.000062500,0.000062500,0.000062500,0.000000000,0.000070313,16,0.000085937,0.000093750,0.000093750,0.000125000,0.000125000,0.000085937,16,0.000070313,0.000078125,0.000062500,0.000062500,0.000000000,0.000070313,16,0.000101563,0.000109375,0.000093750,0.000125000,0.000125000,0.000101563,16,0.000117187,0.000125000,0.000125000,0.000125000,0.000125000,0.000117187,16
1765353188.059081,2025-12-10 15:53:08,-0.000125000,0.000000000,0.000000000,0.000000000,0.000000000,-0.000125000,16,0.000000000,0.000000000,0.000000000,0.000000000,0.000000000,0.000000000,16,0.000093750,0.000093750,0.000093750,0.000125000,0.000125000,0.000093750,16,0.000062500,0.000062500,0.000062500,0.000062500,0.000000000,0.000062500,16,0.000093750,0.000093750,0.000093750,0.000125000,0.000125000,0.000093750,16,0.000070313,0.000062500,0.000062500,0.000062500,0.000000000,0.000070313,16,0.000101563,0.000109375,0.000093750,0.000125000,0.000125000,0.000101563,16,0.000117187,0.000109375,0.000125000,0.000125000,0.000125000,0.000117187,16
1765353198.9053738,2025-12-10 15:53:18,-0.000125000,0.000000000,0.000000000,0.000000000,0.000000000,-0.000125000,16,0.000000000,0.000000000,0.000000000,0.000000000,0.000000000,0.000000000,16,0.000085937,0.000093750,0.000093750,0.000062500,0.000125000,0.000085937,16,0.000070313,0.000062500,0.000062500,0.000062500,0.000125000,0.000070313,16,0.000101563,0.000093750,0.000093750,0.000125000,0.000125000,0.000101563,16,0.000070313,0.000062500,0.000062500,0.000062500,0.000000000,0.000070313,16,0.000101563,0.000093750,0.000093750,0.000125000,0.000125000,0.000101563,16,0.000117187,0.000109375,0.000125000,0.000125000,0.000125000,0.000117187,16
1765353209.750638,2025-12-10 15:53:29,-0.000125000,0.000000000,0.000000000,0.000000000,0.000000000,-0.000125000,16,0.000000000,0.000000000,0.000000000,0.000000000,0.000000000,0.000000000,16,0.000085937,0.000093750,0.000093750,0.000062500,0.000125000,0.000085937,16,0.000062500,0.000062500,0.000062500,0.000062500,0.000000000,0.000062500,16,0.000085937,0.000093750,0.000093750,0.000062500,0.000125000,0.000085937,16,0.000070313,0.000062500,0.000062500,0.000062500,0.000125000,0.000070313,16,0.000101563,0.000093750,0.000093750,0.000125000,0.000125000,0.000101563,16,0.000109375,0.000109375,0.000093750,0.000125000,0.000125000,0.000109375,16
1765353220.598179,2025-12-10 15:53:40,-0.000125000,0.000000000,0.000000000,0.000000000,0.000000000,-0.000125000,16,0.000000000,0.000000000,0.000000000,0.000000000,0.000000000,0.000000000,16,0.000085937,0.000078125,0.000093750,0.000062500,0.000125000,0.000085937,16,0.000062500,0.000062500,0.000062500,0.000062500,0.000000000,0.000062500,16,0.000093750,0.000093750,0.000093750,0.000125000,0.000125000,0.000093750,16,0.000070313,0.000062500,0.000062500,0.000062500,0.000000000,0.000070313,16,0.000101563,0.000109375,0.000093750,0.000125000,0.000125000,0.000101563,16,0.000117187,0.000109375,0.000125000,0.000125000,0.000125000,0.000117187,16
1765353231.442296,2025-12-10 15:53:51,0.000000000,-0.000250000,0.000000000,0.000000000,0.000000000,0.000000000,16,0.000000000,0.000000000,0.000000000,0.000000000,0.000000000,0.000000000,16,0.000078125,0.000078125,0.000062500,0.000062500,0.000125000,0.000078125,16,0.000062500,0.000062500,0.000062500,0.000062500,0.000000000,0.000062500,16,0.000101563,0.000093750,0.000093750,0.000062500,0.000125000,0.000101563,16,0.000062500,0.000062500,0.000062500,0.000062500,0.000000000,0.000062500,16,0.000101563,0.000093750,0.000093750,0.000062500,0.000125000,0.000101563,16,0.000109375,0.000109375,0.000093750,0.000125000,0.000125000,0.000109375,16
1765353242.2883508,2025-12-10 15:54:02,0.000000000,0.000000000,0.000000000,0.000000000,0.000000000,0.000000000,16,0.000000000,0.000000000,0.000000000,0.000000000,0.000000000,0.000000000,16,0.000078125,0.000078125,0.000093750,0.000125000,0.000125000,0.000078125,16,0.000054688,0.000062500,0.000062500,0.000062500,0.000000000,0.000054688,16,0.000093750,0.000093750,0.000093750,0.000125000,0.000125000,0.000093750,16,0.000062500,0.000062500,0.000062500,0.000062500,0.000000000,0.000062500,16,0.000093750,0.000093750,0.000093750,0.000125000,0.000125000,0.000093750,16,0.000117187,0.000109375,0.000093750,0.000125000,0.000125000,0.000117187,16
1765353253.1332872,2025-12-10 15:54:13,0.000000000,0.000000000,0.000000000,0.000000000,0.000000000,0.000000000,16,0.000000000,0.000000000,0.000000000,0.000000000,0.000000000,0.000000000,16,0.000070313,0.000062500,0.000062500,0.000062500,0.000000000,0.000070313,16,0.000046875,0.000046875,0.000062500,0.000062500,0.000000000,0.000046875,16,0.000085937,0.000093750,0.000093750,0.000062500,0.000125000,0.000085937,16,0.000054688,0.000046875,0.000031250,0.000062500,0.000000000,0.000054688,16,0.000085937,0.000093750,0.000093750,0.000062500,0.000125000,0.000085937,16,0.000093750,0.000093750,0.000093750,0.000062500,0.000125000,0.000093750,16
1765353263.9788752,2025-12-10 15:54:23,0.000000000,0.000000000,0.000000000,0.000000000,0.000000000,0.000000000,16,0.000000000,0.000000000,0.000000000,0.000000000,0.000000000,0.000000000,16,0.000070313,0.000078125,0.000062500,0.000062500,0.000125000,0.000070313,16,0.000054688,0.000046875,0.000031250,0.000062500,0.000000000,0.000054688,16,0.000078125,0.000078125,0.000062500,0.000062500,0.000125000,0.000078125,16,0.000039063,0.000046875,0.000031250,0.000062500,0.000125000,0.000039063,16,0.000093750,0.000093750,0.000093750,0.000125000,0.000000000,0.000093750,16,0.000093750,0.000093750,0.000093750,0.000125000,0.000125000,0.000093750,16
1765353274.8234975,2025-12-10 15:54:34,0.000000000,0.000000000,0.000000000,0.000000000,0.000000000,0.000000000,16,0.000000000,0.000000000,0.000000000,0.000000000,0.000000000,0.000000000,16,0.000070313,0.000062500,0.000062500,0.000062500,0.000125000,0.000070313,16,0.000031250,0.000031250,0.000031250,0.000062500,0.000000000,0.000031250,16,0.000062500,0.000062500,0.000062500,0.000062500,0.000000000,0.000062500,16,0.000039063,0.000046875,0.000062500,0.000062500,0.000000000,0.000039063,16,0.000101563,0.000093750,0.000093750,0.000125000,0.000125000,0.000101563,16,0.000093750,0.000109375,0.000093750,0.000125000,0.000125000,0.000093750,16
1765353285.669557,2025-12-10 15:54:45,0.000000000,0.000000000,0.000000000,0.000000000,0.000000000,0.000000000,16,0.000000000,0.000000000,0.000000000,0.000000000,0.000000000,0.000000000,16,0.000070313,0.000078125,0.000062500,0.000062500,0.000125000,0.000070313,16,0.000054688,0.000046875,0.000062500,0.000062500,0.000000000,0.000054688,16,0.000070313,0.000062500,0.000062500,0.000062500,0.000125000,0.000070313,16,0.000039063,0.000046875,0.000031250,0.000000000,0.000000000,0.000039063,16,0.000093750,0.000093750,0.000093750,0.000125000,0.000125000,0.000093750,16,0.000101563,0.000109375,0.000093750,0.000125000,0.000125000,0.000101563,16
1765353296.5162933,2025-12-10 15:54:56,-0.000125000,0.000000000,0.000000000,0.000000000,0.000000000,-0.000125000,16,0.000000000,0.000000000,0.000000000,0.000000000,0.000000000,0.000000000,16,0.000085937,0.000078125,0.000093750,0.000062500,0.000000000,0.000085937,16,0.000062500,0.000062500,0.000062500,0.000062500,0.000000000,0.000062500,16,0.000093750,0.000093750,0.000093750,0.000062500,0.000125000,0.000093750,16,0.000070313,0.000062500,0.000062500,0.000062500,0.000125000,0.000070313,16,0.000101563,0.000109375,0.000093750,0.000125000,0.000125000,0.000101563,16,0.000109375,0.000109375,0.000125000,0.000125000,0.000125000,0.000109375,16
1765353307.3604946,2025-12-10 15:55:07,-0.000125000,0.000000000,0.000000000,0.000000000,0.000000000,-0.000125000,16,0.000000000,0.000000000,0.000000000,0.000000000,0.000000000,0.000000000,16,0.000078125,0.000093750,0.000093750,0.000062500,0.000125000,0.000078125,16,0.000054688,0.000062500,0.000062500,0.000062500,0.000125000,0.000054688,16,0.000093750,0.000093750,0.000093750,0.000125000,0.000125000,0.000093750,16,0.000062500,0.000062500,0.000062500,0.000062500,0.000125000,0.000062500,16,0.000101563,0.000093750,0.000093750,0.000125000,0.000125000,0.000101563,16,0.000117187,0.000109375,0.000125000,0.000125000,0.000125000,0.000117187,16
1765353318.204212,2025-12-10 15:55:18,0.000000000,0.000000000,0.000000000,0.000000000,0.000000000,0.000000000,16,0.000000000,0.000000000,0.000000000,0.000000000,0.000000000,0.000000000,16,0.000070313,0.000078125,0.000062500,0.000062500,0.000125000,0.000070313,16,0.000054688,0.000062500,0.000062500,0.000062500,0.000000000,0.000054688,16,0.000093750,0.000093750,0.000093750,0.000125000,0.000125000,0.000093750,16,0.000062500,0.000062500,0.000062500,0.000062500,0.000000000,0.000062500,16,0.000093750,0.000093750,0.000093750,0.000125000,0.000125000,0.000093750,16,0.000101563,0.000109375,0.000093750,0.000125000,0.000125000,0.000101563,16
1765353329.0525677,2025-12-10 15:55:29,0.000000000,0.000000000,0.000000000,0.000000000,0.000000000,0.000000000,16,0.000000000,0.000000000,0.000000000,0.000000000,0.000000000,0.000000000,16,0.000070313,0.000062500,0.000062500,0.000062500,0.000000000,0.000070313,16,0.000031250,0.000031250,0.000031250,0.000000000,0.000000000,0.000031250,16,0.000070313,0.000078125,0.000093750,0.000062500,0.000125000,0.000070313,16,0.000039063,0.000046875,0.000062500,0.000062500,0.000000000,0.000039063,16,0.000085937,0.000093750,0.000093750,0.000062500,0.000125000,0.000085937,16,0.000093750,0.000093750,0.000093750,0.000062500,0.000125000,0.000093750,16
1765353339.898782,2025-12-10 15:55:39,0.000000000,0.000000000,0.000000000,0.000000000,0.000000000,0.000000000,16,0.000000000,0.000000000,0.000000000,0.000000000,0.000000000,0.000000000,16,0.000070313,0.000078125,0.000062500,0.000062500,0.000125000,0.000070313,16,0.000054688,0.000062500,0.000062500,0.000062500,0.000000000,0.000054688,16,0.000093750,0.000093750,0.000093750,0.000062500,0.000125000,0.000093750,16,0.000062500,0.000062500,0.000062500,0.000062500,0.000125000,0.000062500,16,0.000093750,0.000093750,0.000093750,0.000125000,0.000125000,0.000093750,16,0.000109375,0.000093750,0.000093750,0.000125000,0.000125000,0.000109375,16
1765353350.7476199,2025-12-10 15:55:50,0.000000000,0.000000000,0.000000000,0.000000000,0.000000000,0.000000000,16,0.000000000,0.000000000,0.000000000,0.000000000,0.000000000,0.000000000,16,0.000078125,0.000078125,0.000062500,0.000062500,0.000125000,0.000078125,16,0.000054688,0.000046875,0.000062500,0.000062500,0.000000000,0.000054688,16,0.000085937,0.000078125,0.000093750,0.000125000,0.000000000,0.000085937,16,0.000054688,0.000062500,0.000062500,0.000062500,0.000000000,0.000054688,16,0.000093750,0.000093750,0.000093750,0.000062500,0.000125000,0.000093750,16,0.000101563,0.000093750,0.000093750,0.000125000,0.000125000,0.000101563,16
1765353361.595107,2025-12-10 15:56:01,0.000000000,0.000000000,0.000000000,0.000000000,0.000000000,0.000000000,16,0.000000000,0.000000000,0.000000000,0.000000000,0.000000000,0.000000000,16,0.000070313,0.000078125,0.000062500,0.000062500,0.000000000,0.000070313,16,0.000039063,0.000031250,0.000031250,0.000062500,0.000000000,0.000039063,16,0.000054688,0.000062500,0.000062500,0.000062500,0.000000000,0.000054688,16,0.000031250,0.000031250,0.000031250,0.000062500,0.000000000,0.000031250,16,0.000093750,0.000093750,0.000093750,0.000125000,0.000125000,0.000093750,16,0.000093750,0.000093750,0.000093750,0.000125000,0.000125000,0.000093750,16
1765353372.4416392,2025-12-10 15:56:12,0.000000000,0.000000000,0.000000000,0.000000000,0.000000000,0.000000000,16,0.000000000,0.000000000,0.000000000,0.000000000,0.000000000,0.000000000,16,0.000078125,0.000078125,0.000062500,0.000062500,0.000000000,0.000078125,16,0.000070313,0.000062500,0.000062500,0.000062500,0.000000000,0.000070313,16,0.000078125,0.000078125,0.000093750,0.000062500,0.000125000,0.000078125,16,0.000054688,0.000046875,0.000062500,0.000062500,0.000000000,0.000054688,16,0.000101563,0.000093750,0.000093750,0.000125000,0.000125000,0.000101563,16,0.000101563,0.000109375,0.000093750,0.000062500,0.000125000,0.000101563,16
1765353383.2890768,2025-12-10 15:56:23,-0.000125000,0.000000000,0.000000000,0.000000000,0.000000000,-0.000125000,16,0.000000000,0.000000000,0.000000000,0.000000000,0.000000000,0.000000000,16,0.000078125,0.000062500,0.000062500,0.000062500,0.000125000,0.000078125,16,0.000054688,0.000062500,0.000062500,0.000062500,0.000125000,0.000054688,16,0.000070313,0.000078125,0.000062500,0.000062500,0.000000000,0.000070313,16,0.000046875,0.000046875,0.000062500,0.000062500,0.000000000,0.000046875,16,0.000093750,0.000093750,0.000093750,0.000125000,0.000125000,0.000093750,16,0.000101563,0.000093750,0.000093750,0.000125000,0.000125000,0.000101563,16
1765353394.1354802,2025-12-10 15:56:34,0.000000000,0.000000000,0.000000000,0.000000000,0.000000000,0.000000000,16,0.000000000,0.000000000,0.000000000,0.000000000,0.000000000,0.000000000,16,0.000078125,0.000078125,0.000062500,0.000062500,0.000125000,0.000078125,16,0.000062500,0.000062500,0.000062500,0.000062500,0.000000000,0.000062500,16,0.000085937,0.000078125,0.000062500,0.000125000,0.000125000,0.000085937,16,0.000046875,0.000046875,0.000062500,0.000062500,0.000000000,0.000046875,16,0.000093750,0.000093750,0.000093750,0.000125000,0.000125000,0.000093750,16,0.000093750,0.000093750,0.000093750,0.000062500,0.000125000,0.000093750,16
1765353404.9810874,2025-12-10 15:56:44,0.000000000,0.000000000,0.000000000,0.000000000,0.000000000,0.000000000,16,0.000000000,0.000000000,0.000000000,0.000000000,0.000000000,0.000000000,16,0.000070313,0.000062500,0.000062500,0.000062500,0.000125000,0.000070313,16,0.000054688,0.000062500,0.000062500,0.000062500,0.000000000,0.000054688,16,0.000085937,0.000093750,0.000093750,0.000125000,0.000125000,0.000085937,16,0.000054688,0.000062500,0.000062500,0.000062500,0.000000000,0.000054688,16,0.000093750,0.000093750,0.000093750,0.000125000,0.000000000,0.000093750,16,0.000093750,0.000093750,0.000093750,0.000125000,0.000125000,0.000093750,16
1765353415.825088,2025-12-10 15:56:55,-0.000125000,0.000000000,0.000000000,0.000000000,0.000000000,-0.000125000,16,0.000000000,0.000000000,0.000000000,0.000000000,0.000000000,0.000000000,16,0.000070313,0.000078125,0.000062500,0.000062500,0.000000000,0.000070313,16,0.000062500,0.000062500,0.000062500,0.000000000,0.000125000,0.000062500,16,0.000078125,0.000078125,0.000062500,0.000062500,0.000125000,0.000078125,16,0.000054688,0.000046875,0.000062500,0.000062500,0.000000000,0.000054688,16,0.000093750,0.000093750,0.000093750,0.000125000,0.000125000,0.000093750,16,0.000093750,0.000093750,0.000093750,0.000125000,0.000125000,0.000093750,16
1765353426.6708348,2025-12-10 15:57:06,-0.000125000,0.000000000,0.000000000,0.000000000,0.000000000,-0.000125000,16,0.000000000,0.000000000,0.000000000,0.000000000,0.000000000,0.000000000,16,0.000070313,0.000078125,0.000062500,0.000062500,0.000000000,0.000070313,16,0.000054688,0.000046875,0.000062500,0.000062500,0.000000000,0.000054688,16,0.000078125,0.000078125,0.000062500,0.000062500,0.000125000,0.000078125,16,0.000054688,0.000046875,0.000062500,0.000062500,0.000125000,0.000054688,16,0.000085937,0.000093750,0.000062500,0.000062500,0.000125000,0.000085937,16,0.000093750,0.000093750,0.000125000,0.000125000,0.000125000,0.000093750,16
1765353437.51544,2025-12-10 15:57:17,-0.000125000,0.000000000,0.000000000,0.000000000,0.000000000,-0.000125000,16,0.000000000,0.000000000,0.000000000,0.000000000,0.000000000,0.000000000,16,0.000070313,0.000078125,0.000062500,0.000062500,0.000000000,0.000070313,16,0.000054688,0.000046875,0.000062500,0.000062500,0.000000000,0.000054688,16,0.000078125,0.000078125,0.000062500,0.000062500,0.000125000,0.000078125,16,0.000062500,0.000062500,0.000062500,0.000062500,0.000000000,0.000062500,16,0.000085937,0.000093750,0.000093750,0.000062500,0.000125000,0.000085937,16,0.000101563,0.000109375,0.000093750,0.000125000,0.000125000,0.000101563,16
1765353448.3632233,2025-12-10 15:57:28,-0.000125000,0.000000000,0.000000000,0.000000000,0.000000000,-0.000125000,16,0.000000000,0.000000000,0.000000000,0.000000000,0.000000000,0.000000000,16,0.000070313,0.000062500,0.000062500,0.000062500,0.000000000,0.000070313,16,0.000046875,0.000046875,0.000062500,0.000062500,0.000000000,0.000046875,16,0.000078125,0.000078125,0.000062500,0.000062500,0.000125000,0.000078125,16,0.000054688,0.000046875,0.000062500,0.000062500,0.000000000,0.000054688,16,0.000085937,0.000093750,0.000093750,0.000125000,0.000125000,0.000085937,16,0.000101563,0.000093750,0.000093750,0.000125000,0.000125000,0.000101563,16
1765353459.20829,2025-12-10 15:57:39,-0.000125000,0.000000000,0.000000000,0.000000000,0.000000000,-0.000125000,16,0.000000000,0.000000000,0.000000000,0.000000000,0.000000000,0.000000000,16,0.000062500,0.000062500,0.000062500,0.000062500,0.000125000,0.000062500,16,0.000054688,0.000046875,0.000062500,0.000062500,0.000125000,0.000054688,16,0.000085937,0.000078125,0.000093750,0.000125000,0.000000000,0.000085937,16,0.000054688,0.000046875,0.000062500,0.000062500,0.000000000,0.000054688,16,0.000093750,0.000093750,0.000093750,0.000062500,0.000125000,0.000093750,16,0.000101563,0.000093750,0.000093750,0.000125000,0.000125000,0.000101563,16
1765353470.0528798,2025-12-10 15:57:50,0.000000000,0.000000000,0.000000000,0.000000000,0.000000000,0.000000000,16,0.000000000,0.000000000,0.000000000,0.000000000,0.000000000,0.000000000,16,0.000070313,0.000062500,0.000062500,0.000062500,0.000125000,0.000070313,16,0.000054688,0.000046875,0.000062500,0.000062500,0.000000000,0.000054688,16,0.000085937,0.000093750,0.000093750,0.000062500,0.000125000,0.000085937,16,0.000054688,0.000046875,0.000062500,0.000062500,0.000000000,0.000054688,16,0.000093750,0.000093750,0.000093750,0.000062500,0.000125000,0.000093750,16,0.000093750,0.000093750,0.000093750,0.000125000,0.000125000,0.000093750,16
1765353480.8957982,2025-12-10 15:58:00,0.000000000,0.000000000,0.000000000,0.000000000,0.000000000,0.000000000,16,0.000000000,0.000000000,0.000000000,0.000000000,0.000000000,0.000000000,16,0.000062500,0.000062500,0.000062500,0.000062500,0.000125000,0.000062500,16,0.000054688,0.000046875,0.000062500,0.000062500,0.000125000,0.000054688,16,0.000085937,0.000078125,0.000093750,0.000062500,0.000125000,0.000085937,16,0.000054688,0.000062500,0.000062500,0.000062500,0.000000000,0.000054688,16,0.000093750,0.000093750,0.000093750,0.000062500,0.000125000,0.000093750,16,0.000093750,0.000093750,0.000093750,0.000125000,0.000125000,0.000093750,16
1765353491.7423277,2025-12-10 15:58:11,0.000000000,0.000000000,0.000000000,0.000000000,0.000000000,0.000000000,16,0.000000000,0.000000000,0.000000000,0.000000000,0.000000000,0.000000000,16,0.000046875,0.000046875,0.000062500,0.000062500,0.000125000,0.000046875,16,0.000023438,0.000031250,0.000031250,0.000000000,0.000000000,0.000023438,16,0.000054688,0.000046875,0.000062500,0.000062500,0.000125000,0.000054688,16,0.000031250,0.000031250,0.000031250,0.000062500,0.000000000,0.000031250,16,0.000085937,0.000078125,0.000093750,0.000125000,0.000125000,0.000085937,16,0.000101563,0.000093750,0.000093750,0.000125000,0.000125000,0.000101563,16
1765353502.5905175,2025-12-10 15:58:22,-0.000125000,0.000000000,0.000000000,0.000000000,0.000000000,-0.000125000,16,0.000000000,0.000000000,0.000000000,0.000000000,0.000000000,0.000000000,16,0.000062500,0.000062500,0.000062500,0.000062500,0.000125000,0.000062500,16,0.000046875,0.000046875,0.000062500,0.000062500,0.000000000,0.000046875,16,0.000078125,0.000062500,0.000062500,0.000062500,0.000125000,0.000078125,16,0.000039063,0.000046875,0.000031250,0.000062500,0.000000000,0.000039063,16,0.000085937,0.000093750,0.000093750,0.000125000,0.000125000,0.000085937,16,0.000085937,0.000093750,0.000093750,0.000062500,0.000125000,0.000085937,16
1765353513.4354393,2025-12-10 15:58:33,-0.000125000,0.000000000,0.000000000,0.000000000,0.000000000,-0.000125000,16,0.000000000,0.000000000,0.000000000,0.000000000,0.000000000,0.000000000,16,0.000070313,0.000078125,0.000062500,0.000062500,0.000125000,0.000070313,16,0.000054688,0.000046875,0.000031250,0.000062500,0.000000000,0.000054688,16,0.000078125,0.000078125,0.000093750,0.000062500,0.000125000,0.000078125,16,0.000054688,0.000046875,0.000062500,0.000062500,0.000125000,0.000054688,16,0.000085937,0.000093750,0.000093750,0.000125000,0.000125000,0.000085937,16,0.000093750,0.000093750,0.000093750,0.000125000,0.000125000,0.000093750,16
1765353524.282667,2025-12-10 15:58:44,0.000000000,0.000000000,0.000000000,0.000000000,0.000000000,0.000000000,16,0.000000000,0.000000000,0.000000000,0.000000000,0.000000000,0.000000000,16,0.000070313,0.000078125,0.000062500,0.000062500,0.000000000,0.000070313,16,0.000046875,0.000046875,0.000031250,0.000062500,0.000125000,0.000046875,16,0.000070313,0.000078125,0.000093750,0.000062500,0.000125000,0.000070313,16,0.000039063,0.000046875,0.000062500,0.000062500,0.000000000,0.000039063,16,0.000085937,0.000093750,0.000093750,0.000125000,0.000125000,0.000085937,16,0.000093750,0.000093750,0.000093750,0.000125000,0.000125000,0.000093750,16
1765353535.130747,2025-12-10 15:58:55,,,,,,,,,,,,,,,0.000078125,0.000062500,0.000062500,0.000062500,0.000125000,0.000078125,16,0.000054688,0.000062500,0.000062500,0.000062500,0.000000000,0.000054688,16,0.000085937,0.000078125,0.000093750,0.000062500,0.000125000,0.000085937,16,0.000046875,0.000062500,0.000062500,0.000062500,0.000000000,0.000046875,16,0.000085937,0.000093750,0.000093750,0.000125000,0.000125000,0.000085937,16,0.000101563,0.000093750,0.000093750,0.000062500,0.000125000,0.000101563,16
1765353545.8379614,2025-12-10 15:59:05,-0.000125000,0.000000000,0.000000000,0.000000000,0.000000000,-0.000125000,16,0.000000000,0.000000000,0.000000000,0.000000000,0.000000000,0.000000000,16,0.000070313,0.000078125,0.000062500,0.000062500,0.000125000,0.000070313,16,0.000054688,0.000046875,0.000062500,0.000062500,0.000000000,0.000054688,16,0.000085937,0.000093750,0.000093750,0.000125000,0.000125000,0.000085937,16,0.000054688,0.000062500,0.000062500,0.000062500,0.000125000,0.000054688,16,0.000085937,0.000093750,0.000093750,0.000125000,0.000125000,0.000085937,16,0.000109375,0.000109375,0.000093750,0.000125000,0.000125000,0.000109375,16
1765353556.6829493,2025-12-10 15:59:16,-0.000125000,0.000000000,0.000000000,0.000000000,0.000000000,-0.000125000,16,0.000000000,0.000000000,0.000000000,0.000000000,0.000000000,0.000000000,16,0.000070313,0.000062500,0.000062500,0.000062500,0.000125000,0.000070313,16,0.000054688,0.000046875,0.000062500,0.000062500,0.000125000,0.000054688,16,0.000070313,0.000078125,0.000062500,0.000062500,0.000125000,0.000070313,16,0.000046875,0.000046875,0.000031250,0.000062500,0.000000000,0.000046875,16,0.000093750,0.000093750,0.000093750,0.000062500,0.000125000,0.000093750,16,0.000109375,0.000093750,0.000093750,0.000062500,0.000125000,0.000109375,16
1765353567.5307581,2025-12-10 15:59:27,0.000000000,0.000000000,0.000000000,0.000000000,0.000000000,0.000000000,16,0.000000000,0.000000000,0.000000000,0.000000000,0.000000000,0.000000000,16,0.000070313,0.000062500,0.000062500,0.000062500,0.000000000,0.000070313,16,0.000054688,0.000046875,0.000062500,0.000062500,0.000000000,0.000054688,16,0.000070313,0.000078125,0.000093750,0.000062500,0.000125000,0.000070313,16,0.000046875,0.000046875,0.000062500,0.000062500,0.000000000,0.000046875,16,0.000085937,0.000078125,0.000093750,0.000125000,0.000125000,0.000085937,16,0.000085937,0.000078125,0.000093750,0.000125000,0.000125000,0.000085937,16
1765353578.3811028,2025-12-10 15:59:38,0.000000000,0.000000000,0.000000000,0.000000000,0.000000000,0.000000000,16,0.000000000,0.000000000,0.000000000,0.000000000,0.000000000,0.000000000,16,0.000070313,0.000062500,0.000062500,0.000062500,0.000125000,0.000070313,16,0.000046875,0.000046875,0.000062500,0.000062500,0.000000000,0.000046875,16,0.000070313,0.000078125,0.000093750,0.000062500,0.000125000,0.000070313,16,0.000039063,0.000046875,0.000062500,0.000062500,0.000000000,0.000039063,16,0.000085937,0.000093750,0.000062500,0.000125000,0.000000000,0.000085937,16,0.000085937,0.000078125,0.000093750,0.000062500,0.000125000,0.000085937,16
1765353589.2276852,2025-12-10 15:59:49,0.000000000,0.000000000,0.000000000,0.000000000,0.000000000,0.000000000,16,0.000000000,0.000000000,0.000000000,0.000000000,0.000000000,0.000000000,16,0.000062500,0.000062500,0.000062500,0.000062500,0.000000000,0.000062500,16,0.000046875,0.000046875,0.000031250,0.000000000,0.000000000,0.000046875,16,0.000046875,0.000046875,0.000062500,0.000000000,0.000000000,0.000046875,16,0.000031250,0.000031250,0.000031250,0.000000000,0.000000000,0.000031250,16,0.000085937,0.000078125,0.000093750,0.000062500,0.000125000,0.000085937,16,0.000078125,0.000078125,0.000093750,0.000125000,0.000125000,0.000078125,16
1765353600.0752623,2025-12-10 16:00:00,0.000000000,0.000000000,0.000000000,0.000000000,0.000000000,0.000000000,16,0.000000000,0.000000000,0.000000000,0.000000000,0.000000000,0.000000000,16,0.000070313,0.000062500,0.000062500,0.000062500,0.000000000,0.000070313,16,0.000054688,0.000046875,0.000062500,0.000062500,0.000000000,0.000054688,16,0.000046875,0.000062500,0.000062500,0.000062500,0.000000000,0.000046875,16,0.000039063,0.000031250,0.000031250,0.000062500,0.000000000,0.000039063,16,0.000093750,0.000093750,0.000093750,0.000062500,0.000125000,0.000093750,16,0.000085937,0.000078125,0.000093750,0.000125000,0.000125000,0.000085937,16
1765353610.9207754,2025-12-10 16:00:10,0.000000000,0.000000000,0.000000000,0.000000000,0.000000000,0.000000000,16,0.000000000,0.000000000,0.000000000,0.000000000,0.000000000,0.000000000,16,0.000070313,0.000078125,0.000062500,0.000062500,0.000125000,0.000070313,16,0.000054688,0.000046875,0.000062500,0.000062500,0.000000000,0.000054688,16,0.000070313,0.000078125,0.000062500,0.000125000,0.000125000,0.000070313,16,0.000046875,0.000046875,0.000062500,0.000062500,0.000125000,0.000046875,16,0.000085937,0.000093750,0.000093750,0.000062500,0.000125000,0.000085937,16,0.000093750,0.000093750,0.000093750,0.000062500,0.000125000,0.000093750,16
1765353621.7692823,2025-12-10 16:00:21,-0.000125000,0.000000000,0.000000000,0.000000000,0.000000000,-0.000125000,16,0.000000000,0.000000000,0.000000000,0.000000000,0.000000000,0.000000000,16,0.000070313,0.000078125,0.000062500,0.000062500,0.000125000,0.000070313,16,0.000054688,0.000046875,0.000062500,0.000062500,0.000000000,0.000054688,16,0.000078125,0.000078125,0.000093750,0.000062500,0.000125000,0.000078125,16,0.000046875,0.000046875,0.000062500,0.000062500,0.000000000,0.000046875,16,0.000085937,0.000078125,0.000093750,0.000125000,0.000125000,0.000085937,16,0.000085937,0.000093750,0.000093750,0.000125000,0.000125000,0.000085937,16
1765353632.6146016,2025-12-10 16:00:32,0.000000000,0.000000000,0.000000000,0.000000000,0.000000000,0.000000000,16,0.000000000,0.000000000,0.000000000,0.000000000,0.000000000,0.000000000,16,0.000062500,0.000062500,0.000062500,0.000062500,0.000125000,0.000062500,16,0.000046875,0.000046875,0.000062500,0.000062500,0.000000000,0.000046875,16,0.000062500,0.000062500,0.000062500,0.000062500,0.000000000,0.000062500,16,0.000046875,0.000046875,0.000031250,0.000062500,0.000000000,0.000046875,16,0.000085937,0.000078125,0.000093750,0.000062500,0.000125000,0.000085937,16,0.000078125,0.000078125,0.000093750,0.000062500,0.000125000,0.000078125,16
1765353643.4617598,2025-12-10 16:00:43,0.000000000,0.000000000,0.000000000,0.000000000,0.000000000,0.000000000,16,0.000000000,0.000000000,0.000000000,0.000000000,0.000000000,0.000000000,16,0.000062500,0.000062500,0.000062500,0.000062500,0.000000000,0.000062500,16,0.000046875,0.000062500,0.000062500,0.000062500,0.000000000,0.000046875,16,0.000070313,0.000078125,0.000062500,0.000062500,0.000125000,0.000070313,16,0.000039063,0.000046875,0.000031250,0.000062500,0.000125000,0.000039063,16,0.000085937,0.000078125,0.000093750,0.000062500,0.000125000,0.000085937,16,0.000078125,0.000093750,0.000093750,0.000125000,0.000125000,0.000078125,16
1765353654.3082213,2025-12-10 16:00:54,0.000000000,0.000000000,0.000000000,0.000000000,0.000000000,0.000000000,16,0.000000000,0.000000000,0.000000000,0.000000000,0.000000000,0.000000000,16,0.000062500,0.000062500,0.000062500,0.000062500,0.000125000,0.000062500,16,0.000046875,0.000046875,0.000031250,0.000062500,0.000000000,0.000046875,16,0.000070313,0.000078125,0.000093750,0.000062500,0.000000000,0.000070313,16,0.000054688,0.000046875,0.000031250,0.000062500,0.000000000,0.000054688,16,0.000078125,0.000078125,0.000093750,0.000062500,0.000125000,0.000078125,16,0.000093750,0.000093750,0.000093750,0.000062500,0.000125000,0.000093750,16
1765353665.1512558,2025-12-10 16:01:05,-0.000125000,0.000000000,0.000000000,0.000000000,0.000000000,-0.000125000,16,0.000000000,0.000000000,0.000000000,0.000000000,0.000000000,0.000000000,16,0.000054688,0.000062500,0.000062500,0.000062500,0.000000000,0.000054688,16,0.000054688,0.000046875,0.000062500,0.000062500,0.000000000,0.000054688,16,0.000070313,0.000078125,0.000062500,0.000062500,0.000125000,0.000070313,16,0.000046875,0.000046875,0.000062500,0.000062500,0.000000000,0.000046875,16,0.000078125,0.000078125,0.000093750,0.000062500,0.000125000,0.000078125,16,0.000093750,0.000093750,0.000093750,0.000125000,0.000125000,0.000093750,16
1765353675.9959304,2025-12-10 16:01:15,0.000000000,0.000000000,0.000000000,0.000000000,0.000000000,0.000000000,16,0.000000000,0.000000000,0.000000000,0.000000000,0.000000000,0.000000000,16,0.000046875,0.000062500,0.000062500,0.000062500,0.000125000,0.000046875,16,0.000039063,0.000046875,0.000062500,0.000062500,0.000000000,0.000039063,16,0.000078125,0.000078125,0.000062500,0.000062500,0.000125000,0.000078125,16,0.000039063,0.000046875,0.000062500,0.000000000,0.000000000,0.000039063,16,0.000070313,0.000078125,0.000062500,0.000062500,0.000125000,0.000070313,16,0.000085937,0.000093750,0.000093750,0.000125000,0.000125000,0.000085937,16
1765353686.840755,2025-12-10 16:01:26,0.000000000,0.000000000,0.000000000,0.000000000,0.000000000,0.000000000,16,0.000000000,0.000000000,0.000000000,0.000000000,0.000000000,0.000000000,16,0.000046875,0.000046875,0.000062500,0.000062500,0.000125000,0.000046875,16,0.000039063,0.000031250,0.000031250,0.000062500,0.000000000,0.000039063,16,0.000054688,0.000062500,0.000062500,0.000062500,0.000125000,0.000054688,16,0.000046875,0.000031250,0.000031250,0.000000000,0.000000000,0.000046875,16,0.000070313,0.000078125,0.000062500,0.000062500,0.000000000,0.000070313,16,0.000078125,0.000078125,0.000062500,0.000062500,0.000125000,0.000078125,16
1765353697.6884356,2025-12-10 16:01:37,0.000000000,0.000000000,0.000000000,0.000000000,0.000000000,0.000000000,16,0.000000000,0.000000000,0.000000000,0.000000000,0.000000000,0.000000000,16,0.000062500,0.000062500,0.000062500,0.000062500,0.000000000,0.000062500,16,0.000039063,0.000031250,0.000031250,0.000062500,0.000000000,0.000039063,16,0.000062500,0.000062500,0.000062500,0.000062500,0.000125000,0.000062500,16,0.000039063,0.000031250,0.000031250,0.000062500,0.000000000,0.000039063,16,0.000078125,0.000078125,0.000062500,0.000062500,0.000125000,0.000078125,16,0.000070313,0.000078125,0.000093750,0.000062500,0.000125000,0.000070313,16
1765353708.5335915,2025-12-10 16:01:48,0.000000000,0.000000000,0.000000000,0.000000000,0.000000000,0.000000000,16,0.000000000,0.000000000,0.000000000,0.000000000,0.000000000,0.000000000,16,0.000054688,0.000062500,0.000062500,0.000062500,0.000000000,0.000054688,16,0.000046875,0.000046875,0.000062500,0.000062500,0.000125000,0.000046875,16,0.000046875,0.000046875,0.000031250,0.000062500,0.000000000,0.000046875,16,0.000023438,0.000015625,0.000031250,0.000000000,0.000000000,0.000023438,16,0.000078125,0.000078125,0.000062500,0.000062500,0.000125000,0.000078125,16,0.000085937,0.000078125,0.000093750,0.000062500,0.000000000,0.000085937,16
1765353719.378387,2025-12-10 16:01:59,0.000000000,0.000000000,0.000000000,0.000000000,0.000000000,0.000000000,16,0.000000000,0.000000000,0.000000000,0.000000000,0.000000000,0.000000000,16,0.000062500,0.000062500,0.000062500,0.000062500,0.000125000,0.000062500,16,0.000039063,0.000046875,0.000031250,0.000062500,0.000000000,0.000039063,16,0.000062500,0.000062500,0.000062500,0.000062500,0.000125000,0.000062500,16,0.000039063,0.000031250,0.000031250,0.000000000,0.000000000,0.000039063,16,0.000078125,0.000078125,0.000062500,0.000062500,0.000125000,0.000078125,16,0.000093750,0.000093750,0.000093750,0.000062500,0.000125000,0.000093750,16
1765353730.2236068,2025-12-10 16:02:10,0.000000000,0.000000000,0.000000000,0.000000000,0.000000000,0.000000000,16,0.000000000,0.000000000,0.000000000,0.000000000,0.000000000,0.000000000,16,0.000062500,0.000062500,0.000062500,0.000062500,0.000000000,0.000062500,16,0.000054688,0.000046875,0.000062500,0.000062500,0.000125000,0.000054688,16,0.000070313,0.000078125,0.000062500,0.000062500,0.000125000,0.000070313,16,0.000046875,0.000046875,0.000031250,0.000062500,0.000000000,0.000046875,16,0.000085937,0.000093750,0.000093750,0.000062500,0.000125000,0.000085937,16,0.000093750,0.000093750,0.000093750,0.000062500,0.000125000,0.000093750,16
1765353741.0682957,2025-12-10 16:02:21,0.000000000,0.000000000,0.000000000,0.000000000,0.000000000,0.000000000,16,0.000000000,0.000000000,0.000000000,0.000000000,0.000000000,0.000000000,16,0.000062500,0.000062500,0.000062500,0.000062500,0.000125000,0.000062500,16,0.000046875,0.000046875,0.000031250,0.000062500,0.000000000,0.000046875,16,0.000062500,0.000062500,0.000062500,0.000062500,0.000000000,0.000062500,16,0.000039063,0.000046875,0.000031250,0.000062500,0.000000000,0.000039063,16,0.000070313,0.000078125,0.000093750,0.000125000,0.000125000,0.000070313,16,0.000093750,0.000093750,0.000093750,0.000062500,0.000125000,0.000093750,16
1765353751.9124918,2025-12-10 16:02:31,0.000000000,0.000000000,0.000000000,0.000000000,0.000000000,0.000000000,16,0.000000000,0.000000000,0.000000000,0.000000000,0.000000000,0.000000000,16,0.000062500,0.000062500,0.000062500,0.000062500,0.000000000,0.000062500,16,0.000046875,0.000046875,0.000062500,0.000062500,0.000000000,0.000046875,16,0.000070313,0.000062500,0.000062500,0.000062500,0.000125000,0.000070313,16,0.000039063,0.000046875,0.000031250,0.000062500,0.000000000,0.000039063,16,0.000085937,0.000078125,0.000062500,0.000062500,0.000125000,0.000085937,16,0.000093750,0.000093750,0.000093750,0.000062500,0.000125000,0.000093750,16
1765353762.7600148,2025-12-10 16:02:42,0.000000000,0.000000000,0.000000000,0.000000000,0.000000000,0.000000000,16,0.000000000,0.000000000,0.000000000,0.000000000,0.000000000,0.000000000,16,0.000062500,0.000078125,0.000062500,0.000062500,0.000000000,0.000062500,16,0.000039063,0.000046875,0.000062500,0.000062500,0.000000000,0.000039063,16,0.000070313,0.000062500,0.000062500,0.000062500,0.000125000,0.000070313,16,0.000046875,0.000046875,0.000031250,0.000062500,0.000000000,0.000046875,16,0.000078125,0.000078125,0.000062500,0.000062500,0.000000000,0.000078125,16,0.000085937,0.000093750,0.000093750,0.000062500,0.000125000,0.000085937,16
1765353773.6059453,2025-12-10 16:02:53,0.000000000,0.000000000,0.000000000,0.000000000,0.000000000,0.000000000,16,0.000000000,0.000000000,0.000000000,0.000000000,0.000000000,0.000000000,16,0.000062500,0.000062500,0.000062500,0.000062500,0.000125000,0.000062500,16,0.000039063,0.000046875,0.000062500,0.000062500,0.000000000,0.000039063,16,0.000054688,0.000062500,0.000062500,0.000062500,0.000125000,0.000054688,16,0.000039063,0.000031250,0.000031250,0.000062500,0.000000000,0.000039063,16,0.000070313,0.000078125,0.000062500,0.000062500,0.000125000,0.000070313,16,0.000085937,0.000078125,0.000093750,0.000125000,0.000125000,0.000085937,16
1765353784.4518397,2025-12-10 16:03:04,0.000000000,0.000000000,0.000000000,0.000000000,0.000000000,0.000000000,16,0.000000000,0.000000000,0.000000000,0.000000000,0.000000000,0.000000000,16,0.000054688,0.000062500,0.000062500,0.000062500,0.000000000,0.000054688,16,0.000046875,0.000046875,0.000031250,0.000062500,0.000000000,0.000046875,16,0.000070313,0.000062500,0.000062500,0.000062500,0.000125000,0.000070313,16,0.000039063,0.000046875,0.000031250,0.000062500,0.000000000,0.000039063,16,0.000078125,0.000078125,0.000093750,0.000062500,0.000125000,0.000078125,16,0.000085937,0.000078125,0.000093750,0.000062500,0.000125000,0.000085937,16
1765353795.2970939,2025-12-10 16:03:15,0.000000000,0.000000000,0.000000000,0.000000000,0.000000000,0.000000000,16,0.000000000,0.000000000,0.000000000,0.000000000,0.000000000,0.000000000,16,0.000062500,0.000062500,0.000062500,0.000062500,0.000000000,0.000062500,16,0.000046875,0.000046875,0.000031250,0.000062500,0.000000000,0.000046875,16,0.000062500,0.000062500,0.000062500,0.000062500,0.000125000,0.000062500,16,0.000039063,0.000046875,0.000062500,0.000062500,0.000000000,0.000039063,16,0.000078125,0.000078125,0.000093750,0.000062500,0.000000000,0.000078125,16,0.000093750,0.000093750,0.000093750,0.000125000,0.000125000,0.000093750,16
1765353806.1457503,2025-12-10 16:03:26,0.000000000,0.000000000,0.000000000,0.000000000,0.000000000,0.000000000,16,0.000000000,0.000000000,0.000000000,0.000000000,0.000000000,0.000000000,16,0.000054688,0.000062500,0.000062500,0.000062500,0.000125000,0.000054688,16,0.000039063,0.000031250,0.000031250,0.000062500,0.000000000,0.000039063,16,0.000062500,0.000062500,0.000062500,0.000062500,0.000000000,0.000062500,16,0.000039063,0.000046875,0.000031250,0.000062500,0.000000000,0.000039063,16,0.000078125,0.000078125,0.000093750,0.000062500,0.000125000,0.000078125,16,0.000085937,0.000078125,0.000093750,0.000062500,0.000125000,0.000085937,16
1765353816.994554,2025-12-10 16:03:36,0.000000000,0.000000000,0.000000000,0.000000000,0.000000000,0.000000000,16,0.000000000,0.000000000,0.000000000,0.000000000,0.000000000,0.000000000,16,0.000054688,0.000046875,0.000031250,0.000062500,0.000000000,0.000054688,16,0.000039063,0.000046875,0.000062500,0.000000000,0.000000000,0.000039063,16,0.000054688,0.000046875,0.000062500,0.000062500,0.000125000,0.000054688,16,0.000039063,0.000031250,0.000031250,0.000062500,0.000000000,0.000039063,16,0.000078125,0.000078125,0.000093750,0.000062500,0.000125000,0.000078125,16,0.000078125,0.000078125,0.000093750,0.000062500,0.000125000,0.000078125,16
1765353827.8390641,2025-12-10 16:03:47,0.000000000,0.000000000,0.000000000,0.000000000,0.000000000,0.000000000,16,0.000000000,0.000000000,0.000000000,0.000000000,0.000000000,0.000000000,16,0.000054688,0.000062500,0.000062500,0.000062500,0.000125000,0.000054688,16,0.000046875,0.000046875,0.000031250,0.000062500,0.000000000,0.000046875,16,0.000078125,0.000078125,0.000062500,0.000062500,0.000125000,0.000078125,16,0.000046875,0.000046875,0.000062500,0.000062500,0.000000000,0.000046875,16,0.000085937,0.000078125,0.000093750,0.000062500,0.000000000,0.000085937,16,0.000085937,0.000078125,0.000093750,0.000062500,0.000125000,0.000085937,16
1765353838.6852427,2025-12-10 16:03:58,0.000000000,0.000000000,0.000000000,0.000000000,0.000000000,0.000000000,16,0.000000000,0.000000000,0.000000000,0.000000000,0.000000000,0.000000000,16,0.000062500,0.000062500,0.000062500,0.000062500,0.000000000,0.000062500,16,0.000039063,0.000046875,0.000062500,0.000062500,0.000000000,0.000039063,16,0.000070313,0.000078125,0.000062500,0.000062500,0.000125000,0.000070313,16,0.000046875,0.000046875,0.000031250,0.000000000,0.000000000,0.000046875,16,0.000078125,0.000078125,0.000062500,0.000125000,0.000125000,0.000078125,16,0.000093750,0.000093750,0.000093750,0.000125000,0.000125000,0.000093750,16
1765353849.530546,2025-12-10 16:04:09,0.000000000,0.000000000,0.000000000,0.000000000,0.000000000,0.000000000,16,0.000000000,0.000000000,0.000000000,0.000000000,0.000000000,0.000000000,16,0.000054688,0.000046875,0.000062500,0.000062500,0.000000000,0.000054688,16,0.000046875,0.000046875,0.000031250,0.000000000,0.000000000,0.000046875,16,0.000078125,0.000078125,0.000062500,0.000125000,0.000125000,0.000078125,16,0.000039063,0.000046875,0.000062500,0.000062500,0.000125000,0.000039063,16,0.000078125,0.000078125,0.000062500,0.000062500,0.000000000,0.000078125,16,0.000085937,0.000078125,0.000093750,0.000125000,0.000125000,0.000085937,16
1765353860.4741702,2025-12-10 16:04:20,-0.000125000,0.000000000,0.000000000,0.000000000,0.000000000,-0.000125000,16,0.000000000,0.000000000,0.000000000,0.000000000,0.000000000,0.000000000,16,0.000046875,0.000046875,0.000062500,0.000062500,0.000125000,0.000046875,16,0.000039063,0.000046875,0.000031250,0.000062500,0.000000000,0.000039063,16,0.000070313,0.000078125,0.000062500,0.000062500,0.000000000,0.000070313,16,0.000046875,0.000046875,0.000031250,0.000000000,0.000125000,0.000046875,16,0.000078125,0.000078125,0.000062500,0.000062500,0.000125000,0.000078125,16,0.000085937,0.000093750,0.000093750,0.000125000,0.000125000,0.000085937,16
1765353871.3406792,2025-12-10 16:04:31,0.000000000,0.000000000,0.000000000,0.000000000,0.000000000,0.000000000,16,0.000000000,0.000000000,0.000000000,0.000000000,0.000000000,0.000000000,16,0.000062500,0.000046875,0.000062500,0.000062500,0.000125000,0.000062500,16,0.000039063,0.000046875,0.000062500,0.000000000,0.000000000,0.000039063,16,0.000070313,0.000078125,0.000062500,0.000062500,0.000125000,0.000070313,16,0.000046875,0.000046875,0.000031250,0.000062500,0.000000000,0.000046875,16,0.000078125,0.000078125,0.000062500,0.000062500,0.000125000,0.000078125,16,0.000085937,0.000093750,0.000093750,0.000062500,0.000000000,0.000085937,16
1765353882.2968729,2025-12-10 16:04:42,0.000000000,0.000000000,0.000000000,0.000000000,0.000000000,0.000000000,16,0.000000000,0.000000000,0.000000000,0.000000000,0.000000000,0.000000000,16,0.000054688,0.000046875,0.000062500,0.000062500,0.000000000,0.000054688,16,0.000039063,0.000046875,0.000031250,0.000062500,0.000000000,0.000039063,16,0.000078125,0.000078125,0.000062500,0.000062500,0.000000000,0.000078125,16,0.000046875,0.000046875,0.000062500,0.000062500,0.000000000,0.000046875,16,0.000078125,0.000078125,0.000062500,0.000125000,0.000125000,0.000078125,16,0.000085937,0.000093750,0.000093750,0.000062500,0.000125000,0.000085937,16
1765353893.2618475,2025-12-10 16:04:53,0.000000000,0.000000000,0.000000000,0.000000000,0.000000000,0.000000000,16,0.000000000,0.000000000,0.000000000,0.000000000,0.000000000,0.000000000,16,0.000054688,0.000046875,0.000062500,0.000062500,0.000000000,0.000054688,16,0.000039063,0.000046875,0.000031250,0.000062500,0.000000000,0.000039063,16,0.000078125,0.000078125,0.000062500,0.000062500,0.000000000,0.000078125,16,0.000046875,0.000031250,0.000062500,0.000062500,0.000125000,0.000046875,16,0.000078125,0.000078125,0.000093750,0.000062500,0.000125000,0.000078125,16,0.000093750,0.000093750,0.000093750,0.000062500,0.000125000,0.000093750,16
1765353905.146161,2025-12-10 16:05:05,0.000000000,0.000000000,0.000000000,0.000000000,0.000000000,0.000000000,16,0.000000000,0.000000000,0.000000000,0.000000000,0.000000000,0.000000000,16,0.000054688,0.000062500,0.000062500,0.000062500,0.000000000,0.000054688,16,0.000031250,0.000031250,0.000031250,0.000062500,0.000000000,0.000031250,16,0.000062500,0.000062500,0.000062500,0.000062500,0.000125000,0.000062500,16,0.000039063,0.000031250,0.000031250,0.000062500,0.000000000,0.000039063,16,0.000085937,0.000078125,0.000093750,0.000062500,0.000125000,0.000085937,16,0.000085937,0.000093750,0.000093750,0.000125000,0.000125000,0.000085937,16
1765353917.6158378,2025-12-10 16:05:17,0.000000000,0.000000000,0.000000000,0.000000000,0.000000000,0.000000000,16,0.000000000,0.000000000,0.000000000,0.000000000,0.000000000,0.000000000,16,0.000070313,0.000062500,0.000062500,0.000062500,0.000125000,0.000070313,16,0.000046875,0.000046875,0.000031250,0.000062500,0.000000000,0.000046875,16,0.000070313,0.000078125,0.000093750,0.000062500,0.000125000,0.000070313,16,0.000039063,0.000046875,0.000062500,0.000062500,0.000000000,0.000039063,16,0.000078125,0.000078125,0.000062500,0.000062500,0.000125000,0.000078125,16,0.000093750,0.000109375,0.000093750,0.000125000,0.000125000,0.000093750,16
1765353928.4603379,2025-12-10 16:05:28,0.000000000,0.000000000,0.000000000,0.000000000,0.000000000,0.000000000,16,0.000000000,0.000000000,0.000000000,0.000000000,0.000000000,0.000000000,16,0.000054688,0.000062500,0.000062500,0.000062500,0.000125000,0.000054688,16,0.000039063,0.000046875,0.000031250,0.000062500,0.000000000,0.000039063,16,0.000070313,0.000078125,0.000093750,0.000062500,0.000000000,0.000070313,16,0.000046875,0.000046875,0.000031250,0.000062500,0.000000000,0.000046875,16,0.000078125,0.000093750,0.000093750,0.000125000,0.000125000,0.000078125,16,0.000093750,0.000093750,0.000093750,0.000062500,0.000125000,0.000093750,16
1765353939.3480773,2025-12-10 16:05:39,0.000000000,0.000000000,0.000000000,0.000000000,0.000000000,0.000000000,16,0.000000000,0.000000000,0.000000000,0.000000000,0.000000000,0.000000000,16,0.000062500,0.000046875,0.000062500,0.000062500,0.000000000,0.000062500,16,0.000046875,0.000046875,0.000031250,0.000062500,0.000000000,0.000046875,16,0.000078125,0.000078125,0.000062500,0.000062500,0.000125000,0.000078125,16,0.000039063,0.000046875,0.000031250,0.000062500,0.000000000,0.000039063,16,0.000078125,0.000078125,0.000093750,0.000062500,0.000125000,0.000078125,16,0.000093750,0.000093750,0.000093750,0.000062500,0.000125000,0.000093750,16
1765353950.2705593,2025-12-10 16:05:50,0.000000000,0.000000000,0.000000000,0.000000000,0.000000000,0.000000000,16,0.000000000,0.000000000,0.000000000,0.000000000,0.000000000,0.000000000,16,0.000054688,0.000046875,0.000062500,0.000062500,0.000000000,0.000054688,16,0.000046875,0.000046875,0.000062500,0.000062500,0.000000000,0.000046875,16,0.000070313,0.000078125,0.000093750,0.000062500,0.000000000,0.000070313,16,0.000039063,0.000046875,0.000031250,0.000000000,0.000000000,0.000039063,16,0.000078125,0.000078125,0.000062500,0.000062500,0.000125000,0.000078125,16,0.000101563,0.000093750,0.000093750,0.000062500,0.000125000,0.000101563,16
1765353961.1299267,2025-12-10 16:06:01,0.000000000,0.000000000,0.000000000,0.000000000,0.000000000,0.000000000,16,0.000000000,0.000000000,0.000000000,0.000000000,0.000000000,0.000000000,16,0.000054688,0.000062500,0.000062500,0.000062500,0.000000000,0.000054688,16,0.000046875,0.000046875,0.000031250,0.000062500,0.000125000,0.000046875,16,0.000070313,0.000078125,0.000093750,0.000062500,0.000125000,0.000070313,16,0.000046875,0.000046875,0.000062500,0.000000000,0.000000000,0.000046875,16,0.000078125,0.000078125,0.000062500,0.000062500,0.000125000,0.000078125,16,0.000101563,0.000093750,0.000093750,0.000062500,0.000125000,0.000101563,16
1765353972.0364237,2025-12-10 16:06:12,0.000000000,0.000000000,0.000000000,0.000000000,0.000000000,0.000000000,16,0.000000000,0.000000000,0.000000000,0.000000000,0.000000000,0.000000000,16,0.000054688,0.000062500,0.000062500,0.000062500,0.000000000,0.000054688,16,0.000046875,0.000046875,0.000031250,0.000062500,0.000000000,0.000046875,16,0.000070313,0.000078125,0.000062500,0.000062500,0.000000000,0.000070313,16,0.000046875,0.000046875,0.000031250,0.000000000,0.000000000,0.000046875,16,0.000078125,0.000078125,0.000062500,0.000062500,0.000125000,0.000078125,16,0.000093750,0.000093750,0.000093750,0.000062500,0.000125000,0.000093750,16
1765353982.9013982,2025-12-10 16:06:22,0.000000000,0.000000000,0.000000000,0.000000000,0.000000000,0.000000000,16,0.000000000,0.000000000,0.000000000,0.000000000,0.000000000,0.000000000,16,0.000046875,0.000062500,0.000062500,0.000062500,0.000000000,0.000046875,16,0.000039063,0.000031250,0.000031250,0.000062500,0.000000000,0.000039063,16,0.000062500,0.000062500,0.000062500,0.000062500,0.000125000,0.000062500,16,0.000031250,0.000031250,0.000031250,0.000062500,0.000000000,0.000031250,16,0.000078125,0.000078125,0.000093750,0.000062500,0.000125000,0.000078125,16,0.000101563,0.000093750,0.000093750,0.000125000,0.000125000,0.000101563,16
1765353993.6838202,2025-12-10 16:06:33,0.000000000,0.000000000,0.000000000,0.000000000,0.000000000,0.000000000,16,0.000000000,0.000000000,0.000000000,0.000000000,0.000000000,0.000000000,16,0.000062500,0.000062500,0.000062500,0.000062500,0.000125000,0.000062500,16,0.000039063,0.000046875,0.000062500,0.000062500,0.000125000,0.000039063,16,0.000078125,0.000078125,0.000093750,0.000062500,0.000125000,0.000078125,16,0.000046875,0.000046875,0.000062500,0.000062500,0.000000000,0.000046875,16,0.000078125,0.000093750,0.000093750,0.000062500,0.000125000,0.000078125,16,0.000101563,0.000093750,0.000093750,0.000062500,0.000125000,0.000101563,16
1765354004.537995,2025-12-10 16:06:44,0.000000000,0.000000000,0.000000000,0.000000000,0.000000000,0.000000000,16,0.000000000,0.000000000,0.000000000,0.000000000,0.000000000,0.000000000,16,0.000062500,0.000062500,0.000062500,0.000062500,0.000125000,0.000062500,16,0.000046875,0.000046875,0.000062500,0.000062500,0.000000000,0.000046875,16,0.000085937,0.000078125,0.000093750,0.000062500,0.000125000,0.000085937,16,0.000054688,0.000046875,0.000031250,0.000062500,0.000000000,0.000054688,16,0.000085937,0.000078125,0.000093750,0.000062500,0.000000000,0.000085937,16,0.000109375,0.000109375,0.000093750,0.000125000,0.000125000,0.000109375,16
1765354015.3880591,2025-12-10 16:06:55,0.000000000,0.000000000,0.000000000,0.000000000,0.000000000,0.000000000,16,0.000000000,0.000000000,0.000000000,0.000000000,0.000000000,0.000000000,16,0.000062500,0.000062500,0.000062500,0.000062500,0.000125000,0.000062500,16,0.000046875,0.000046875,0.000062500,0.000062500,0.000000000,0.000046875,16,0.000078125,0.000078125,0.000093750,0.000062500,0.000125000,0.000078125,16,0.000046875,0.000046875,0.000062500,0.000062500,0.000000000,0.000046875,16,0.000085937,0.000093750,0.000093750,0.000062500,0.000125000,0.000085937,16,0.000101563,0.000093750,0.000093750,0.000125000,0.000125000,0.000101563,16
1765354026.2410803,2025-12-10 16:07:06,0.000000000,0.000000000,0.000000000,0.000000000,0.000000000,0.000000000,16,0.000000000,0.000000000,0.000000000,0.000000000,0.000000000,0.000000000,16,0.000062500,0.000062500,0.000062500,0.000062500,0.000000000,0.000062500,16,0.000046875,0.000046875,0.000031250,0.000062500,0.000000000,0.000046875,16,0.000085937,0.000078125,0.000062500,0.000125000,0.000125000,0.000085937,16,0.000046875,0.000046875,0.000062500,0.000062500,0.000000000,0.000046875,16,0.000078125,0.000078125,0.000093750,0.000125000,0.000125000,0.000078125,16,0.000101563,0.000109375,0.000093750,0.000125000,0.000125000,0.000101563,16
1765354037.0885966,2025-12-10 16:07:17,0.000000000,0.000000000,0.000000000,0.000000000,0.000000000,0.000000000,16,0.000000000,0.000000000,0.000000000,0.000000000,0.000000000,0.000000000,16,0.000046875,0.000062500,0.000062500,0.000062500,0.000125000,0.000046875,16,0.000046875,0.000046875,0.000062500,0.000062500,0.000125000,0.000046875,16,0.000078125,0.000078125,0.000062500,0.000125000,0.000125000,0.000078125,16,0.000046875,0.000046875,0.000031250,0.000062500,0.000000000,0.000046875,16,0.000078125,0.000078125,0.000093750,0.000062500,0.000125000,0.000078125,16,0.000101563,0.000093750,0.000093750,0.000062500,0.000125000,0.000101563,16
1765354047.9322503,2025-12-10 16:07:27,0.000000000,0.000000000,0.000000000,0.000000000,0.000000000,0.000000000,16,0.000000000,0.000000000,0.000000000,0.000000000,0.000000000,0.000000000,16,0.000054688,0.000062500,0.000062500,0.000062500,0.000125000,0.000054688,16,0.000046875,0.000046875,0.000031250,0.000062500,0.000000000,0.000046875,16,0.000070313,0.000078125,0.000093750,0.000062500,0.000000000,0.000070313,16,0.000039063,0.000046875,0.000062500,0.000062500,0.000000000,0.000039063,16,0.000070313,0.000078125,0.000062500,0.000062500,0.000000000,0.000070313,16,0.000101563,0.000093750,0.000093750,0.000125000,0.000125000,0.000101563,16
1765354058.78134,2025-12-10 16:07:38,0.000000000,0.000000000,0.000000000,0.000000000,0.000000000,0.000000000,16,0.000000000,0.000000000,0.000000000,0.000000000,0.000000000,0.000000000,16,0.000054688,0.000046875,0.000062500,0.000062500,0.000125000,0.000054688,16,0.000039063,0.000046875,0.000031250,0.000062500,0.000000000,0.000039063,16,0.000078125,0.000078125,0.000093750,0.000062500,0.000125000,0.000078125,16,0.000039063,0.000046875,0.000031250,0.000062500,0.000000000,0.000039063,16,0.000078125,0.000078125,0.000062500,0.000062500,0.000000000,0.000078125,16,0.000093750,0.000093750,0.000093750,0.000125000,0.000125000,0.000093750,16
1765354069.63246,2025-12-10 16:07:49,0.000000000,0.000000000,0.000000000,0.000000000,0.000000000,0.000000000,16,0.000000000,0.000000000,0.000000000,0.000000000,0.000000000,0.000000000,16,0.000054688,0.000062500,0.000062500,0.000062500,0.000000000,0.000054688,16,0.000039063,0.000046875,0.000062500,0.000000000,0.000000000,0.000039063,16,0.000078125,0.000078125,0.000093750,0.000062500,0.000125000,0.000078125,16,0.000039063,0.000046875,0.000031250,0.000062500,0.000000000,0.000039063,16,0.000070313,0.000078125,0.000062500,0.000062500,0.000125000,0.000070313,16,0.000093750,0.000093750,0.000093750,0.000125000,0.000125000,0.000093750,16
1765354080.4824905,2025-12-10 16:08:00,-0.000125000,0.000000000,0.000000000,0.000000000,0.000000000,-0.000125000,16,0.000000000,0.000000000,0.000000000,0.000000000,0.000000000,0.000000000,16,0.000054688,0.000046875,0.000062500,0.000062500,0.000000000,0.000054688,16,0.000046875,0.000046875,0.000062500,0.000062500,0.000000000,0.000046875,16,0.000078125,0.000078125,0.000093750,0.000062500,0.000125000,0.000078125,16,0.000046875,0.000046875,0.000031250,0.000000000,0.000000000,0.000046875,16,0.000078125,0.000078125,0.000093750,0.000062500,0.000000000,0.000078125,16,0.000109375,0.000109375,0.000093750,0.000125000,0.000125000,0.000109375,16
1765354090.6377301,2025-12-10 16:08:10,0.000000000,0.000000000,0.000000000,0.000000000,0.000000000,0.000000000,16,0.000000000,0.000000000,0.000000000,0.000000000,0.000000000,0.000000000,16,0.000046875,0.000046875,0.000062500,0.000062500,0.000000000,0.000046875,16,0.000046875,0.000046875,0.000031250,0.000062500,0.000000000,0.000046875,16,0.000070313,0.000078125,0.000093750,0.000062500,0.000125000,0.000070313,16,0.000039063,0.000046875,0.000031250,0.000062500,0.000000000,0.000039063,16,0.000070313,0.000078125,0.000062500,0.000062500,0.000000000,0.000070313,16,0.000093750,0.000093750,0.000093750,0.000125000,0.000125000,0.000093750,16
1765354101.4831443,2025-12-10 16:08:21,0.000000000,0.000000000,0.000000000,0.000000000,0.000000000,0.000000000,16,0.000000000,0.000000000,0.000000000,0.000000000,0.000000000,0.000000000,16,0.000054688,0.000062500,0.000062500,0.000062500,0.000125000,0.000054688,16,0.000039063,0.000046875,0.000062500,0.000062500,0.000125000,0.000039063,16,0.000078125,0.000078125,0.000093750,0.000062500,0.000125000,0.000078125,16,0.000046875,0.000046875,0.000062500,0.000062500,0.000000000,0.000046875,16,0.000078125,0.000078125,0.000093750,0.000062500,0.000125000,0.000078125,16,0.000093750,0.000093750,0.000093750,0.000125000,0.000125000,0.000093750,16
1765354112.3028915,2025-12-10 16:08:32,0.000000000,0.000000000,0.000000000,0.000000000,0.000000000,0.000000000,16,0.000000000,0.000000000,0.000000000,0.000000000,0.000000000,0.000000000,16,0.000062500,0.000062500,0.000062500,0.000062500,0.000125000,0.000062500,16,0.000046875,0.000046875,0.000062500,0.000062500,0.000000000,0.000046875,16,0.000078125,0.000078125,0.000093750,0.000062500,0.000125000,0.000078125,16,0.000046875,0.000046875,0.000062500,0.000000000,0.000125000,0.000046875,16,0.000078125,0.000078125,0.000062500,0.000062500,0.000125000,0.000078125,16,0.000093750,0.000093750,0.000093750,0.000125000,0.000125000,0.000093750,16
1765354123.1490793,2025-12-10 16:08:43,0.000000000,0.000000000,0.000000000,0.000000000,0.000000000,0.000000000,16,0.000000000,0.000000000,0.000000000,0.000000000,0.000000000,0.000000000,16,0.000062500,0.000062500,0.000062500,0.000062500,0.000125000,0.000062500,16,0.000046875,0.000046875,0.000031250,0.000062500,0.000000000,0.000046875,16,0.000078125,0.000078125,0.000093750,0.000062500,0.000125000,0.000078125,16,0.000039063,0.000046875,0.000031250,0.000062500,0.000000000,0.000039063,16,0.000085937,0.000093750,0.000062500,0.000062500,0.000125000,0.000085937,16,0.000093750,0.000093750,0.000093750,0.000125000,0.000125000,0.000093750,16
1765354133.9955628,2025-12-10 16:08:53,0.000000000,0.000000000,0.000000000,0.000000000,0.000000000,0.000000000,16,0.000000000,0.000000000,0.000000000,0.000000000,0.000000000,0.000000000,16,0.000062500,0.000062500,0.000062500,0.000062500,0.000000000,0.000062500,16,0.000046875,0.000046875,0.000062500,0.000062500,0.000125000,0.000046875,16,0.000078125,0.000078125,0.000093750,0.000125000,0.000125000,0.000078125,16,0.000046875,0.000046875,0.000031250,0.000062500,0.000125000,0.000046875,16,0.000085937,0.000078125,0.000093750,0.000062500,0.000125000,0.000085937,16,0.000101563,0.000109375,0.000093750,0.000125000,0.000125000,0.000101563,16
1765354144.843403,2025-12-10 16:09:04,-0.000125000,0.000000000,0.000000000,0.000000000,0.000000000,-0.000125000,16,0.000000000,0.000000000,0.000000000,0.000000000,0.000000000,0.000000000,16,0.000062500,0.000062500,0.000062500,0.000062500,0.000000000,0.000062500,16,0.000054688,0.000046875,0.000062500,0.000062500,0.000000000,0.000054688,16,0.000085937,0.000078125,0.000093750,0.000062500,0.000000000,0.000085937,16,0.000046875,0.000046875,0.000062500,0.000062500,0.000000000,0.000046875,16,0.000093750,0.000093750,0.000093750,0.000062500,0.000125000,0.000093750,16,0.000109375,0.000093750,0.000093750,0.000125000,0.000125000,0.000109375,16
1765354155.6903224,2025-12-10 16:09:15,0.000000000,0.000000000,0.000000000,0.000000000,0.000000000,0.000000000,16,0.000000000,0.000000000,0.000000000,0.000000000,0.000000000,0.000000000,16,0.000062500,0.000062500,0.000062500,0.000062500,0.000000000,0.000062500,16,0.000046875,0.000046875,0.000062500,0.000062500,0.000125000,0.000046875,16,0.000070313,0.000093750,0.000093750,0.000062500,0.000125000,0.000070313,16,0.000046875,0.000046875,0.000062500,0.000062500,0.000000000,0.000046875,16,0.000085937,0.000093750,0.000093750,0.000062500,0.000125000,0.000085937,16,0.000101563,0.000093750,0.000093750,0.000062500,0.000125000,0.000101563,16
1765354166.5396476,2025-12-10 16:09:26,0.000000000,0.000000000,0.000000000,0.000000000,0.000000000,0.000000000,16,0.000000000,0.000000000,0.000000000,0.000000000,0.000000000,0.000000000,16,0.000054688,0.000062500,0.000062500,0.000000000,0.000000000,0.000054688,16,0.000046875,0.000046875,0.000031250,0.000062500,0.000000000,0.000046875,16,0.000070313,0.000078125,0.000062500,0.000062500,0.000125000,0.000070313,16,0.000039063,0.000046875,0.000062500,0.000062500,0.000000000,0.000039063,16,0.000085937,0.000078125,0.000093750,0.000062500,0.000125000,0.000085937,16,0.000093750,0.000093750,0.000093750,0.000125000,0.000125000,0.000093750,16
1765354177.3834047,2025-12-10 16:09:37,0.000000000,0.000000000,0.000000000,0.000000000,0.000000000,0.000000000,16,0.000000000,0.000000000,0.000000000,0.000000000,0.000000000,0.000000000,16,0.000054688,0.000062500,0.000062500,0.000062500,0.000125000,0.000054688,16,0.000046875,0.000046875,0.000031250,0.000062500,0.000125000,0.000046875,16,0.000085937,0.000078125,0.000062500,0.000062500,0.000125000,0.000085937,16,0.000046875,0.000046875,0.000062500,0.000062500,0.000125000,0.000046875,16,0.000085937,0.000093750,0.000093750,0.000125000,0.000125000,0.000085937,16,0.000093750,0.000093750,0.000093750,0.000125000,0.000125000,0.000093750,16
1765354188.2310662,2025-12-10 16:09:48,0.000000000,0.000000000,0.000000000,0.000000000,0.000000000,0.000000000,16,0.000000000,0.000000000,0.000000000,0.000000000,0.000000000,0.000000000,16,0.000054688,0.000046875,0.000062500,0.000062500,0.000000000,0.000054688,16,0.000054688,0.000046875,0.000031250,0.000062500,0.000000000,0.000054688,16,0.000070313,0.000078125,0.000062500,0.000125000,0.000000000,0.000070313,16,0.000046875,0.000046875,0.000062500,0.000062500,0.000000000,0.000046875,16,0.000085937,0.000078125,0.000093750,0.000062500,0.000125000,0.000085937,16,0.000093750,0.000093750,0.000093750,0.000125000,0.000125000,0.000093750,16
1765354199.0776544,2025-12-10 16:09:59,0.000000000,0.000000000,0.000000000,0.000000000,0.000000000,0.000000000,16,0.000000000,0.000000000,0.000000000,0.000000000,0.000000000,0.000000000,16,0.000054688,0.000062500,0.000031250,0.000062500,0.000000000,0.000054688,16,0.000046875,0.000046875,0.000031250,0.000062500,0.000000000,0.000046875,16,0.000070313,0.000078125,0.000062500,0.000062500,0.000125000,0.000070313,16,0.000046875,0.000046875,0.000031250,0.000062500,0.000000000,0.000046875,16,0.000078125,0.000078125,0.000093750,0.000062500,0.000000000,0.000078125,16,0.000085937,0.000093750,0.000093750,0.000062500,0.000125000,0.000085937,16
1765354209.928801,2025-12-10 16:10:09,0.000000000,0.000000000,0.000000000,0.000000000,0.000000000,0.000000000,16,0.000000000,0.000000000,0.000000000,0.000000000,0.000000000,0.000000000,16,0.000062500,0.000062500,0.000062500,0.000062500,0.000000000,0.000062500,16,0.000046875,0.000046875,0.000062500,0.000000000,0.000000000,0.000046875,16,0.000078125,0.000078125,0.000093750,0.000062500,0.000125000,0.000078125,16,0.000046875,0.000046875,0.000062500,0.000062500,0.000000000,0.000046875,16,0.000085937,0.000078125,0.000093750,0.000125000,0.000125000,0.000085937,16,0.000085937,0.000093750,0.000093750,0.000125000,0.000000000,0.000085937,16
1765354220.774928,2025-12-10 16:10:20,0.000000000,0.000000000,0.000000000,0.000000000,0.000000000,0.000000000,16,0.000000000,0.000000000,0.000000000,0.000000000,0.000000000,0.000000000,16,0.000062500,0.000062500,0.000062500,0.000062500,0.000125000,0.000062500,16,0.000054688,0.000046875,0.000062500,0.000062500,0.000000000,0.000054688,16,0.000078125,0.000078125,0.000062500,0.000062500,0.000125000,0.000078125,16,0.000046875,0.000046875,0.000062500,0.000062500,0.000000000,0.000046875,16,0.000085937,0.000078125,0.000093750,0.000125000,0.000125000,0.000085937,16,0.000085937,0.000093750,0.000093750,0.000125000,0.000125000,0.000085937,16
1765354231.6229668,2025-12-10 16:10:31,-0.000125000,0.000000000,0.000000000,0.000000000,0.000000000,-0.000125000,16,0.000000000,0.000000000,0.000000000,0.000000000,0.000000000,0.000000000,16,0.000062500,0.000062500,0.000062500,0.000062500,0.000125000,0.000062500,16,0.000046875,0.000046875,0.000031250,0.000062500,0.000125000,0.000046875,16,0.000078125,0.000078125,0.000062500,0.000062500,0.000125000,0.000078125,16,0.000046875,0.000046875,0.000062500,0.000062500,0.000000000,0.000046875,16,0.000093750,0.000078125,0.000062500,0.000125000,0.000000000,0.000093750,16,0.000093750,0.000093750,0.000093750,0.000125000,0.000125000,0.000093750,16
1765354242.478319,2025-12-10 16:10:42,0.000000000,0.000000000,0.000000000,0.000000000,0.000000000,0.000000000,16,0.000000000,0.000000000,0.000000000,0.000000000,0.000000000,0.000000000,16,0.000062500,0.000046875,0.000062500,0.000062500,0.000125000,0.000062500,16,0.000046875,0.000046875,0.000031250,0.000062500,0.000000000,0.000046875,16,0.000078125,0.000078125,0.000062500,0.000125000,0.000125000,0.000078125,16,0.000046875,0.000046875,0.000062500,0.000062500,0.000000000,0.000046875,16,0.000085937,0.000093750,0.000093750,0.000125000,0.000125000,0.000085937,16,0.000093750,0.000093750,0.000093750,0.000125000,0.000125000,0.000093750,16
1765354253.3516483,2025-12-10 16:10:53,0.000000000,0.000000000,0.000000000,0.000000000,0.000000000,0.000000000,16,0.000000000,0.000000000,0.000000000,0.000000000,0.000000000,0.000000000,16,0.000062500,0.000062500,0.000062500,0.000062500,0.000000000,0.000062500,16,0.000046875,0.000046875,0.000062500,0.000000000,0.000125000,0.000046875,16,0.000070313,0.000078125,0.000062500,0.000062500,0.000125000,0.000070313,16,0.000046875,0.000046875,0.000062500,0.000000000,0.000000000,0.000046875,16,0.000085937,0.000078125,0.000062500,0.000062500,0.000125000,0.000085937,16,0.000085937,0.000093750,0.000093750,0.000125000,0.000125000,0.000085937,16
1765354264.1766524,2025-12-10 16:11:04,0.000000000,0.000000000,0.000000000,0.000000000,0.000000000,0.000000000,16,0.000000000,0.000000000,0.000000000,0.000000000,0.000000000,0.000000000,16,0.000062500,0.000062500,0.000062500,0.000062500,0.000125000,0.000062500,16,0.000054688,0.000046875,0.000062500,0.000062500,0.000000000,0.000054688,16,0.000085937,0.000078125,0.000062500,0.000062500,0.000125000,0.000085937,16,0.000054688,0.000046875,0.000062500,0.000062500,0.000000000,0.000054688,16,0.000093750,0.000093750,0.000093750,0.000062500,0.000125000,0.000093750,16,0.000093750,0.000093750,0.000093750,0.000125000,0.000000000,0.000093750,16
1765354275.0238748,2025-12-10 16:11:15,-0.000125000,0.000000000,0.000000000,0.000000000,0.000000000,-0.000125000,16,0.000000000,0.000000000,0.000000000,0.000000000,0.000000000,0.000000000,16,0.000062500,0.000062500,0.000062500,0.000062500,0.000125000,0.000062500,16,0.000046875,0.000046875,0.000062500,0.000000000,0.000125000,0.000046875,16,0.000078125,0.000078125,0.000093750,0.000062500,0.000125000,0.000078125,16,0.000054688,0.000046875,0.000062500,0.000062500,0.000000000,0.000054688,16,0.000085937,0.000078125,0.000093750,0.000062500,0.000125000,0.000085937,16,0.000085937,0.000093750,0.000093750,0.000125000,0.000125000,0.000085937,16
1765354285.8729043,2025-12-10 16:11:25,0.000000000,0.000000000,0.000000000,0.000000000,0.000000000,0.000000000,16,0.000000000,0.000000000,0.000000000,0.000000000,0.000000000,0.000000000,16,0.000046875,0.000046875,0.000062500,0.000062500,0.000125000,0.000046875,16,0.000046875,0.000031250,0.000031250,0.000062500,0.000000000,0.000046875,16,0.000054688,0.000046875,0.000062500,0.000062500,0.000000000,0.000054688,16,0.000039063,0.000031250,0.000031250,0.000062500,0.000000000,0.000039063,16,0.000085937,0.000093750,0.000093750,0.000062500,0.000125000,0.000085937,16,0.000085937,0.000078125,0.000093750,0.000125000,0.000125000,0.000085937,16
